100
14959
26920
41657
6281
33819
22805
1079
10244
36859
25247
25678
10250
27154
44875
24668
26921
14801
8139
20177
966
38922
35966
18402
25893
3769
31950
15200
5742
13603
32007
15769
28561
25278
23778
1194
9097
46582
2272
35692
49792
27519
11369
10041
4672
22596
1060
47944
37396
9198
18121
4713
14471
20438
23115
6716
24207
5064
21915
29948
35019
20273
12068
29931
45551
35845
31124
4647
48778
33396
40338
48569
27266
18058
8610
48289
40653
26021
46232
44401
35219
30704
49113
49689
1142
38579
6404
25348
9995
44671
21647
45013
14943
33714
41295
10493
35911
22419
31491
34688
22166
