100
20953
3935
32000
47151
6483
10712
12886
13737
47344
41882
15177
30573
24714
28100
47836
34101
44595
48486
2129
833
46238
10085
17288
26672
19471
4033
40842
41491
23108
31222
5360
44061
1508
3712
7563
24342
14423
36800
4430
28119
28682
19607
25043
19747
14058
22878
20199
8652
37715
22328
25836
304
48764
9475
26975
18234
13508
17816
26076
36615
15390
47788
47027
16897
1499
20941
7591
32273
7741
12020
10391
2774
47978
1786
22520
12035
24663
42718
37039
28730
31397
29226
29033
46513
38701
6008
14746
2208
40175
7174
5174
21916
4961
18553
5165
6459
5845
12755
38731
13585
