100
15980
21576
46529
41687
29569
25911
48191
41821
5315
12088
25729
28637
46139
18981
11098
2433
2611
6688
42203
13541
25290
1215
7670
26522
9785
3831
4351
3207
40542
18817
35645
6521
40392
48526
48207
36312
40788
12750
44484
46102
41189
20212
24738
37327
39192
2188
6112
8155
8875
48314
21695
516
15881
45716
27038
25665
49546
31388
45223
6439
16556
47219
12960
23300
45744
27518
9611
36532
40267
20447
32633
47807
40658
23723
35134
46202
25910
7597
20708
1136
22262
42402
1651
38142
4469
28688
30158
20367
26428
41732
26805
9335
5303
39764
32634
17398
17282
8597
3929
23900
