10000
36721
32508
4952
44697
15157
31612
13576
5317
3085
7000
16204
48735
7584
20097
44579
45599
26353
10327
14969
6826
8488
29956
10367
7887
328
35445
42507
42443
46954
25348
24171
26
7855
45474
44723
39363
43437
24650
44679
46522
31649
10882
45256
5584
47331
39834
17534
40035
16512
32503
46861
41351
28810
23579
15589
29137
9023
24447
37931
22328
49794
12101
22354
24000
7575
33428
13363
1011
8077
24393
13884
6078
35275
25491
28013
48957
31676
45547
38991
48187
44401
2203
5889
23210
25782
21477
18698
1156
45924
6628
23484
12069
35081
12189
36069
9007
45616
15783
26369
20044
40175
40253
26121
41801
15743
20486
7109
13771
32384
12452
11957
26784
14654
34198
16345
6787
5674
1394
7943
1597
24373
47778
30018
9453
9966
16086
18459
5581
48220
44828
25624
38394
1432
18097
46547
33526
38582
3655
47296
20965
16106
25605
14100
47112
26154
46796
3898
31827
48189
28192
49776
22561
25969
29793
48366
35934
12230
33176
7866
10449
44355
33490
15194
12138
1586
28092
45664
6519
31747
9311
43835
14204
1267
7934
11315
27420
4729
31565
25599
19269
9756
25374
8181
35725
21518
6546
38010
33747
6074
45876
10547
428
29365
42092
12566
47302
36536
24581
20172
18282
33891
14006
48837
1510
21939
26504
28929
43019
8068
4527
28639
34175
46252
36819
19899
17769
9717
7909
17867
15790
20136
44765
16217
49500
3209
45134
13153
39744
19714
33324
24377
19957
13681
23213
21466
35619
16068
16746
44989
24135
37625
23627
24662
33876
26797
44560
17997
36513
18820
35863
2302
38955
46980
34871
4806
188
46356
34310
39931
32422
33985
14307
18730
47665
3871
40195
49635
19939
23292
44623
10425
10916
34601
35086
11144
11398
29646
29140
14262
14817
31354
16564
20124
28333
17786
41281
44872
30493
25591
34802
12914
9575
15460
31643
23592
19331
38189
23226
39269
11481
34201
49693
38748
18801
34779
16243
46550
30776
45382
10812
11944
43088
43727
32067
37772
27864
39700
32644
8356
31642
33797
21270
7568
49257
2912
31159
18587
7453
4385
24207
35285
38585
40251
24032
23737
25029
40275
20287
22156
2008
47450
34100
45095
7528
32518
32867
35391
22217
31862
10098
3858
15658
47719
11426
31266
631
42584
49852
24435
13320
40410
9719
1904
30661
102
25641
22041
40376
12279
44197
8736
26080
28296
3830
33607
10813
3048
35349
49382
34909
45446
3239
16919
43165
31016
48184
10147
39952
14388
933
3271
4797
10651
21527
1809
10752
13519
23850
17480
25797
18046
26215
18228
46341
30044
1834
23505
49444
3534
22886
704
48979
42477
17622
8495
23492
32158
34993
13443
46545
35925
33066
17693
46575
4592
19502
23679
18110
43351
41158
10258
27748
17372
28485
24088
13767
46670
13944
13210
203
36830
13914
15533
45658
47887
40380
19149
30044
25372
48944
26588
27649
32009
10633
24223
2952
30134
14253
37413
39836
5410
47670
17583
22781
26154
8022
2900
39175
21965
16109
39377
25146
46374
4909
20803
44261
45288
6304
24304
37012
5247
17244
14660
3607
27876
5234
22910
24361
19487
10322
14196
41248
7991
31778
30381
496
6151
33280
39670
28115
49388
45398
19613
12114
16658
6767
6374
11946
13070
47029
15309
34668
30624
29968
38274
24851
1553
11183
49211
37391
37856
29758
28639
45846
27887
9019
12693
34037
42298
2362
28504
8037
14111
48116
20150
30769
4882
42875
9066
34304
39904
24374
18971
36879
20693
23597
11730
38597
1131
10940
25988
38987
40698
4626
34832
18584
29996
13877
18973
22293
32590
47476
46681
46701
11943
16831
27469
33176
9705
36534
17479
15960
27259
36450
2839
14303
26398
30920
2899
27528
41859
28886
16514
48908
49863
17698
33844
29858
31574
2816
18502
14163
16643
15183
10863
44937
48365
4683
28112
24421
7568
45591
6733
34826
48392
25923
49128
24789
6842
18379
2316
48700
47264
35182
13960
47127
2879
14155
43336
34452
33322
11838
14966
49964
43372
25829
44900
8088
46863
39363
48860
4431
34953
5592
5608
49696
31514
4736
24484
38355
23114
43152
3407
36729
28333
33718
207
31211
47872
43543
32014
31193
21732
46979
47508
31455
39159
8759
5894
36022
14473
4753
6804
15778
10345
12411
15473
8210
33498
6309
46565
22963
15812
16323
9692
44144
40
9898
41706
47911
19792
40071
45455
7875
3401
9314
5681
42560
34424
11574
44933
48896
16327
1736
14673
43023
30498
46498
1232
13996
2806
14148
36958
18617
30470
46649
29112
46861
22899
37169
44771
9042
27239
6577
33269
30639
32242
38949
39550
33017
16875
834
31913
49553
18921
12937
42575
49419
9434
10158
13414
28591
24306
371
47207
21127
13372
42670
17988
2622
29838
29110
11663
7076
2039
44931
4067
34280
232
9968
17297
17106
10802
15561
16658
29722
28497
25584
29140
4283
35741
8905
32873
26398
9276
46432
47525
22647
39101
15512
41620
18939
10973
3282
42366
13011
14565
46432
13643
31148
22752
30939
48253
49905
12851
31262
29626
7699
6845
25118
28333
42585
374
11206
35335
9649
7637
32859
48647
46737
14722
40266
15675
25694
9900
24393
38705
40816
37176
18699
21963
9927
15989
36567
9831
28839
17828
5809
2889
24672
47278
31222
33608
47651
42427
18942
23652
16415
18152
38650
13151
32873
45268
45178
24919
21519
35922
29975
12334
23097
48673
34296
33024
14661
20862
9206
9851
5041
31366
12739
29712
28643
43960
29671
42646
2738
14965
32649
19152
33116
21298
48655
32341
16565
10184
23611
38083
46105
3585
16768
19201
18609
1063
18576
49621
38276
44134
9471
43316
25499
22209
39379
20494
32521
19050
13139
1610
366
45787
20762
33481
33436
35768
32173
1
45951
22135
4435
8407
42071
21203
27607
10679
38617
12535
10299
43245
6668
36121
36560
32166
24682
25939
19011
7202
11340
32149
25163
11705
44287
45924
11537
27723
48043
10062
44075
10345
32196
48509
18751
24267
36063
12710
1297
41032
25244
27948
34276
48263
14068
37187
46780
38749
13125
15791
12302
40816
14291
37465
18872
8578
49740
30409
36300
47783
6822
30374
8127
5369
45234
26878
29635
47649
5939
47284
38680
31182
25231
22955
45796
39298
10141
42575
28047
39618
24717
6700
46785
39008
44164
15657
47585
43904
12417
236
41686
19238
30609
16164
24606
25842
43041
20593
39842
48979
34228
28521
46512
9458
17827
8659
15107
44320
17586
9505
33937
42302
16205
47073
31309
10368
12729
45245
4271
41497
45480
12308
10734
42440
28472
1692
34634
37864
38636
24475
3195
22863
2996
16058
48672
20822
24717
13778
15141
42302
23283
15429
34603
39487
28854
32264
49854
41582
43860
20477
33079
39340
49136
10164
31779
27607
28207
16412
31823
33194
40887
35017
6056
10234
1074
4727
31055
42142
34857
12548
34443
8139
44328
35398
13977
23181
34013
30182
31115
27872
17010
30545
17211
16146
40708
15342
43752
35267
48105
41926
18460
5343
26942
40868
15576
44368
45594
12983
36509
46802
41882
37304
4940
2561
39053
35268
25742
23065
15450
23208
17288
32459
3752
851
48604
10811
16192
8708
46077
30648
633
30889
35991
43927
21756
17918
38294
17349
30900
41154
30503
22781
44809
1794
41694
33861
37062
17435
23277
18863
6994
40565
1321
10745
41415
16277
37907
23958
41336
33984
20957
41968
14872
6947
35894
36627
24865
40539
20327
22116
48045
17181
11249
42853
18975
2942
43066
6036
36728
32694
41250
43721
39610
42570
20817
47376
25198
8723
37685
16533
9058
8642
24853
40281
15588
10746
43259
6804
17637
13586
28920
32033
47118
6520
41237
16092
9461
34302
38479
46188
33348
29728
6260
22957
38650
27076
36685
13847
35798
24369
46732
44856
33010
21584
35136
14950
48681
28395
38105
16317
8332
33376
14701
5449
39895
5938
37893
49355
6591
26371
11894
39938
22451
18153
29247
11100
45228
15931
41298
47378
40299
38029
42233
39661
9612
43720
20962
8293
38466
9066
40961
13149
42442
5662
34950
48688
11599
39194
14395
18189
15564
26288
24479
4366
44441
3725
31817
6020
36007
23115
3397
42657
27495
11981
32317
3459
22053
19630
28103
10518
28696
35415
40019
37489
41076
41320
36176
19026
30513
570
3567
12428
43210
44397
16794
4002
48121
48610
10021
479
38076
29770
43135
31923
41750
41804
35381
30154
11433
13483
7024
6480
48897
47042
43968
6325
38361
46496
41702
18873
13417
11620
31300
6626
6016
14445
26979
20488
29407
37000
20966
17482
33121
14101
49404
41222
22256
1136
21376
33688
30970
28399
40168
46219
41792
487
2543
30152
13334
10596
15376
43103
22216
46675
49728
28231
27472
43059
48719
6878
30058
19684
24359
29530
136
40115
20751
22391
7602
42126
6079
38572
36876
12598
34790
28667
29436
3684
25170
42770
14279
40545
35872
36494
3572
1951
31077
31043
45009
29795
37920
41418
15830
28630
20947
32318
35096
8050
4708
42698
16527
27138
31269
3403
6087
32410
48421
35523
36093
23591
44644
16723
14135
46867
3217
34058
15169
645
31452
26530
30439
19371
17947
12620
14353
5246
44937
15800
29647
15997
8497
46173
43134
6117
15927
15573
4878
14348
1095
40970
37938
12090
7693
18424
8956
27261
18834
40476
27905
285
17005
24695
36008
34952
3666
360
6549
48603
16159
36195
30951
41008
48719
24084
13476
14646
39656
18354
45345
7102
9323
49634
35543
33367
34409
44498
26979
3242
34974
4883
3527
18330
45929
5886
3281
49595
6245
26181
14549
38755
28727
45499
46114
27446
35934
9590
8443
41942
27943
3787
15395
3617
3420
938
36984
4180
11787
13962
7422
13112
35197
27300
31442
47477
33185
1074
47071
5781
27255
27971
10887
22333
39821
7001
49778
25755
16590
24572
34048
10884
44710
49442
14500
14481
379
17835
18661
12166
48149
26082
25277
33345
3381
6718
47173
2917
7792
10596
8697
1398
38566
19583
23730
28387
26583
39860
20493
9524
14431
4540
20407
9141
3981
1259
23621
4360
19093
42281
32877
17241
34714
8153
16937
4446
14871
14110
7362
39014
24705
16058
40411
13270
1993
30492
8008
44927
20351
28500
4451
34782
49391
41209
10274
3372
42467
246
24083
11560
8879
6959
28800
43592
31463
45737
48038
46333
26198
21751
1698
902
37809
8460
30523
6153
38952
38531
1079
9302
33382
5529
10435
49125
46738
37060
18848
39204
37306
42930
17115
46184
16240
12267
6127
47702
24355
20516
10387
552
42267
28436
1453
46427
36896
48327
2579
25847
3209
3657
35148
2943
25538
11935
2067
22275
48994
20914
27830
2651
30195
11297
48834
46434
23563
21313
10487
47917
41828
37225
14820
34094
15661
32624
30520
2556
30950
33098
28402
34159
3107
29901
37101
28644
8187
39167
17270
7181
26432
45099
9831
6626
22747
25017
19411
46309
46329
46249
10577
4508
33474
25396
38602
15486
8019
35473
18041
38969
18571
12794
39479
21677
9046
26579
320
17233
32097
17589
24413
24880
29039
595
31505
18138
25611
17267
14446
38291
29867
41375
42799
13340
33122
47752
45177
41141
33224
13217
46461
1794
42362
2291
39822
1408
45221
6493
18640
27317
40433
43052
18548
35824
9998
16404
3961
1961
33670
34758
40251
29888
26132
49401
9580
9254
47152
4756
16746
30376
17973
29558
48521
10334
31848
4695
28093
27068
11187
46732
20736
17972
6135
39283
3795
16133
5686
7755
18093
5707
8864
24695
1946
34996
24096
11525
10601
37599
16281
43698
17974
605
23255
32847
27290
5102
3893
5383
48521
31431
2114
35608
49402
8249
24890
19548
40733
46927
43654
25177
18985
2518
49871
20930
3865
23966
48807
14465
11565
15087
8162
45890
32043
47768
45088
9332
19221
48980
14714
17741
46763
33180
3348
46164
7780
44589
32064
14864
7867
25717
40040
43203
28234
39910
30484
32098
30228
29290
12914
41792
10728
37427
4033
42770
35194
15473
2102
4414
30804
33167
38506
27566
32698
8205
40082
40477
19145
22145
5340
27011
14213
45379
36565
42447
1641
17049
40896
31868
46338
20162
40011
7066
7588
10395
49835
9134
25867
18288
29899
6671
17807
34757
588
504
42961
7021
40981
28458
45517
12672
5468
9730
24403
8385
18528
26043
25433
25775
7910
21770
45936
14272
45187
19876
24666
11374
45361
533
46013
41611
23555
13819
26367
40494
14323
35680
47515
21655
14137
9383
678
35956
19112
25080
44340
3991
17474
19772
46118
41735
7894
42053
6006
19432
28280
30672
30805
39992
47556
26818
31603
21110
6988
7969
27955
21310
43648
41821
9316
24136
1204
9994
10092
36667
1425
4431
40658
35251
40555
36775
26985
14800
45179
49343
34231
39811
30014
31388
29802
43921
8205
11404
31382
31544
35725
9336
2854
45724
1157
28521
19860
2360
4866
29951
39026
6291
733
46035
41541
7639
32809
34877
22438
44340
34219
6669
34150
14232
38056
30303
24504
12612
8059
5885
44155
43783
15221
13360
39506
32729
41881
25717
35088
46746
5667
40465
19388
22752
36500
27280
30390
35660
12157
2828
46351
46375
9496
46852
26959
13903
27155
1462
26514
35213
23699
20668
45347
38919
380
34852
21647
8612
26921
23086
21709
32587
29902
41097
21690
16401
34728
2080
18413
46884
21259
14763
9611
47106
11615
2921
11008
38769
4382
37521
40333
28080
24540
35679
33350
41271
36882
21348
49882
13802
10785
21591
12741
40687
29039
782
23439
13766
2861
41851
27002
40471
6614
36612
37576
18228
39532
48583
23348
10265
2455
30032
4697
43347
32062
38046
34617
35295
25746
851
15449
2882
22441
44541
43568
17831
45322
33359
31596
14535
25209
8597
5005
48174
45208
8933
16401
1091
23867
6100
11356
26322
2483
16052
36020
34544
20449
36988
36191
12546
37838
1639
15428
26630
12531
25347
44460
7852
8705
26056
38738
33914
1004
43743
48439
46212
19027
14840
13654
42893
37291
25009
19214
6126
7412
21585
40669
27861
8573
43211
6758
46410
11201
38537
23040
23731
13884
33851
31583
38940
9906
36672
39205
10910
30414
37644
23473
15792
18835
37126
8685
6125
28487
44250
12250
35898
15835
19271
30110
24407
28833
3220
37168
40034
41756
26559
13764
5639
10410
11698
44579
36667
48370
33783
13928
45135
21426
37400
10927
6612
40878
19611
12737
35716
13860
41338
37965
46046
26960
18075
36804
5793
37646
23972
45826
29401
16882
25941
35040
43643
37639
45970
30310
36008
46104
10589
31142
33882
14341
42068
40493
5218
28030
19581
7285
8242
27271
45249
4287
4230
29675
41091
26374
17320
31414
38551
46721
48295
14492
48112
8290
2130
10433
4951
4489
6536
15539
1982
6769
29879
10402
47262
1448
38431
33194
8732
46672
10464
20333
959
31046
7
8401
7419
17327
39814
12322
30399
4460
26813
28510
12749
45294
38942
17699
16134
11829
33238
18115
18598
29468
28516
32211
30916
16947
15404
5999
29970
25868
26331
47280
23265
42690
5680
47035
10016
11845
9356
40414
16305
2520
35275
29053
14165
24216
13104
30298
36044
46341
48413
20993
42160
43280
3203
39427
26578
18607
45426
6548
10826
38108
20179
442
30797
25859
47476
7164
37703
23184
13929
20359
25703
49203
49412
6220
39770
28867
36517
42166
25207
1281
13158
33718
44561
32713
23145
21138
17671
34922
44037
28496
23029
14216
45289
20178
6426
42764
43693
10480
15947
23974
30839
8002
39528
46602
14221
29298
25468
17089
37815
17026
18370
17324
743
29282
36
23887
16771
17706
8808
10808
12553
48189
41375
7841
34718
47800
16957
28410
8279
49255
18735
5469
7256
8263
2070
21476
37560
43889
4917
41726
10914
39638
9049
28009
18919
25437
1895
35689
9494
27055
12848
22047
41595
4222
46239
26312
2021
29547
21073
26652
28802
39808
32120
36057
48070
542
23885
1981
44430
28801
43706
5344
18438
19106
33352
3708
44542
1598
5748
4036
45004
18596
42434
36598
39169
5024
29261
7542
34571
16686
34193
13372
6493
32664
15780
20914
33205
6016
39246
27635
1168
32951
49330
35957
18408
32681
39664
12950
630
45412
16985
11986
30359
9418
14935
19527
14441
44196
43420
15363
27233
27612
45086
33725
10276
10866
20990
9832
16881
10235
37466
18049
9537
36795
20357
27944
35827
10021
7245
2809
21784
24229
14794
18494
49998
29728
4372
30791
40275
47792
46153
17507
41755
41239
17583
18382
18456
38572
28214
1688
15158
15679
36088
41046
2474
6445
18990
4652
16465
26234
7460
4600
16815
22253
39445
33164
18333
43816
13954
8607
41607
26459
26114
49714
34049
43696
18095
2504
48620
46308
4191
13777
11987
40279
21175
30812
46723
6516
1815
29539
32749
25627
490
15915
47879
39934
49079
32563
33749
29384
41170
41708
5842
33635
41421
39890
27330
25867
42393
25949
22175
12936
6078
513
3214
27252
47676
49936
33767
15842
45826
32867
41468
46315
15134
5699
36248
30564
38261
36348
9947
29430
44407
15789
13064
35827
5678
6746
28046
14423
49046
220
27358
21475
17084
30571
15078
31111
46858
15196
46952
9035
48063
38420
5349
29548
44118
7948
10111
48730
10647
20057
44512
5054
35845
23927
7232
7875
30672
35277
38649
46070
1848
16006
17544
18931
12928
32622
41
26137
47817
13345
35171
12231
18116
6871
8130
12233
31170
18240
27314
41816
38297
21825
46869
40493
45752
4101
14719
26423
39377
3367
38844
41225
35724
6388
26507
15003
5361
42900
41139
19529
6244
42661
48112
24359
15883
6241
2943
47052
24481
30256
38868
29129
2081
2088
35973
47832
22540
17044
40606
11917
36762
29450
19493
22486
2189
45999
3840
7549
5250
44979
43429
11493
3991
41540
2203
19874
47781
21497
16925
38613
1753
22144
34093
20185
40584
20065
34368
13123
3460
24973
41391
40222
20774
10883
29059
39314
23234
32898
46862
44835
44228
6643
6328
48219
48182
24882
18092
12314
46379
1368
926
48131
39864
35018
34667
46799
21435
19034
9921
24894
10358
17664
15115
31132
28546
10525
20445
18131
43423
33659
12966
37650
6653
35645
2220
4834
26878
20311
17148
23256
38031
18073
37738
44246
19443
22404
41044
40877
7789
17316
32122
18147
34979
13589
15630
29877
24113
2426
48007
17535
2436
27324
21537
9088
29320
23756
13922
6198
10419
47421
29453
14801
15493
33543
9046
1287
5946
89
8515
13735
17404
40637
48233
2383
4225
13862
32259
28337
16287
46617
12224
18723
40293
33760
27810
35964
23867
8083
42161
34285
5503
37966
49085
37348
37860
24482
38634
10157
40922
47149
23891
24678
4137
38475
27060
8361
2336
25670
3049
34975
38638
15272
3697
45282
15383
47858
31246
39250
5941
39758
39886
27795
44075
5323
15142
31934
29804
20128
42091
20726
17276
32333
45403
37764
20808
38814
46124
39495
30835
15524
24469
35824
30796
44517
31106
12530
42375
28703
18131
14667
18460
8017
42461
12535
13339
23955
44468
9494
44082
2910
30219
11357
35243
41973
15472
22402
47138
11595
11896
27972
43470
36365
13796
40617
30881
11253
3147
39607
39955
21277
20625
8414
45645
13086
37300
25335
37040
48120
34829
47473
1029
31399
8829
2623
39724
40652
25024
36861
2246
36920
14833
45715
39636
44980
36332
20516
6232
5830
26475
12538
43458
47099
37303
39103
26536
24603
30789
29927
39074
15617
27399
6454
13368
2579
9077
3091
43230
34100
39951
11827
37371
21135
7542
27006
16114
10225
13874
38697
32406
40348
1234
25863
37446
4889
31317
30334
45843
12106
10260
34916
27722
37659
41369
7441
6589
445
10531
49819
897
16834
11645
38267
37968
35538
31625
4082
12114
45498
9130
44519
35845
26716
20382
39642
31604
18050
19975
27446
30155
30235
12361
24229
34245
20081
31669
40833
36878
42200
40651
37774
9033
18648
42392
13352
4185
24016
17433
32651
35865
42915
27169
21709
19630
13902
27703
1233
31952
47677
45030
12106
44263
23742
36334
28507
43822
34355
35692
30699
42906
42694
34824
18290
11341
43568
31641
31878
33935
15426
14528
19800
8340
8048
7860
44321
38302
35562
11905
20253
33239
6934
48710
43853
30675
1396
22360
40848
35750
8051
37899
45007
744
39074
13296
28437
32641
44936
10314
32928
10361
41193
2727
35052
49240
26938
29372
37541
12500
7628
24145
12090
14561
22855
5942
11587
40602
44653
18787
42703
19055
6685
37709
36151
45758
1004
14587
44751
12291
41252
27678
39004
32444
46756
24055
31683
23693
19779
35576
2544
27406
9720
14633
8319
48926
36927
36257
39527
31579
5043
48581
16986
11727
36289
3136
23837
3644
17722
18587
15935
8973
12616
4938
7768
9371
45344
39450
49415
31474
41377
1959
25232
17449
32943
33550
16374
19869
19806
22253
17800
41201
20833
34785
2927
23474
37920
43115
27117
21993
11701
9403
47317
24316
30692
5084
38
26036
10885
49453
23861
2262
1411
15444
19710
705
15345
2435
20574
1503
24687
4725
42703
11872
39509
11981
35345
43780
5096
12461
32124
16796
21864
29440
7464
2555
34523
23853
44942
45407
23305
35155
14020
41067
598
33729
41772
32295
36164
28697
33797
27202
49773
26499
39073
5633
38479
40769
49412
43574
19582
31535
26722
7797
27326
537
26703
11848
40741
37997
23606
14046
23151
37626
21464
40100
37706
29587
22394
40221
24635
6190
17423
24407
49040
22847
30039
37519
13616
45802
47444
33197
43688
24165
7345
21013
41053
34047
49212
31794
22043
39170
12191
45193
26795
6
1645
30852
45945
24038
21073
20579
46580
4847
11338
45619
27693
41376
49489
7660
3530
46933
7208
47217
37449
14552
34582
28502
48599
145
26647
20641
39314
38837
32186
32460
38842
33830
13312
34786
24219
34384
21717
37150
5582
33054
32769
49626
40781
32257
7286
10662
29189
30845
7879
32990
45397
8812
11491
10347
8956
38137
47339
48270
43325
45876
30729
48518
46057
10392
49656
36628
11127
37724
23777
16708
20777
6545
16334
27909
5154
39971
38571
694
20815
12801
33683
32563
21612
11525
9261
46919
49661
6600
45188
9337
18827
42269
7855
14884
2660
23862
1511
13787
11585
25287
46846
48713
48184
13179
26621
3337
19501
31543
20382
40316
44343
4065
39230
15954
15589
48491
12873
31602
21442
24412
7290
40268
33032
31496
5151
35692
5357
6661
15830
16941
48300
29027
15653
46483
8558
8626
16171
28058
40168
2904
34725
34511
23320
23955
16816
5261
22445
46040
3214
43886
36804
10503
505
19835
41999
5656
21878
13707
28668
37707
47000
43319
33086
29004
6153
41643
37629
38675
19700
44149
41579
4425
28659
14898
44731
11826
36510
33527
24218
39723
43764
11021
226
44268
30855
8576
16275
2733
22282
44943
6791
19281
4613
39876
48285
10766
47870
2265
15792
33922
46413
7370
4698
41423
38620
49428
3249
25129
32954
27466
14852
26717
4838
31429
20984
35692
40004
37259
4776
28637
48553
27919
47918
19517
34146
12554
30282
32016
14818
46074
15937
11231
19795
20634
2653
24766
36413
22253
16247
19366
16070
47450
12434
20907
28878
49769
6599
35233
37027
27726
13869
1931
5644
28138
21448
39790
40691
18081
38157
21861
30506
20445
33091
16653
41078
2095
41418
43842
24348
7664
13207
40417
21465
41992
27676
342
41760
34274
1926
45139
28351
32147
47069
33995
10284
34868
40136
17327
19301
28292
39187
16158
15088
38629
32810
6165
7075
40580
16358
31422
14595
45916
38191
36060
37907
32218
2753
29666
32843
4679
24804
11193
36825
38225
11539
13460
39444
1674
30786
25096
46317
36324
41254
11404
24952
40415
33920
32027
30994
277
29800
11941
46192
34342
48000
450
16559
17104
30116
49401
21782
21271
26946
24958
25847
38484
4770
15291
6510
1907
6738
2826
38231
47991
30582
29534
38406
14501
27912
35751
31130
24064
47691
43673
8405
45690
44123
41316
12794
40590
7068
927
11860
34013
42237
4059
38849
47006
35701
45358
48912
42438
14535
37142
40429
45116
33028
45186
25969
10939
30936
23450
35002
28627
17122
9759
24316
27596
17426
3461
18185
40845
20740
46397
41210
12976
16807
30058
9981
2507
25415
25244
44944
39949
28738
1724
1417
11765
46909
27385
39055
27845
17186
24057
6471
34307
167
47138
28255
33944
16951
12791
24788
37690
9187
15997
665
25993
12406
26997
44851
4172
18592
39795
10473
47329
41518
11889
25445
38427
5625
14500
32623
22810
4908
39093
23468
21426
36230
18074
5369
19532
30865
46508
7221
6403
12505
24237
48748
41262
1233
43598
45434
19825
33392
5906
33505
41262
34146
8950
46040
6122
23449
28662
45283
44708
17754
35102
16133
20335
3176
21501
6219
34040
18008
13439
40442
46864
37676
5541
4478
5260
49139
49911
41436
48882
22168
24941
6495
22665
242
2534
45138
40042
31195
40420
34749
15300
25521
881
1987
45048
38733
8205
29087
23092
37995
35881
36308
25670
7773
40785
30930
6911
7047
22365
22145
45566
13657
28639
34582
13898
31173
29719
20291
28719
36490
5039
10371
12010
22271
28709
23410
27355
3265
18848
16799
41259
21080
3106
33281
28853
10242
30562
35763
33640
19278
7907
45557
32935
2898
46490
13184
34070
26208
33475
29140
12697
4865
5862
41058
27136
34570
14467
4490
4186
49667
37640
11797
20746
40745
45077
49598
17338
25638
1713
17329
44915
25971
29237
44201
28868
25726
7385
29289
1933
7211
8429
30981
12075
30642
38391
39210
15212
19209
10052
35749
18875
47691
47545
5973
4788
42621
5570
38477
34610
23634
22158
45877
49605
1394
40077
28472
27120
13813
24113
45404
37375
48893
42737
49450
29534
31127
5011
11097
16687
31414
46846
1914
29105
44390
7886
244
3363
29807
5072
4324
3441
27229
200
3045
28623
6629
47868
22094
36793
21980
17497
24168
37224
26585
23617
16758
7711
44979
27854
40750
26393
24699
42663
5497
35441
16900
22092
5155
46706
27163
9478
146
4392
26030
19542
49366
49010
33762
21459
35802
22093
5307
9969
9317
31892
49937
26074
5954
44916
20279
46703
21308
11330
5717
43156
13122
22616
31599
18276
35674
8761
44105
2171
29504
36486
21713
45221
35495
21826
16679
37649
43918
21986
13969
19586
3877
13906
12011
26182
25173
32290
22885
12832
9971
44953
5987
23092
33921
37585
7719
19594
12697
1823
21764
8553
4661
9828
3773
40155
31653
36804
27803
41923
25141
41772
11508
45369
22029
39871
21550
47201
38512
10786
26384
48482
5739
32370
21573
39659
36306
29291
9252
15354
47465
47367
40258
2125
7195
44031
8632
38847
47186
2786
47121
22326
10909
24981
17694
32937
14851
5595
46489
19714
16381
22872
18195
22119
21593
6119
28129
24250
35409
3732
39604
49225
1098
46213
17702
8292
6595
26333
13491
3780
29118
26963
26105
40027
1943
10150
39315
33145
15745
2156
2858
48477
25027
21052
20595
12972
27170
15075
37221
28930
18806
43176
44507
36255
39389
12208
44547
45983
38540
24389
16115
34009
1351
8571
24035
19646
35073
29702
2790
817
31857
5648
15645
23235
43051
2591
36206
36573
17665
39779
15502
2822
49306
10008
39076
5046
38567
49974
17381
27106
24362
33495
11115
42065
42065
1501
11710
27137
31202
14499
44305
13058
36498
9949
36293
29549
12539
38850
16121
46555
44980
47974
49376
44286
24334
38452
49331
12900
38425
16711
40006
29139
16557
17472
21203
8622
35324
49264
2110
32878
13762
12767
45935
16612
39067
48579
46160
17958
3781
12280
14512
48760
10253
30240
9397
938
18691
8728
13838
23467
41790
20195
18957
8347
4018
40159
33320
39341
5774
1781
22218
19536
14547
34505
36147
19966
49435
48658
37923
3215
27289
18786
18327
3893
49025
27723
4831
34067
2802
18668
23886
44592
38862
42842
19290
42879
49353
2609
48571
5126
4389
20789
41013
35288
21645
43511
5253
21079
42168
9527
40646
19456
28312
25324
39701
27337
19398
44531
27755
22200
13198
1640
33143
18411
44482
2432
27641
43834
21392
26211
48959
42132
13351
6324
27419
1347
49834
49023
38778
8354
8549
29423
44161
36861
21098
33861
30549
40495
28391
8303
29046
7940
9943
12188
42702
4424
30971
20342
14609
2362
12905
29919
44494
42607
36242
38264
43954
36076
37287
49083
10781
45835
28505
4941
32695
15954
38802
13243
6448
33544
21546
35494
7836
31488
14033
537
2263
45004
37231
16871
13717
16487
46789
8210
25445
33031
46474
35750
35458
112
34832
46238
45946
29688
17530
44993
45641
22683
8235
2089
6227
46132
3934
30414
43971
17966
30950
46233
29321
34532
13103
43038
1018
26244
17599
42815
9274
30424
28564
11083
30535
13396
23672
26481
43083
41201
21473
38724
13884
46059
7164
36462
42191
11097
16875
36161
45414
14176
48746
24735
48708
28200
17772
16077
4443
1722
8891
30068
32146
3807
41150
12680
17202
31173
5512
26636
22374
26984
31711
2609
39395
5226
39070
31585
32674
22296
34097
28088
36471
49194
19174
1530
27394
3297
17607
31836
5018
42849
28256
37163
46655
35757
16195
30208
16930
21706
23196
39303
48690
21258
41911
38084
26484
47332
36020
25509
19627
36468
3596
22449
35662
39121
23979
29407
8769
7937
27594
13787
785
5849
17301
13792
41606
33495
10351
8535
5201
33546
47837
20242
4804
6099
24677
47639
19782
27048
23147
5760
13515
43095
28208
15528
48567
2186
44934
7336
10122
22528
21122
27259
28376
4774
41050
36333
38269
1400
44867
9821
1298
9055
30062
22453
31505
21090
36443
1286
48137
9589
7045
11651
19035
1605
27179
17602
3790
38464
24937
30264
10991
12410
23874
5719
33535
14923
42051
21803
32674
36918
47975
323
45972
44388
22775
43829
15477
9217
45114
13613
35158
18511
41616
4192
20115
35146
38145
40256
23609
29433
20519
952
8194
44392
6670
41729
25666
48720
29883
24692
1989
27858
25014
47961
22245
14141
8141
4074
39709
3254
17686
24866
38116
25653
45410
8230
10798
49906
48486
759
29339
35356
1710
3884
46100
8379
11964
38117
23450
41847
29160
25439
36056
20526
39751
24652
34666
47891
28725
24374
17496
12763
15592
5612
38415
27353
30193
15565
27258
45030
16323
22948
46738
34384
43184
42837
42762
5147
47305
16211
46993
26465
8001
33048
13342
47751
7700
48007
45641
2776
38732
13137
15538
20675
35100
3953
48027
15292
35869
41637
10322
2191
30936
7059
36574
24119
16247
45687
29266
29903
28249
42610
6367
36250
42010
36060
34000
16061
418
45993
18836
39150
9129
34374
26176
10580
4678
40555
25871
40546
48543
36192
9088
29478
9602
12013
3597
25848
7699
49214
5751
2299
8175
28469
4900
184
14529
38900
16244
14946
1244
1432
20447
26724
2157
12975
37303
23186
3529
13173
13731
2071
15717
39170
47900
25318
1182
17848
17518
25232
33413
23268
43882
41588
18088
48782
41771
48968
4033
24367
30266
5276
42150
17064
31999
44306
30038
19301
17491
49918
48825
47573
18340
14541
36742
16240
6211
4275
439
23728
29506
33852
13347
23387
25439
47786
38520
33561
46754
42552
24279
27019
47827
16428
10434
46177
27085
40472
31829
44575
40389
30654
8499
25081
45194
45240
41320
17756
15866
41758
41483
45371
25609
4829
35110
17399
2615
39981
960
15720
32533
25238
9090
46711
8018
19523
42888
35102
26346
24716
29677
33087
21721
38175
8167
33267
49767
15838
1022
15632
7595
42505
27355
49556
13685
28816
33306
32651
35148
34265
48370
17680
25855
23811
30743
33872
43334
39982
18973
36031
14697
15001
19117
2770
19528
27283
36036
35646
43120
37057
1277
17067
45913
44983
32974
25950
40150
16279
8600
25298
16896
23322
9329
9102
13484
40071
42973
23169
30052
28297
9200
11101
43298
28316
30222
12825
21951
16257
48470
31422
19665
16098
14840
31930
27433
47813
7879
33934
30444
16478
25583
13691
6151
34912
22792
19635
41334
32116
42803
37738
10412
18354
15190
20061
46670
45411
49237
34972
11667
47706
16393
47683
30156
47585
29612
23940
45397
37490
7873
42192
20320
49808
22234
42822
1071
45025
12456
42404
43492
21611
46493
20256
6316
11682
40316
2985
7092
39553
4308
35110
3610
37053
32793
117
34637
28756
24056
46385
16246
48281
38577
2917
48088
10810
45738
15510
22187
24546
24265
32030
46156
20758
2285
18823
48791
42601
38160
5883
32153
42467
7344
2114
29519
6488
2231
14155
35244
42638
26892
17841
40918
15468
20757
5357
42629
16494
20866
31167
41039
45131
13197
3546
15888
15481
22369
31030
24433
10528
36912
22937
2994
10608
25051
48865
17095
27281
29371
18690
19918
6262
36530
27188
38081
7286
32544
47062
23780
19762
44580
31170
14892
24128
34716
47131
39609
23436
28160
30393
33963
31424
3330
3308
42031
28380
18524
25477
22012
47895
44167
8281
20508
47048
1820
8589
4334
34364
22002
44465
20477
16581
25634
35368
40709
26701
48850
46669
136
27009
27061
34098
8432
30390
3758
16814
25121
22281
8643
13484
20175
19161
38117
7035
16208
39936
15623
36893
40651
3976
31357
11127
36908
23343
46494
27616
43
45343
40636
16531
38704
17697
16980
13487
14438
20737
46653
5911
43018
5295
35746
29544
24455
23862
36578
7014
13798
18552
10259
20800
22527
41615
31927
25787
31309
44772
3402
47704
6467
10390
14234
45170
44438
31213
25008
8875
18302
21660
31137
11319
26954
16883
7214
17760
7096
10144
41126
20893
28695
1384
41693
17574
9350
39971
43360
40659
34742
13113
38362
41208
23502
18947
2729
17939
16511
27737
43166
34812
15748
40654
46130
42702
7536
19696
26813
14632
29839
17938
1876
24885
35673
9920
42458
45023
49890
2169
2033
984
15282
6746
8543
5135
25692
27624
23074
42202
21712
32591
27014
37459
23244
39495
46512
47132
25542
23325
28115
5380
7614
46342
30265
43287
6262
39074
38309
22503
7595
40341
39838
22876
47086
48381
44362
39129
42356
33787
47682
14067
16377
41047
1525
5973
46894
48037
3104
22435
37713
31218
44167
45326
27559
24431
4964
172
29856
43272
39027
37450
49964
28864
26677
13401
43596
21039
18881
35951
21177
16563
16369
37554
7609
17894
9878
4502
15930
12981
43289
3642
10550
37455
15319
4460
11885
20283
4632
8092
29906
10010
45542
46222
5225
38570
25974
48821
25960
44855
1123
47137
27769
17492
1042
35377
1737
10919
6231
34018
40251
49519
4011
800
36973
19329
5259
15209
39611
26242
39652
35869
36251
1545
32090
41476
40115
8063
6648
16074
19269
7770
29562
47037
41613
30603
32414
43349
41521
4996
27366
31771
20866
31376
48922
24190
17057
4181
5750
23019
46774
45401
8887
49377
46946
40976
7204
3412
15391
13851
35837
34659
37972
15399
31696
45937
46001
30461
39285
3874
35456
33003
1996
22673
30730
918
46862
47786
21450
2611
20805
34575
14363
29691
33951
27660
37019
41154
31071
2409
21356
16908
37067
25680
32306
18762
21616
44658
15574
27252
48531
1029
26606
16879
23701
7336
17796
36914
21473
5597
5876
8629
40171
20239
4672
40474
47898
41690
47979
28969
10450
19335
12228
47516
45014
10885
32630
32981
5542
48203
10232
20425
15584
3190
37303
5636
10525
21450
42550
48349
27046
48425
6978
33568
35015
11649
24041
32913
19690
22020
28233
30139
7706
6812
44006
19071
17696
26635
2051
39589
41190
28634
10013
23125
31823
13667
28760
8699
35116
37661
23400
28513
2438
30377
28433
37452
8377
18825
36716
28066
7196
31300
8204
14901
38111
2209
323
22158
45196
18725
11747
36385
47359
21759
25861
45533
1778
4620
20584
3245
8633
43983
31758
27422
24359
26542
31225
49087
45366
17941
27152
2562
15592
35355
33814
20055
3915
34137
42212
49110
2861
3958
1846
16571
42069
27706
28456
43846
48678
49039
47090
23662
9373
45199
1083
83
21740
32307
49169
33458
16599
26320
2371
48543
11674
36184
18597
31940
36672
10808
31050
5885
31118
32895
22455
23186
26953
910
33383
41982
16300
46824
15643
25672
8375
16725
25754
46466
15383
24922
29923
31982
17593
48645
46876
45618
34829
15472
27558
37852
26279
8607
43736
7396
7853
32543
46933
1157
49804
46667
43138
16104
9843
8780
8127
18217
41856
33881
31034
7239
25154
27309
5572
42747
25953
2447
38364
10781
17918
15921
14985
10548
40879
8720
34296
15084
41262
47580
16240
41066
44247
9378
23521
20441
34509
31647
5009
26365
31879
36042
33603
7033
13350
5526
16131
39303
7972
4494
16435
42241
36767
31419
2788
43997
6491
37083
25432
47752
1015
41672
5169
45261
17401
28689
15701
1909
10336
37061
28273
42214
23102
28227
15598
36452
33752
31728
42106
8075
2574
24892
315
5692
22663
3103
16040
29153
6537
41472
43256
7551
33143
14777
19163
16895
43465
1215
18803
20152
38275
13428
28718
11377
8006
10667
14180
8110
42395
22637
16184
11320
13880
16499
17011
36542
35953
49402
32046
42489
40873
41654
16392
24015
6430
35554
7261
16246
3121
42416
2750
41395
22195
47819
19123
30200
8485
49654
38309
17231
22290
20845
28550
36170
3695
11912
39063
39647
11314
21109
48487
2186
29114
31230
42553
1895
33136
49813
34492
36256
8580
37241
44002
30774
1411
13125
10974
9896
12778
15634
43478
1420
2830
22028
3941
6524
291
43003
46170
11604
30463
11009
30142
9576
42238
39046
11470
25373
5210
45962
27980
13790
49554
21982
44563
17317
1458
21888
27212
30587
37522
20689
48358
40351
9068
2298
13227
9359
45301
25748
37314
25763
36756
17455
1691
45346
22852
13160
37070
28062
25473
31402
41851
41379
3383
36413
8695
21192
8301
2258
1778
12174
39298
136
18876
14718
18785
32102
24076
14085
24202
27741
6200
27309
11548
7890
22654
34399
37401
26076
12460
29226
7477
20662
36956
27211
7075
45650
48402
31727
14259
16531
10252
3556
33018
29127
18273
1803
27581
8700
32239
1782
36441
38438
29090
14340
12679
18096
48738
80
44171
27550
45657
17999
48211
32612
45209
21637
28261
9962
3363
8871
26492
13614
12426
25862
9093
47051
27664
3025
22102
26254
4806
24894
14692
247
39233
27370
34694
37971
43801
45216
31872
39457
13214
30082
22068
24774
1719
16680
1087
21433
25550
27579
35047
4328
19792
10491
17730
13807
13515
39831
40060
34672
14725
4751
1270
3957
48473
35964
8279
8625
47531
6502
48082
27097
36584
36501
1870
38302
19533
2957
26086
11434
46887
27484
15761
33030
37974
33490
46836
17840
39673
36895
2511
4397
7998
20133
24705
22822
22448
49336
31446
19978
5837
45879
47074
8772
32380
15296
13425
18264
34604
39511
29697
47842
16994
45458
30871
4968
45299
27706
39159
34971
30952
41670
5719
38949
28154
46776
11770
601
12463
9568
36930
18299
5446
356
43423
4177
15651
6847
22440
16606
46357
2137
14447
13351
13946
45317
34670
9244
39374
23828
10567
20325
31849
16285
25626
10002
29412
3747
26954
41874
13314
13884
26525
35112
30591
19947
39288
46241
26793
28080
29198
39502
30216
43644
2852
44161
5312
3873
3404
44685
44052
30322
31361
25901
12959
6986
2254
42370
27085
45560
34244
6750
25795
10768
41861
6385
47066
47501
18977
23858
25580
48174
13359
5795
41817
32562
49955
47128
2786
19710
8164
46838
32
39524
39090
12990
12862
7695
21711
39946
3254
5954
46695
29048
33073
4908
1784
46490
2408
20760
36700
27987
18933
16410
33781
27101
48972
87
40580
18109
36148
15095
14946
2531
4619
20387
31872
33832
28082
3583
23777
31335
25888
36823
26735
25313
41730
28518
21802
44137
49278
8501
38475
34562
24911
22255
28015
40234
38693
18594
8342
24841
33689
39640
27371
4659
10026
9243
4842
38107
29177
44970
35794
5064
31792
12528
30376
39874
41045
2178
362
6674
27030
38837
41236
1940
27443
35602
42173
16136
20547
16867
7328
4235
6506
1050
25245
32883
26644
30086
20990
5820
41407
6783
10884
23199
35662
41259
29424
43058
9788
29785
49732
36818
18621
7319
5109
46064
42920
13634
12199
13466
30500
19526
34053
3357
36927
25649
36239
13571
22087
23580
19390
13493
46714
30273
3043
32375
37884
32466
25433
14023
12251
41516
17192
30871
48834
22301
26934
8105
2286
5484
37922
49137
41361
21974
2493
28288
13975
5083
41858
36061
45015
27599
15905
41728
7872
18948
40455
12107
1413
32239
26129
30015
23754
9673
10886
38939
48325
4171
47043
610
26007
34964
49746
17367
23290
18590
12006
37264
40024
20215
39676
35038
47814
5580
43118
22037
24527
33572
34143
42292
15810
26623
22306
5915
2647
49543
11205
971
20066
8247
1580
46072
9562
17677
29790
49203
2618
41796
2818
42642
28362
42493
44031
26175
48073
37148
14563
38951
20719
15057
47594
2880
41680
36252
25146
10678
35794
36350
11649
5859
10948
29580
18282
20510
13609
48072
36064
16226
6219
38882
25219
34580
31374
19250
27107
45798
6397
41669
1101
43468
23078
15046
12699
14757
1297
37845
41786
3443
40546
3434
25653
1494
33014
43935
38355
46622
8358
24418
29199
14576
13299
4418
15507
11025
40019
8965
23174
46415
634
24274
6234
23711
5672
18933
4819
23320
23129
46604
26762
13674
16390
18767
15167
49403
29053
19873
12376
37410
44291
7926
18337
23941
12343
33843
34965
2361
42808
24491
15128
9793
48764
37713
49855
20787
6645
21025
44107
46125
33980
37220
9799
369
5986
41317
16123
35038
11190
44850
38799
21832
2776
23487
45772
31470
7330
47089
183
16489
21579
15310
42633
36694
3022
8839
7481
26019
29863
1587
38495
30194
38806
14645
46915
11144
5962
13037
12533
33503
24239
17684
5334
27014
41170
17457
8483
48499
14545
8665
31339
36123
40326
40323
22817
9700
49161
46649
2070
45375
48235
40564
25569
3392
5209
22483
30887
27522
1871
43420
27376
26109
11103
32709
19474
2272
16517
44309
17123
31062
2973
14813
33536
9651
5136
6352
35702
4296
19352
37771
49671
17586
44686
41591
37330
16246
14073
18216
10119
15943
27987
37494
8404
5441
36554
27877
7713
3071
22185
41187
484
41510
5999
34019
1160
11134
6723
3213
31782
26074
7335
47804
43660
2020
39394
47341
34618
3466
31908
44736
35760
26247
48582
44163
31687
35135
22040
39399
4557
44224
46937
5040
35733
2936
39059
3244
30421
45781
6456
28554
21854
13790
26357
31865
32162
15750
45557
16779
35567
27465
27866
21327
3711
26447
31841
35397
11582
3880
41148
32490
14456
4436
37530
188
7371
42940
19784
4144
38720
26239
32697
26925
6381
25406
8790
4894
41155
4346
21672
43074
48162
49537
14400
18224
25984
46240
19973
3917
16472
27472
2758
30927
31907
40287
47466
5630
33226
17249
9773
38297
9840
8821
15222
16220
34226
40363
21113
41733
44708
9136
34806
9222
25024
15557
27445
17359
28148
13769
37627
44619
41240
40385
25545
23147
47023
23011
45128
30249
6611
21252
34897
16450
30072
118
49021
30650
40480
36485
38734
1540
45620
23539
27113
36996
5447
20909
4354
33594
34678
41981
44565
42269
48717
20109
31767
45739
9471
26894
42339
16082
48145
27236
48883
44569
43705
47904
41570
34185
740
30303
2076
12712
20193
29188
49707
25639
16448
4060
25584
1125
12392
20148
43394
11108
6609
41512
6847
32431
18406
15537
14864
32902
42772
13747
27470
36477
28002
35391
37013
28741
15693
39088
41452
35885
34627
41158
27875
1074
11570
3459
18551
40313
39958
28296
1421
12918
19807
24619
45349
38212
40155
10212
37466
49279
23958
31287
35755
18311
16678
39119
47052
32370
28206
38503
34607
29184
46013
28833
30257
23934
32291
15159
14246
38601
43454
32018
1518
13261
6636
46866
17824
13143
23430
5289
28773
13739
36576
30879
32050
19605
19997
29101
1974
48202
33955
36580
43737
46319
15413
40345
20252
14055
5504
34498
19007
48957
32867
36877
28569
39503
33742
12745
18997
23523
34385
47769
37262
20960
28647
19311
40564
48643
14763
8890
13196
15069
11821
23284
27740
43585
13628
47991
23992
19131
48840
42998
34440
31707
29874
13008
37561
29968
25752
22909
3490
10137
37029
7103
47448
32027
26413
4364
47021
7527
13253
26568
38948
41425
49851
16687
35010
13478
31029
25353
32609
46221
34702
17048
44279
14576
46407
48191
10895
22159
21099
30736
48647
24479
37839
46094
6505
30603
16809
19877
38130
46413
46444
43429
37838
46294
10115
39199
26123
7495
14551
25083
3715
49252
42130
14345
30179
4889
12535
7425
43399
49985
38161
42045
24463
25999
4490
47319
6601
21299
17195
11082
17711
13638
4510
21900
26283
30976
27450
2406
38471
8352
27488
8537
23956
35970
22882
4134
7210
35416
27911
608
1753
16071
42652
42567
8421
47141
39886
31373
34791
23432
8807
18854
3422
13316
7105
29704
44292
34555
48461
49114
42906
42301
7650
16861
44622
30531
37347
1831
32299
15257
2438
34051
47679
11441
26617
22451
24933
32854
3823
9724
6286
12629
44929
9707
42297
2033
5762
2940
36587
20575
2053
45845
12875
26054
12705
23848
6585
16403
25678
38883
48011
44467
39285
45689
5907
15901
18139
30839
15107
38314
6914
21392
942
1842
47450
9590
20227
3211
12529
6813
23785
30933
2657
3011
6987
31714
26858
29923
48116
18887
35157
46127
13353
24441
8167
35611
6693
26306
16450
21799
30971
39715
9542
31912
7909
6991
7854
28135
10202
36734
1299
338
17667
3956
19701
41005
2021
12910
37279
136
31797
22435
12614
11501
13227
20781
47112
36271
13438
29913
24422
44408
35979
33963
42671
43887
40954
524
22021
17507
37258
23320
34196
21276
43627
20248
28632
45647
33158
15910
12134
31306
4696
41100
42806
17922
11880
6269
20544
41669
36181
44965
36076
22160
45280
45098
16046
36233
11974
4419
20091
15583
44090
20638
3210
4068
40886
31841
49714
40395
47750
28199
21700
18797
19298
14505
36718
31177
20774
23613
39197
23306
18578
41624
45465
13857
36722
27863
16441
48695
48633
2883
30629
42722
39872
33838
13141
30757
15678
12854
21151
29779
41052
9202
48575
26702
23707
1644
24230
10832
25256
13427
34137
10185
5050
45954
40393
8123
40168
23185
23169
38800
26067
3797
47873
15939
37634
11013
13047
3311
40218
550
49441
47621
9751
48015
24322
49809
16010
48552
10640
41266
28330
11129
17802
33379
7082
8195
7854
47249
31379
31022
2400
23798
34819
16624
6088
38804
27636
35486
42115
17853
36035
7907
31825
12138
5922
6147
11946
38283
21050
38938
45900
49379
66
13702
49109
23499
38248
6962
37099
35978
4336
39498
9775
5506
6121
32214
44309
108
17700
36423
34312
20086
44330
16136
32223
16603
38634
44169
4885
9683
33106
785
25413
49523
30838
40874
23021
19085
14187
10119
5062
18522
15968
14837
24027
38440
13402
18336
4899
31101
21110
39210
17539
31791
5345
49761
48393
10331
10281
19630
36365
9738
36766
11778
9260
17603
2651
48632
36687
16837
25102
41748
1711
41069
22936
25737
45860
2690
10424
758
142
31534
39967
17680
13324
11664
17441
28069
21994
44073
47698
24710
3811
34463
36487
29422
2065
5489
28054
5103
38678
3155
13202
40388
10576
2490
32476
6435
5179
42900
7193
5320
24433
13511
23000
4108
41526
6792
32176
13519
864
46225
38229
21026
30687
41067
448
49103
12908
28501
20557
1585
48007
33759
8324
8582
2600
40799
15017
7778
33698
38561
29449
24482
2071
18800
44942
43597
41943
27117
23467
9159
39694
28047
30184
20380
35466
46983
35835
48373
41835
22743
49957
39842
6501
8280
14775
25452
15430
29791
33229
15480
34703
29030
6313
3126
47829
1254
13074
39772
44723
36540
48930
34416
30939
45465
21147
32756
42448
6981
31128
34282
29724
47436
40475
2576
5715
5250
28028
37496
1392
27608
2975
36095
6637
9288
39220
20818
10541
2293
26941
21615
5184
25870
6030
2474
21334
27177
35229
30133
509
32708
14415
46584
30143
21241
15512
2209
26490
9891
39705
27882
37498
42679
13976
10487
18318
19547
31304
28859
38191
8244
473
9726
465
22855
12200
38150
16383
13780
18283
16891
46488
49049
29827
26630
20289
45338
28839
46779
5228
34895
41012
9077
27573
4987
19563
45891
40885
17218
41101
29075
41813
7925
38800
42277
30779
17351
46779
47161
31131
15061
30404
27618
30461
10230
20599
749
21919
15789
13879
27146
683
4890
36222
44608
26228
22137
6850
17112
39354
14302
12538
31167
22226
17690
39795
19357
35040
36573
32869
16170
17985
29624
10139
48445
39853
30738
15546
11771
12878
45776
5268
13561
666
7842
24520
43245
29978
31369
26709
35683
45670
5598
16849
34247
23287
22996
19955
8327
9568
2824
40848
43905
32447
987
42349
38652
48076
7894
16774
10953
3670
22042
40865
20687
46235
15384
30283
26212
13104
23343
28246
25125
28941
45095
9372
2227
34442
29326
10553
10361
48501
1401
4265
30948
18739
46614
35951
33166
20859
2724
10470
40880
41117
1335
27918
3703
33070
24553
29914
12526
47895
8160
37650
26835
19606
13373
45414
20399
42699
5966
30759
7551
23718
35024
4850
8808
47989
40800
41973
35199
9876
2443
42431
992
20129
36700
4695
19550
11252
960
32075
9147
25471
19725
2333
11428
33097
47746
31826
42147
20064
28937
49698
10133
13960
4547
18941
28300
11699
27265
13498
21574
46059
22280
38917
16187
8980
9963
35737
20231
27275
17811
45729
19097
3887
14414
30525
3336
12159
28702
45482
48574
7638
11531
25059
37949
32430
10351
16248
44128
37615
46098
32053
33674
18377
37321
16212
43708
47284
1948
13939
40910
36111
26019
10006
39997
40432
6882
43332
18943
1936
5166
17516
25925
33048
42574
13874
15477
2924
46473
25956
6891
8922
24360
6916
43651
11681
23127
37358
25316
41427
1296
16225
43889
27315
42582
237
34098
49464
9921
3040
1399
15086
20556
27323
14485
29481
7548
29962
48757
20373
22269
5647
29294
46629
28914
22944
8309
18392
10302
33624
9818
27949
16200
20058
21615
8781
20295
5713
8244
30215
8752
25994
11652
29307
19669
26136
25140
43568
22449
23896
13940
44718
45894
43234
41346
24807
16177
16006
43198
42830
49629
19368
20779
15828
39425
42393
24608
9719
48105
49204
6285
6857
41549
17936
2515
11217
44072
44006
4785
16520
17901
35076
11237
13794
28309
18934
4952
10838
34939
14502
3667
919
33869
40797
33098
39645
49542
7706
15716
47646
23261
22000
20854
14809
39936
39721
42378
359
33726
13514
33230
17979
48589
10819
31772
26898
29752
3076
4087
31043
17577
7753
31961
17797
14902
15059
23793
14443
39116
39508
28440
28728
27860
49294
43536
34147
5366
2265
34505
39091
15778
34086
23421
14367
44904
21545
7616
41008
24620
11702
22050
8548
35806
20362
42696
707
35420
16488
31501
40887
22348
9941
19614
207
25586
29502
705
30951
31766
1561
36393
13896
35646
9814
28262
30550
31358
2229
21557
22329
13930
9958
30876
49735
30319
39923
16794
32091
22762
48294
39329
45109
24586
25295
11667
171
4796
28723
47473
2913
30283
218
16808
15929
10031
11421
46478
7740
13649
34386
30068
43930
10695
27295
10017
41013
33569
26810
39455
6330
41455
28784
17791
16041
4078
45809
32563
25225
24532
30036
28137
4814
30253
11297
20742
6635
39069
33571
14374
19070
34308
10793
12999
45002
4439
23015
2367
4359
16176
41821
10688
7631
20604
44830
40023
41033
40639
22585
16257
31522
18972
10746
36335
49224
38394
23429
22210
43814
23351
2935
12883
7659
13727
25882
19012
34517
15248
21378
38875
31424
13199
15915
5406
154
10744
11780
41187
17734
716
23795
49255
19688
892
1942
35263
39285
25370
23825
33099
15072
26759
12333
39082
6838
4566
8094
41354
19814
29471
46581
17589
9021
12495
39346
9175
39590
1125
16713
7324
18192
6859
22930
4231
7751
24871
39494
13387
16592
13318
12837
31664
6428
25170
20745
13265
29735
45190
4619
15900
41013
17551
33488
33
46397
22833
25559
35986
40309
8623
9661
8501
15482
32591
12731
39584
23813
18576
2970
40405
48245
32159
38420
4673
7328
25516
17937
3414
20706
38907
19314
11718
6457
19153
28102
2853
41986
20013
5191
48646
28635
14851
23498
10468
13793
2581
51
37606
21156
19373
44362
35753
1531
32781
6777
25210
24648
41065
28623
45353
29972
47936
23422
2780
33441
17876
21985
41778
37888
27175
40423
16522
8377
13921
43342
38522
16501
43392
42479
4008
29116
36840
6112
30646
35972
12888
22207
10619
3953
830
22324
276
15117
12097
3055
48557
29972
41391
40334
17859
34917
47109
733
43294
11029
44074
31815
43881
3817
40645
14240
32933
27484
20352
29930
29807
33239
2137
40425
3543
19318
29100
3818
34434
41197
23225
49343
37520
14615
6028
5379
15884
3136
22463
9177
14164
32888
7343
24396
3056
47987
38636
35988
41822
8987
32270
21628
8577
758
28404
12120
20075
7504
32289
20860
15052
5513
36554
2571
36480
42582
24301
2363
45717
46763
27891
26233
46002
1585
628
49058
15923
5615
1397
24096
14601
33666
45723
23178
775
24126
35297
37201
47981
17585
24413
13032
39450
10966
15603
42281
3547
39903
10995
15616
3018
38885
41848
49019
6821
8827
14428
39095
14442
15825
13190
29042
15842
8912
18571
16617
49389
20219
20169
47370
4156
44581
26753
9957
21899
42355
2237
41797
48610
13231
7412
17979
18467
15611
33349
25287
24438
47777
14381
5231
13601
27570
624
29442
2833
19195
12410
18573
5765
32579
15942
9920
43511
9047
19876
15409
17753
22112
7206
16362
1694
14617
692
20160
46580
34041
11798
37369
48169
26178
42599
11769
20099
43222
7562
39283
28768
36324
7856
34533
35254
40149
44452
28764
49195
30680
44173
16948
19143
17730
49661
20837
48698
353
40996
45277
745
2794
32645
48913
45323
41595
27033
31774
34817
946
21056
13584
37269
45263
14468
38874
1764
25272
17638
958
5951
28162
34257
25093
45891
33918
45929
10940
622
3277
6217
17718
22422
5213
16630
34096
46808
43662
32221
47976
10959
19629
27911
48228
14891
42379
37101
16654
17650
21090
33964
39952
15603
34572
15044
11493
18489
27325
38785
35462
46953
11353
3179
35726
16565
36160
19821
29724
46173
2042
44051
7132
38022
21962
5359
2912
30692
8811
35918
14693
46253
36233
4644
11855
20804
36039
39700
5645
13363
28484
41106
26667
39836
10637
12392
22752
46796
48565
18828
42969
16958
12878
100
4979
1191
21810
24242
31882
46972
10159
46574
43224
46391
1217
21431
17195
37256
11130
22839
16970
5965
30296
9989
12152
7284
38732
34903
4080
37296
20082
13400
20605
32960
29851
41935
34150
18012
16177
16032
14983
42687
28957
24559
5430
30174
12341
38976
33781
23470
28166
17102
45786
24813
27090
7937
32097
15822
9191
36176
3117
29273
15927
40074
28584
45777
32008
12733
30140
14536
45116
45122
7223
40425
36032
29004
20598
48372
17979
20730
38193
46144
37831
33978
20956
14921
8266
19404
30742
33809
21931
210
13081
37857
6635
8016
49985
38643
37100
30124
3178
32216
41598
26752
22640
27629
5755
9589
42353
23733
46670
30545
36228
34500
30875
23536
15772
5492
42939
12865
39300
14870
13075
18732
19078
19709
26747
19063
24703
13847
15538
27881
12414
7135
20984
1405
1116
26739
27345
9820
471
24014
6716
3051
8513
3942
26586
40637
9434
35876
3501
15085
17097
16575
33817
36175
2636
26915
21589
43690
40761
3478
37922
19526
10613
8906
20930
28080
35644
48274
37899
2466
22287
10966
5516
47152
14908
48453
37788
24341
34329
41288
5777
1425
24215
39593
37599
43202
32860
25539
3243
39972
29017
41165
9498
5981
70
46779
412
2065
11405
4662
4530
43
15627
26398
47194
30534
24850
1333
21226
25530
8973
27003
26955
49539
32947
30905
9092
15806
6444
12334
22130
1812
19850
31627
7792
36271
44757
8203
38335
6161
12864
9217
6204
44842
1966
19749
25376
26815
37434
12953
2345
46406
39955
45651
12296
39254
42907
21387
21411
15702
72
43540
17513
19922
41518
41656
6192
36275
16210
10879
42435
45425
20095
14990
40267
22060
34739
15642
15226
22172
44946
33922
34929
34901
45924
47224
40506
38831
34962
11916
4532
35033
5456
22045
21306
13325
30052
27498
49599
46262
38376
8386
41686
24822
39727
31952
13233
40817
13945
44810
29340
8891
45084
14268
10143
41007
27843
648
29837
29156
12563
721
30541
34370
39117
1846
14047
19168
45695
13645
15429
34070
38382
7115
25243
44461
5418
4827
35277
35715
49637
14617
44605
44720
28884
4747
2078
23079
21746
31915
2234
660
48987
32774
1382
38103
972
15428
7270
46666
45424
39051
47088
33806
12517
22330
28266
17934
43509
29894
3648
43145
44510
14604
4216
39746
35702
6293
12824
7447
4559
31409
24459
19897
30535
25840
7999
31506
41267
15269
28171
36690
20671
25258
36847
33187
13940
31464
17472
7448
11358
21120
16944
22219
2075
37511
11964
37777
10155
41139
11575
31066
22548
36033
962
3082
28224
8961
939
19490
40581
45461
22532
11251
20719
25730
44437
1010
7194
28260
24809
34903
15731
8104
7121
17806
45614
19085
21934
5768
10223
33508
36833
49122
35893
37795
18555
14116
13107
19493
49958
3687
14954
22489
31289
2024
48218
42077
19385
21763
20336
44193
6665
36067
2296
13786
3872
14261
32870
25805
20028
9444
25664
23213
8566
11556
27359
27120
25672
40465
12965
41981
10503
27918
14469
41791
46293
29038
33867
15677
801
4202
26221
7465
40268
44868
21250
10491
9128
20471
36295
45507
46267
28311
35071
21184
39866
12429
48303
31889
19245
11267
23869
29747
5536
4689
37889
18180
33727
21755
208
34527
42309
26428
8343
32576
37647
29593
9419
46774
16415
12065
8633
29033
40375
43703
216
46593
22484
48519
28481
8080
26137
18702
4179
48025
23390
42067
32556
23468
13822
32764
7994
6130
25543
32689
5057
13190
12281
14475
26315
45047
42892
34947
24080
33266
45002
40647
29858
33837
39165
24691
41916
31654
43392
12446
46030
33133
4513
28585
22953
34686
11348
47298
7167
36891
29986
12223
16432
8618
43050
42746
3665
35941
44045
44096
35558
5398
34742
31768
5586
40259
6458
13853
38264
16201
26299
34293
15685
30811
29229
38637
15496
40577
35935
22662
43819
32272
1236
26602
40890
10637
35699
10906
12929
29743
21353
48487
1492
22446
30254
7077
12704
3063
20930
17319
19263
13580
17963
1299
44390
47192
39936
26237
4120
42222
15250
14290
24493
16485
40891
31734
43474
26589
42639
6402
22684
30343
21240
24175
2789
17845
47604
31844
20907
34885
49163
6521
48464
17125
7820
9205
30668
14107
35441
34787
6328
690
49076
47172
33526
6318
45258
43351
32907
4248
49753
21942
34591
37344
12468
3731
5189
10071
35574
42447
44955
1088
48968
9770
34565
23139
18974
15232
37245
4414
19
9924
21455
49094
23447
21333
21764
18704
14683
4670
39304
14435
26611
23894
18131
39078
27624
39671
15501
29549
32117
26807
30637
47436
36577
15201
20574
5550
46784
24170
26316
46802
445
47770
12248
23892
19102
34011
8947
137
5032
48250
30923
47994
22143
49053
3423
16118
38723
18923
12019
20840
45730
9007
34627
48658
40559
21553
20559
37342
45722
46874
34144
46167
10996
12743
36410
46449
46753
45356
46585
18136
43606
27508
16129
32100
26560
19551
14570
31635
4826
26588
18826
555
35594
3452
15564
42504
25004
36122
29845
37078
32996
30340
33244
10343
43082
36005
6791
6186
31360
3376
24321
24965
47235
6801
23417
40146
26352
37986
21780
31177
30925
40605
48083
32870
44057
29998
25373
35412
16119
5217
22489
15466
35557
22084
25808
28638
8088
32599
1176
39448
2326
41848
30764
49560
48649
4180
39705
25000
8517
27837
22528
39441
18441
36962
22310
12497
16959
14034
47909
49429
19251
36749
14895
21159
8833
7054
16148
33272
39652
17323
39071
8329
9171
36187
24240
7819
40366
30297
49170
15235
8133
38049
21027
26573
41362
9689
5422
24672
23722
19682
24100
42972
6430
5346
14130
31614
12400
46630
14886
18403
13952
20308
26732
39474
6494
971
13644
13212
47619
12813
28446
5751
17213
49472
32324
24926
9160
37745
49597
49234
7426
40049
8557
30207
11746
39039
11821
24145
35668
43058
8900
49619
13365
35631
5445
19859
2953
19088
49422
16924
48253
27867
22674
15465
43690
4997
6743
19202
9093
6339
18435
32870
12739
26991
13077
24485
32381
24897
14981
18048
34306
40232
17667
47670
25862
39463
33880
45167
8550
33301
12090
6802
27519
1115
38619
37561
22464
45361
6762
31556
18051
41548
14426
47142
34890
27502
37978
17271
18750
2958
35318
3055
43190
19336
17076
35403
8798
956
46921
33700
608
25362
40501
28127
26477
29119
15687
48940
40831
38800
46847
8882
46699
27624
22375
47940
5125
10352
31562
40226
13309
33232
9632
22850
2567
26708
24605
27717
44015
37877
11416
44622
29591
18268
39100
22419
13739
21138
37710
4569
26289
34556
29802
22987
12180
2176
20927
33656
12527
18840
40234
42188
2071
49865
31389
20990
26572
22345
15058
20586
10222
42825
31560
6164
11092
20659
28582
24830
8149
16291
45751
34437
846
25552
7424
29377
44080
44702
29385
22958
13541
19618
15145
31964
19482
12886
2953
12406
35230
18010
49343
11803
10834
30902
34318
21925
17913
12899
13107
26061
29189
25209
10497
46387
17112
34272
42115
11191
45325
21499
34149
25218
41116
15645
7181
26950
44882
10133
39355
46464
44494
5049
24618
5327
2303
8936
43603
36567
21834
6709
12627
17375
48269
39475
30113
15381
40099
22227
26571
35423
10078
27071
10640
17545
9068
34172
44494
3949
44304
200
412
38797
21601
25030
10475
23903
33965
4078
10469
22150
27138
39447
39524
25407
45273
35988
40787
35371
8215
33709
37146
18292
27132
14137
2188
36199
48309
46682
6499
8964
13233
23263
47761
34833
14644
24587
25087
14960
28664
35555
37109
22154
41353
42985
13912
36626
28972
4698
21996
37186
4758
25493
21829
31889
39630
40369
18087
37938
37050
24586
13253
16634
47848
11013
17819
28843
1952
42905
43802
30615
28460
30910
19120
19812
23894
33031
22789
19218
4080
11137
22755
8838
36629
10936
40726
26258
1304
25165
30547
4705
16102
43800
21338
30301
21164
5508
9143
23115
48413
2944
20082
26872
205
39201
13035
24099
38584
35824
9668
42663
46960
32422
1500
49940
43357
8578
42550
44660
33742
39448
15716
16195
33247
3406
46495
20763
8913
21989
10229
7325
24932
46662
548
25136
2215
13583
15586
40798
15758
25253
33460
29069
24027
1312
29008
17383
9889
21557
28395
9982
27357
44110
42528
26955
47515
39022
47717
6428
11010
24298
13752
2293
20959
30652
27428
23173
10586
9366
13970
26343
970
13782
21763
24996
15093
17122
42379
41333
5031
37125
1314
32387
47586
10193
9341
45101
49214
23410
17880
26575
47707
47983
28867
18665
28634
22646
8190
39219
48363
38511
31913
49333
2292
3675
24328
17384
37149
33058
25068
42179
20182
42733
24565
34120
2925
33905
45572
2138
7314
13451
45064
21372
27785
40282
6389
6419
12928
14578
11989
11290
19440
10254
10622
21732
30280
1302
5467
17428
34359
30535
9606
20893
23267
522
21364
42544
779
16935
11033
24444
30385
6097
45816
8169
46378
2204
30939
25657
33133
9280
3299
2572
19533
30272
40655
49812
31573
12474
17240
32284
43008
43197
19528
32626
43719
40891
41521
44497
7825
2554
18940
4561
8650
31107
29081
21379
49662
10020
47036
49146
35651
16686
18070
5183
46957
8724
21346
44882
21197
38585
27165
30556
31782
13044
29534
41852
3934
21054
2700
28110
23607
37991
32670
48608
19098
28102
19987
35111
4473
33374
34257
40123
59
2326
45305
13367
27401
16651
8248
14950
21587
35412
45505
19720
14807
41390
27923
18740
12444
30622
13201
2402
18613
12222
1010
4062
40324
37348
39172
44796
37073
39780
34919
37131
8457
46575
497
35858
29577
8745
807
1164
10508
12663
37235
25315
4053
15158
10406
32848
12131
23607
35249
30743
2180
2610
1156
42503
6309
6680
37299
43381
46459
22217
46863
