10000
27745
35585
45702
7015
37832
39950
24327
46497
45113
18220
27772
12893
32228
828
15878
40002
45402
8715
17894
31228
44317
46342
16290
34130
2768
14299
45409
8301
49918
2109
8767
44014
37694
20820
1028
25525
10769
41706
38374
5881
26277
16145
18774
8505
33325
1003
14858
45078
26069
32751
26306
20385
29092
42595
20867
48211
23245
32627
6511
39514
34735
31630
33527
22428
2449
906
14305
13218
8964
19030
35450
35240
35174
20575
10096
34850
21577
24953
29928
13997
24055
22585
734
19498
31531
37952
17709
4775
20578
24219
10641
5312
5848
10519
44092
24649
11425
24748
4218
36740
43777
39667
21979
45302
10242
48427
30152
48170
23379
26431
28519
47434
49015
29252
33283
30545
17203
991
1671
4132
25210
12311
9443
47409
22830
3534
22057
606
44633
26274
37345
38409
32293
25675
33711
8886
24101
30214
23407
13832
6644
1925
27617
22010
47528
10899
2554
31082
11890
20576
35213
3451
49239
11008
17211
38420
30893
39268
5377
25526
31893
42721
13934
30537
34747
47644
39422
25200
27857
29181
39031
852
31105
32999
22861
44985
43897
41766
42418
22138
12342
27631
25588
27932
38638
9151
16351
19530
48418
21727
45055
46662
30799
25341
43551
15545
39336
49324
40744
33545
28504
46126
34396
25961
29124
7257
37297
39373
15374
29714
11510
44067
7344
3450
21998
12333
12600
4700
48215
27369
42778
9621
40382
23576
34961
33932
5473
24297
49608
12568
7841
28111
25046
8588
20423
4169
32196
7719
43541
47570
37433
21403
41636
11128
24852
13634
23461
3803
34685
21675
31171
27463
47647
37904
17390
32608
38188
22862
23256
37795
1782
47448
32257
26827
6035
2680
30995
38231
10398
40888
2152
14182
12290
43787
25310
3493
23772
15122
23647
8457
3148
21169
2271
794
9072
19660
49753
47259
42522
23008
1405
44303
36807
33662
37481
9194
36341
18475
13776
13090
25714
15927
27272
4355
9713
2581
7847
49837
34054
31493
24645
37201
2661
26915
37994
28085
46574
4099
41695
5447
43458
43100
16101
30265
26761
3581
5810
13101
38408
19585
26190
14121
35511
19813
18476
11575
38745
42674
11411
22798
40519
2407
9998
9531
29321
14344
37615
42247
34794
29310
47693
28251
38761
30146
8515
15521
33726
30676
44973
22133
260
21162
2606
35770
7327
37433
13697
46071
30106
41459
18869
20624
43866
45218
30155
39538
25913
34121
31784
10706
29782
45829
5309
18542
25974
30175
34062
9699
10851
29034
48184
11110
16548
17141
13232
40226
4573
26928
36296
34678
34738
21516
21654
28603
33086
18160
34493
8998
2280
16276
36056
32062
12104
7716
16955
38077
37890
17369
14128
48740
46402
28663
9850
29301
45803
39433
19526
375
32712
22174
1404
17449
43689
23057
12404
26774
41216
46896
2124
9848
13171
4531
8261
41627
12246
25215
46055
135
42583
10182
15227
5337
5196
25076
989
998
30860
36867
17724
13571
9040
35480
31019
19080
24888
9774
45854
32456
6669
14329
42303
36192
35211
16915
27818
47456
8481
40224
13942
17416
406
29168
22752
21953
20595
40092
39303
1454
26958
23378
31376
2349
8857
12395
21429
33745
38520
33634
16200
45189
14314
24854
47732
49524
41768
41901
46979
248
32124
27272
17663
48881
22792
6766
20834
43386
13210
10136
11192
6519
49865
42567
8868
8722
21313
46648
8818
9833
46633
41369
21373
10946
16222
19104
10469
24341
11004
23799
40940
9479
1070
24955
8360
23861
48072
45545
33599
11281
22032
44790
17800
21896
3708
43019
30617
25021
6018
5786
1205
2650
47154
22577
13595
29727
8032
24063
4067
35387
47861
45007
44865
15282
36313
19576
5495
34384
15120
39093
45665
37151
234
29816
9047
3941
39186
39663
28961
45203
11801
46517
14204
8954
19093
27798
38681
43476
18212
9099
28862
32424
4105
23727
14057
6769
43302
19551
41153
8422
8643
36817
11924
8876
32984
20970
12817
38521
26985
8129
75
38785
4646
14278
47738
40090
8427
2770
33566
42990
11869
12427
25413
32325
2505
39469
39094
12159
25372
30246
36932
34014
33414
48855
9242
32749
36177
38410
21269
13161
12890
21343
1945
33887
35620
16034
23977
10398
35156
23894
3387
13376
36320
45151
45700
5177
971
1145
33687
26342
47742
36970
26708
47507
35824
2301
30255
22000
7062
1523
1512
19951
39217
19808
3838
41188
35842
44166
1585
37349
18059
21323
724
20730
16473
12775
42258
17444
30272
25944
10137
28013
12913
3196
41872
15089
5496
22126
3440
12557
40001
4952
48860
29217
24759
2697
36757
26952
13214
38341
14300
31272
9664
15023
2001
42488
44150
44259
26283
24421
36554
36420
18785
49467
39615
10656
14555
11463
32782
17994
24019
39134
39297
22878
34702
14056
41926
21458
41007
5139
26151
5307
2762
35814
36681
4763
44653
47182
15373
20936
21602
1926
7355
6739
17744
13321
17394
48650
24783
16527
32996
15154
5660
22292
38031
6714
36347
46309
28171
43706
1447
20673
15364
4209
22838
18396
25323
17491
15578
7047
38426
3531
25324
12132
10269
9420
25452
27663
8069
235
10541
7416
31740
16201
29708
19770
39266
32406
32430
33788
26111
229
4461
7826
4437
27298
26222
46111
44788
8151
19509
33213
11681
44832
45344
38302
4251
37148
32316
28672
3734
42856
36087
35473
25408
15794
21594
14673
14552
4024
48461
40662
4252
2921
14840
25040
30218
41061
37502
41358
49211
7010
24570
27243
1841
36266
15544
22444
39765
14211
1115
43498
7067
37201
45322
32474
19347
16915
13499
33898
20938
11959
40911
41541
31231
5750
16580
11448
46810
4081
19157
12372
11090
43727
5967
29283
46344
21510
1726
2460
2073
2840
12309
9139
6392
7630
7964
25738
24544
21462
9635
11834
49772
546
3374
31002
6295
36306
8802
19457
40386
27958
48180
17828
38036
4146
47110
731
42008
15187
3190
44080
18026
15498
19570
40769
23127
27533
16507
14023
15347
26141
25856
15118
43038
45581
46120
15685
31886
21273
35141
38624
49230
49672
22803
37266
3818
19912
37996
45825
1450
7538
39904
35827
23035
25825
26595
12514
3357
43101
26536
18703
35594
18743
173
28631
14323
12644
44315
12561
33916
45807
1184
33145
11831
23986
20410
15648
10249
24758
27824
11698
32295
34079
47524
21681
9903
24118
34194
13259
33571
10729
48314
19164
29471
48486
47794
10146
27481
8461
22706
11396
20619
40241
44540
32449
14226
31302
14448
40826
22411
42271
18875
21057
26349
32750
42737
36251
23219
26931
15862
6789
37659
14175
25952
33482
29012
40098
43627
6492
14910
32684
34239
35528
22924
45130
34329
3501
26431
48776
44326
15193
7399
13200
36249
33747
12301
28986
19998
35519
5916
2211
42308
9926
16385
18259
43407
11748
24708
3385
34591
39617
36068
18829
41497
8991
13958
42177
12491
6741
40952
23168
21933
14702
2719
8182
48449
15019
3519
34798
538
9434
37008
42845
35711
19744
27455
29118
31491
18515
48854
32433
24483
1274
17613
15979
26616
31570
8155
5459
4662
15459
28626
26595
30160
31345
1128
44960
12715
4646
29757
13252
30431
16764
22448
16141
2859
16255
11610
34349
1121
26816
33133
25603
28089
745
41582
4704
48667
16088
10162
3328
31546
5140
46274
28058
36484
13753
23017
49198
34750
19126
28802
15180
2241
17601
47673
5100
33855
25634
5800
1327
2449
38933
26930
30537
39677
18511
1593
4695
950
28106
8023
48848
33245
4296
26905
19728
18049
16273
35278
2798
35398
30431
34330
3991
48031
48354
9090
48238
23987
14889
49564
26436
20173
42845
23324
26202
11355
24916
30896
12305
3022
38918
27504
2618
9566
4408
38698
43966
37032
23975
13115
38782
20757
13796
42772
35139
12149
18213
33376
36136
33101
49292
28923
19626
42136
2246
45827
19843
43514
26722
48499
12887
31992
26002
15504
7909
46761
4201
1874
144
44527
14988
38925
15283
45136
48048
422
7284
16260
149
43419
49361
15792
22341
18986
24280
40939
31164
44122
34452
7885
8972
13690
6228
1325
29193
14136
48085
33394
32361
48228
44272
13701
3505
9555
8836
1552
26328
16119
17812
42828
25890
33524
8620
14582
18861
32899
5520
24
43372
6323
24260
18695
20012
30488
20019
15557
10975
34455
48950
43336
49034
9573
7036
18890
19127
32223
20442
11806
48341
4605
4634
40582
38128
13253
5164
6988
12503
27035
23363
22226
49710
47622
7272
19721
44461
43642
35277
5436
44448
578
15123
43481
26503
38510
12371
45629
20732
49164
7435
35424
3768
28420
26006
8247
8024
47521
31586
36878
24555
4948
25455
24264
2569
32726
10337
13382
42719
11965
18817
37166
28895
291
46998
5397
38800
25720
17377
25883
24883
41163
11306
45002
19582
3663
3248
43957
1183
34833
30834
42090
6132
6288
16353
8701
5365
43041
38434
48083
21358
23602
35248
16604
23892
32246
22000
29043
7965
5728
4925
49200
13243
32582
10553
32824
36245
13801
26781
37427
14985
23966
29516
37469
30254
12221
12521
35618
21613
954
33701
42970
24555
35300
9573
48446
33897
47924
43840
8214
20004
48764
7413
33246
31345
17965
32421
33941
48117
25553
21368
29454
49519
17235
16922
29772
29455
29442
31741
1068
30395
31793
10389
4949
17093
36314
19746
989
589
13585
9202
20592
28700
32966
20189
26396
931
2610
10337
15399
28162
31704
44852
27680
48938
11773
23803
44745
7566
5544
45812
37960
37336
22552
9260
4428
8865
45357
21769
25806
8941
47322
46397
3992
46640
32938
30388
13922
35547
40724
29320
30060
38779
24172
7740
4068
2296
31542
48812
9862
37085
10975
14173
40773
33527
39785
11552
8743
35141
33320
34548
44082
46994
47297
14425
43633
30234
44812
7554
32132
1887
3225
12191
40665
27396
19930
11085
46044
17824
9896
22257
21260
37223
36429
12032
37101
26213
23584
45843
11354
23255
46743
21787
36600
44039
2563
30232
40624
47375
4137
22755
15613
7362
34945
22630
1109
21227
33714
13504
39050
9961
35760
10309
47183
38541
22341
34283
31105
45924
46478
8810
35530
9572
46948
22130
3610
49511
18713
10585
13237
39202
33339
28849
46563
34635
1478
14023
5861
1543
27527
44910
27856
29638
5219
25038
18178
43911
25673
15635
6186
38502
24444
41715
48073
21392
30196
18034
20902
48909
28618
34138
38110
28308
29338
1024
12942
47168
31398
18803
48710
8924
13712
42917
4914
35282
17955
39443
29192
9979
5077
35377
48480
29521
43444
46552
912
23639
30937
38165
38899
9554
38654
27008
37861
17991
44383
802
31510
25781
19604
46572
1056
49668
39488
5969
34949
7442
45412
14141
33772
16840
15869
48603
46360
25664
45154
13623
15655
42442
18139
4553
1995
6792
31561
39855
41135
42295
7009
22644
18075
42964
19215
19131
42631
25055
25099
43932
48848
36862
24424
32620
3702
40292
31222
16413
32308
42728
46388
47962
35169
14526
2514
3516
37670
426
9722
45156
42721
16730
34151
10795
9694
19718
46277
18676
44772
37728
12607
43619
24589
37030
26238
44642
43674
23812
27407
25981
16539
23794
40294
18059
4671
42807
21574
8692
9585
31296
20199
2305
48025
4350
29451
24070
24067
42080
9098
18838
29807
21704
12456
20747
25086
38694
15389
18759
28857
9147
11091
45395
49292
1384
13453
20314
10542
1379
29006
20126
32674
49204
38782
47050
3553
34585
21120
43971
26664
46569
12808
6470
18272
25264
27216
9709
30309
8956
28467
9165
18102
5909
20911
17393
7292
715
37707
17834
2093
33064
4311
34766
48619
43093
31816
18524
27677
19287
12494
4340
15855
25302
10809
478
16917
4376
10187
13577
13332
5005
39093
31433
27266
10003
15178
34557
27069
2884
18742
29162
2299
23053
30279
917
32497
28446
19440
10173
14084
48286
14512
29938
39939
41672
46768
6855
46047
23306
36783
9378
28310
25875
7163
5575
35877
22340
6484
12945
41575
41577
8458
43873
30981
38737
11141
13477
33534
46933
23649
47618
45218
4512
43907
1508
46183
40674
8362
8582
13979
11496
34311
8641
37370
41473
30567
39598
13812
37050
18894
21738
44979
27352
15610
25959
32440
43103
39436
15973
40035
29436
29942
1604
33948
23849
3111
46482
14522
27824
21415
44853
39319
5726
3493
26688
47198
411
16285
27362
3813
35178
15451
48791
28881
31061
24749
11320
40515
30536
43645
30549
9972
39938
32152
43919
13786
1614
6752
44660
29437
28167
39512
18755
33892
9356
11794
47441
9766
28078
41154
13578
29607
6605
28720
8488
4017
3469
36159
44531
356
46155
41431
10327
36093
39934
4245
16230
41547
10997
10889
20983
5515
16752
6089
39406
26107
34234
3198
2225
12311
44352
32154
8269
17308
10874
33108
21324
30694
35619
32206
31049
31773
23636
41376
34217
13569
11972
447
21467
39320
11335
8801
11186
28087
31241
591
20545
15474
20141
22769
44136
30844
21275
2404
48151
48500
35512
35826
29193
37482
18031
26593
19254
8018
34320
19823
37938
12644
20269
9404
18315
47955
18204
29501
26041
49444
46443
12938
14917
16583
2058
9052
47426
23332
27807
11928
21831
29670
47753
17375
17151
15783
10320
2757
23800
10991
22579
11737
23634
9199
37492
8301
7153
22047
37801
49546
21490
595
12483
2758
17178
14540
28161
30955
4224
22320
42883
42406
1989
40635
26133
35492
22770
36452
38248
12921
13794
27178
41010
3780
36376
28501
12080
43528
548
16232
9425
38389
16826
38259
7499
355
19151
35659
31310
23374
24330
24192
32131
26319
31178
8263
11810
3947
11066
16409
16868
24860
43586
7877
28639
46313
2729
7070
6192
3276
23301
15617
8017
6478
3875
15515
6833
23025
1173
4494
12750
25503
28685
44881
18173
26214
3143
46334
46513
30561
29094
13380
5420
22679
37608
410
35343
6688
7479
41534
26316
47131
23502
34332
19960
43729
49846
26792
16753
17370
31285
45855
9224
26321
7087
27396
2535
10229
40081
49047
40789
19174
28778
12560
8204
32737
12969
43546
5776
36799
1432
32091
281
24933
16422
20241
18661
16267
13384
1766
33637
44669
13972
42860
37341
21058
36608
39875
31286
43040
5273
38427
12214
402
17338
36769
49490
46659
30315
5266
49809
48098
3708
90
23030
20130
36682
8043
2748
65
26160
36384
44733
40131
45596
48426
11188
48555
38300
8825
41594
9925
13603
20159
26678
30941
6928
42520
43951
3594
14137
43759
1691
17844
10200
41072
37973
46881
49114
40721
46946
25273
43456
8030
15403
5403
6455
26590
3957
11107
1767
11903
37383
15369
32061
30412
46309
38988
22931
6611
8933
37067
370
10623
4911
10569
1695
9235
23802
17160
16307
37099
42433
26115
11480
24187
31517
17935
17129
1826
45393
18895
30080
49127
34263
28492
29538
46924
33832
18821
3534
42764
5887
20255
3387
27149
47176
21433
2736
20977
4944
19042
24427
13728
11508
35906
37915
9377
20192
21395
27554
31936
6641
7633
31062
40903
36124
26952
4178
19955
45772
24064
12719
1658
10670
32457
45159
7845
20241
47894
45173
25184
33287
19599
38912
44795
5505
43178
20523
42048
14572
48076
23984
21212
5708
5045
28466
8183
48348
48996
44490
44119
23059
23560
12129
33728
6016
7287
7925
42608
21532
3097
17791
4818
39048
23054
15964
10904
16231
36486
2951
47154
34561
26934
18365
6620
48331
13183
31155
46678
12178
25644
7149
1588
49203
19277
35315
21570
26563
9591
14177
14446
12688
48319
19263
1735
21373
1579
12638
3955
38064
31940
1109
38977
25226
35825
11948
23556
49007
43102
36585
27536
18745
43733
29123
17947
29361
30790
5868
22275
40380
20044
36720
3067
34715
22335
21153
6087
23913
142
10041
28328
48434
27501
17304
23659
13326
29252
13566
28684
22353
16502
6220
7450
10235
35342
41748
5947
16131
47616
28222
22863
34011
14941
42281
18725
37275
29786
24811
27539
29927
1204
5867
28360
45056
39522
18370
8381
18773
31935
3417
7478
48437
9636
31279
25023
11329
23026
30969
43812
20641
25542
16674
4652
6835
8954
39728
10461
38739
14539
38000
35018
32094
10218
29729
27149
49739
48099
1882
34864
46385
5298
8693
11173
31285
39971
2547
42613
12996
49868
2776
49989
25409
19449
20992
32243
44755
10719
42704
49845
41609
30703
34862
40054
40920
30943
17203
7010
45393
35436
41873
41777
7085
565
19302
38369
40535
21848
47333
19883
21715
109
36223
47124
35909
23566
45718
30663
34284
38421
46860
42245
35475
48073
32298
42746
29015
15852
16108
40759
1287
7980
32536
8371
24897
18189
13091
31783
40036
10424
1665
28103
10532
4239
25226
12792
27804
37295
9807
28440
42068
6666
37036
43894
4738
19333
2992
105
1537
19099
40863
2823
27078
39750
27546
18326
7938
40636
109
14326
17411
18125
42428
44294
22364
34005
7086
16519
21299
16892
11310
13366
39909
48345
23612
44646
34030
26603
44750
35566
45701
35613
4740
39130
41714
48637
7456
49652
39273
7564
13977
23035
25688
6404
17329
14403
6760
40766
30922
28058
7657
42231
7776
47565
6928
31387
8562
40957
7989
19664
26522
3689
21628
47613
9170
13341
46250
16625
29344
1874
24188
43320
24908
16228
16075
42236
30630
22834
33001
27903
17244
7009
36486
25019
20925
43413
22757
45839
721
30745
15502
27242
785
37129
41206
9954
16821
37455
42931
46165
39328
33470
5836
14236
49697
21911
22823
46679
11096
22176
40933
28339
45536
27418
19709
16461
37182
42465
12299
37902
39561
44152
31495
6697
47632
22701
33003
14452
26507
25933
26968
15835
9402
32804
46422
25451
4714
35596
22129
32161
7771
29413
10500
3307
23183
46560
36119
10364
39025
14769
14618
44937
8920
46112
1634
6551
35164
988
37354
11671
26920
14322
27505
2673
47125
40278
28123
18190
25873
16603
350
49996
12368
27201
19654
35550
23761
5772
45913
29137
20540
10530
24073
29459
22994
42058
2361
8157
9397
39714
19827
36316
20387
13683
5341
17511
20312
49815
2052
12537
16418
2402
12532
28785
29602
32185
30686
19714
37956
26598
48850
24847
3480
39275
20657
26473
47684
23017
981
7081
29082
20808
9748
49469
842
15088
33331
37506
14903
35383
42
47672
37784
12573
42808
33737
11109
23493
3451
15416
16442
2300
40262
19921
7926
10918
12745
5610
286
13726
12690
29367
885
22437
28835
1726
3877
12166
5583
18779
13900
5624
32802
1683
18196
25609
1771
45656
15453
5221
11071
31894
23873
17684
18167
31798
28601
30911
3759
28886
44636
16448
24605
45520
5237
19791
13598
9113
48308
19180
44243
12207
24804
27044
30241
9351
19004
32012
21359
34456
3584
32429
32701
27456
113
867
25606
45065
31778
29364
40303
42765
12164
14907
38285
17400
1049
18234
42864
49357
3765
37106
11563
44920
14149
41804
20623
49504
40167
41981
311
43750
24409
33011
37558
40873
230
29515
2290
32007
8878
42592
24771
37393
23850
29407
4792
24898
13992
47655
40606
17757
1112
18521
12676
31612
26676
33298
31115
16842
41630
47777
26943
16039
30788
14500
23263
47369
44014
25552
29375
19244
34495
20497
6636
24696
16256
27780
15946
30247
41786
6551
14355
42898
25071
27031
24509
1746
26680
21976
34939
18310
19752
11882
700
16891
42733
23962
14259
3099
15866
9985
38694
16712
46834
45329
41408
13089
39460
7353
9687
47598
30255
24042
40495
21678
17424
31355
39775
44103
19682
24714
12412
5786
2947
29463
22676
45679
19777
3287
15129
35642
13271
3822
18705
10104
15503
10112
39544
4962
33816
49231
18911
30423
39624
25757
2100
7047
7112
41874
1149
43145
32939
29913
48930
35885
9375
37958
47916
29151
41244
13044
31144
4514
16866
49849
30970
32368
26312
20513
3681
26480
19743
22592
6902
25718
48348
25353
32764
21811
33578
33913
31308
16517
30177
30237
2401
39551
34546
316
35054
25789
13360
32549
46655
46577
32397
27624
28944
25061
48136
48976
17892
34231
21567
41145
26300
36267
16497
9064
8077
74
42976
39384
32942
39504
35973
35343
29054
20518
2010
30459
12659
31721
13008
9313
28297
11756
3288
23592
36816
17775
22568
21059
18357
10486
12203
44657
46752
45051
3720
21181
11477
13047
26916
44418
2550
12888
29760
47955
49758
48122
44766
28768
29842
7773
4432
8139
19528
7719
31730
22696
41845
4297
10106
10202
14783
22309
21210
27886
33711
24929
49066
45187
4327
25982
39605
23228
5221
35716
21182
21330
33837
15947
16449
13679
40071
20880
21817
25951
44950
19898
48646
36795
24195
25103
13348
5329
47411
34557
49566
31122
25837
48632
42660
30163
40965
32264
3390
12537
17980
40923
219
18168
6870
16667
31846
13292
3899
20014
39242
48848
39912
4239
1994
30458
29342
15341
2138
43104
16249
1703
40577
42085
16686
33237
22247
24002
15500
41988
2891
49831
32911
3109
17999
6132
36127
16196
19423
6377
2562
25017
21577
42473
29255
23570
39282
24948
5263
41419
18052
21511
9473
8628
29948
26159
41864
18546
160
23716
10534
3050
23546
9796
22510
7896
15927
24989
40444
1701
31365
43005
43069
2941
1829
22324
42863
41110
47271
48125
48880
15322
35987
8352
40302
32286
34510
32165
832
1022
5880
27717
20423
45778
37512
9285
3673
19790
34273
10468
37842
15637
3472
30911
34930
21652
19586
27792
29113
16856
42268
27992
48530
28254
36344
38831
10540
37205
37347
27723
4578
43227
5439
25001
5356
42950
637
25380
29091
34909
35848
16932
16897
5671
47842
1826
27323
17427
45969
6435
635
38236
779
15516
16490
37122
20698
43381
40678
8044
21103
45256
17622
42893
36608
39329
2194
37244
14709
31284
38504
556
48215
5400
22578
12409
23578
16252
46187
19546
39039
13173
7782
39817
28688
40623
26938
15737
34003
33967
40133
21457
29222
7754
14349
32181
47083
16542
19424
28143
14177
7927
45050
28743
13327
17627
41151
36904
33879
3690
22801
22917
33214
30582
29085
28254
21204
22374
43990
21558
6340
34122
43014
1914
8228
23714
34094
21662
6607
3518
49804
37135
27796
44853
15878
41122
28831
7028
44377
29061
27069
33530
18329
10283
14111
47413
38536
35315
19786
32525
6872
26126
32999
16238
44391
41226
6303
28484
29239
29262
32001
29042
16396
9797
40246
32273
17270
35428
5653
27999
14489
32721
11528
32817
9355
41990
30230
14242
27304
16367
13119
528
8844
46117
33117
3234
3694
5771
31718
32932
35032
30070
28325
1428
6218
34922
33700
23488
20349
5704
17838
1189
4777
45717
34006
14131
37706
30587
28373
31362
46953
7843
48241
22149
3959
47709
25382
24004
3479
7099
6935
38511
3521
1611
39938
9738
36532
39989
49577
23232
12045
17414
24421
16821
29482
24778
47303
33540
5364
42027
31253
18668
49869
29493
40816
20179
27201
32550
44182
30679
6000
17468
35541
9520
19078
41830
19258
21961
48171
18834
45193
10215
2600
35965
27035
48433
10742
40689
31972
16105
32716
13224
1124
48936
9068
8292
19115
36268
40841
13296
33299
46840
30764
18839
6360
16193
10669
41969
38154
25191
10802
49698
35405
29753
35662
28791
28186
46403
19479
10157
28859
18546
39733
46334
17482
48800
4625
36596
1420
45465
49891
34718
8657
47006
19908
15016
13199
46928
23336
17704
22118
34137
17401
23874
30242
19414
2664
8427
32168
38495
34935
11026
7040
24667
23711
24521
23467
28336
27468
24886
40152
43711
25955
48808
40716
12214
30175
20266
9142
3510
37969
47611
3999
21721
21485
34240
41134
40500
9018
23301
28994
43952
678
36034
34971
40741
26906
8437
19076
20726
49674
9227
14436
41980
24387
21503
4193
4561
41769
29686
24423
46089
27297
28421
17810
15133
29012
25295
5632
38029
14948
34626
48332
15625
37011
33302
6365
30268
8090
41792
993
24115
17371
31780
16094
41757
3283
36639
12669
45051
16324
37091
41139
9972
31863
25300
25104
27226
595
47088
31606
15542
31713
29938
47518
35075
29591
20235
31694
37681
28378
49039
11795
45748
30818
27889
3856
452
14527
32877
11854
47202
36319
2993
7174
18182
44644
48629
11759
45238
45716
43365
27131
43780
23302
24649
45206
2892
11235
26900
6924
39612
42290
18719
35360
39459
12959
5567
39911
43837
38443
1764
41038
24762
21108
14563
9295
15752
13192
21053
27341
8907
14417
4472
2687
4070
45472
47892
23314
23058
41143
30237
12669
33432
15307
14380
39243
44617
19947
29153
38453
8389
47268
45843
49502
18376
26757
8796
479
39948
29849
44171
15207
10617
14994
17893
14687
10465
32136
38000
33522
39631
34588
12543
23062
49895
26922
12304
10863
46868
7808
49316
21609
5076
11510
21110
39803
38266
46258
40281
44566
26106
803
9772
36722
15797
44016
17760
26261
42503
22111
26135
32133
6699
38677
5195
22945
15598
33850
33807
28818
8010
49474
16778
29437
27335
37887
19239
31953
34144
25871
26518
26601
26673
2641
29675
42469
46656
47434
35082
39158
35897
27568
21291
8947
16244
42837
31891
48193
43038
32049
43362
1047
47875
10139
46835
41561
14378
16073
23513
14873
8295
16382
41474
1320
19022
21148
10140
32029
34933
45221
21187
37181
22788
8829
46127
5383
18017
44369
19928
11054
42770
29641
28453
40644
39780
25287
48556
20509
7712
22069
35381
32358
4802
26854
33677
23824
14353
43817
5852
15638
5389
43390
2818
44529
18570
48945
16263
36586
43313
36190
13992
36082
32183
8796
43077
38314
34082
41633
8822
8145
30053
44202
6855
34854
37408
40531
25029
1760
699
47233
33749
22440
40622
36567
16968
25544
35511
33230
12129
45175
35772
42472
47609
34306
1267
40685
22619
1701
48669
31440
26197
28721
25641
33051
13575
13048
23582
38603
31160
40632
2187
14908
13071
42809
1474
46390
34704
3336
45972
13184
14863
48095
5656
12471
32400
6922
3155
5018
24974
1824
36457
1171
30544
28449
34221
10470
7849
24154
15425
39008
31138
17611
20267
10560
26771
38093
6950
11474
41428
19273
24658
22642
17367
46665
35112
16118
3586
38267
37487
44912
6442
23943
46082
3337
18743
30302
30159
26591
20808
11935
31950
1945
29545
2217
12504
22668
40309
35805
493
48088
5077
25150
20730
38795
38166
5841
4912
41752
10459
8750
3015
33252
32692
49096
36589
17787
45749
16747
44377
32908
45033
42679
34852
24577
44895
47356
13596
1555
49512
14089
15994
4589
5590
36723
9735
43756
8916
30999
1859
35726
39748
4873
18978
38792
20320
21918
6578
32420
5016
17306
15328
48
9984
179
40976
4878
13886
20924
22784
13398
35012
38778
34338
6953
41852
44072
17060
17119
41422
35270
2845
31170
6494
38174
19961
26813
26443
26538
25585
31458
43843
40912
47857
3827
7442
38832
25056
37680
9755
14192
17429
11118
2969
18118
34423
11172
28541
17834
28291
19963
3104
31135
1132
9597
35660
21092
2762
12102
13981
28346
9911
24175
35609
7767
44353
9402
12950
35761
47081
39057
49952
30861
16526
19272
48978
948
30443
27519
18782
8733
47481
38237
39867
14964
47833
41878
2407
16946
3979
16387
11643
30241
6913
47251
38007
1266
6653
957
37026
20085
6365
36977
946
22890
6248
49923
40190
36690
27441
25323
11775
41273
13559
1641
6236
11391
9871
8642
44689
30201
41380
6331
10442
48293
3582
14800
49558
26586
32108
2935
46670
38472
6263
13967
11362
28862
13890
17903
31903
7682
43225
43677
15307
6783
11670
21542
34525
21540
46536
29213
1740
37915
35544
28533
2559
5477
43333
18468
32062
25440
37754
45083
30264
44016
25402
7977
22877
5643
25879
4780
29676
19103
48456
44982
42237
10125
32876
26761
48016
29411
22326
16108
33677
7869
44640
2588
29697
4324
21055
28110
29764
8809
39544
26379
19176
14945
34355
42053
20587
10233
13184
16615
45687
27991
11596
4275
4468
44471
31035
2483
40233
19712
18590
40262
27580
29582
42849
23628
33905
30255
1737
30020
5415
41281
6398
24591
22577
40752
32995
9516
17336
12530
26130
29374
40520
37725
33648
44987
48548
31035
13822
5132
746
48763
45393
44678
28344
38241
18305
28601
34848
36394
8620
40262
44026
31370
31204
16602
38473
14198
42469
22161
26727
18598
1534
33599
22675
1534
28585
21222
32568
8758
26353
33313
7521
21746
44342
2216
26338
12647
47168
27537
15392
5788
17799
9417
3509
49002
42370
41981
29552
34839
14141
6278
3436
32027
6228
26110
33560
1165
13683
32479
9922
40036
32143
33794
28133
26485
2362
20822
5483
49529
48359
20874
21668
32509
46642
25176
47862
39011
33509
27413
23849
14001
43
43637
46027
6270
19746
45938
7434
33429
28416
33708
39816
26911
17501
34300
3395
19862
21473
25229
19391
36183
12454
41058
18691
9095
32586
16553
14457
16094
43965
38306
30094
10359
31942
26121
16629
18039
38410
40414
17819
33178
24121
23986
10088
41622
24637
29834
27835
46110
5062
13577
32292
17515
4635
17335
42961
3572
33887
7417
19665
44203
12074
49758
4562
10367
42230
37542
44758
46992
27955
12576
30169
2076
36562
40256
10049
27550
20089
37883
23659
41502
1460
22303
25368
22446
39637
18328
26017
39875
42096
12033
429
20522
11790
21342
30888
20372
8883
25645
17363
3190
4573
13883
21617
7486
4138
31665
35035
40578
35899
25046
32079
3710
47348
23798
26155
3336
42125
18523
9562
572
30555
9990
21093
8697
47684
18333
45420
22918
43977
29134
26107
48549
43016
47723
6034
13505
45739
7421
4082
31638
32466
2512
35347
29813
42661
27854
49500
1137
12728
9061
1708
43283
35402
39153
18331
49437
7485
30102
22355
17813
9235
14813
16362
2250
28888
38747
15754
24626
46167
36187
22615
44984
5050
24314
24796
47710
2167
40647
48846
14894
16059
16905
24528
17813
6057
9210
17249
13541
39311
39603
47706
48545
20768
14067
17146
49655
19165
49251
40632
31684
1789
13247
26667
6838
37560
17815
20899
6078
24813
36096
37323
40872
3001
28203
8684
25409
37412
42284
5302
43075
48239
3007
7971
19006
33425
25117
18660
2589
24367
25643
624
42508
38889
27291
49345
42800
11457
36596
48877
36269
22691
2552
43492
42043
30754
18527
17452
34517
10811
22753
27591
9049
25759
1914
44406
9183
27030
29417
28123
17748
5059
45099
10255
43948
38741
25952
36747
197
28899
1976
2817
1589
4527
46309
43632
1632
14835
27435
36148
41997
187
30091
1045
42297
32004
11802
17831
25385
41218
12305
9484
46277
7403
36091
6576
46143
28394
9674
12691
7292
28001
15508
25232
32527
28168
18863
510
43002
12649
3010
1351
29187
33100
2395
37835
31455
30549
5665
23191
21766
34322
49026
34394
8076
35116
7321
4219
13509
16995
33261
20800
44995
15120
46032
43874
43287
31246
10735
2641
10247
13744
3991
39433
13195
22737
27268
11001
3285
49284
34191
25051
49957
33217
25796
8033
34684
33117
28603
48193
111
11863
35344
11457
26983
47727
21682
20269
45325
48769
22909
5571
12512
43251
45003
25707
15988
38622
3059
19272
4258
37250
10674
4214
36818
36470
12246
21501
19586
40848
36045
36048
2711
37741
13856
46045
35467
1890
16313
30791
658
5574
2713
13169
48824
14068
5227
14811
2689
8286
435
6946
11887
11108
27512
15056
47577
39757
2908
33514
46957
38953
19561
16019
43045
33417
12063
28511
35306
28375
25654
2315
300
28366
15483
15476
42433
37062
46638
11474
11699
47072
34771
23585
8180
12282
38640
22108
18391
41547
5622
31699
46851
25182
47717
39895
24950
9779
34758
26607
4505
26763
28921
21157
21480
10756
36632
30265
47817
33269
41738
9515
30341
42860
49451
4872
21494
4442
26979
39884
12340
32600
21582
9191
7782
35650
15437
49083
45428
16546
25690
16284
43308
20962
37440
31140
31717
24071
11404
45885
7340
3141
21751
4032
12352
21201
8903
33845
41994
35881
40080
4334
34833
11661
13524
8966
47310
45312
8048
9089
28210
89
25373
37869
21051
12812
19008
19119
3235
30411
15004
10574
49903
3106
30957
12255
40659
39859
46099
32652
42091
36179
36985
26923
14191
16860
35888
27853
28524
10288
3293
6733
10376
28665
44601
31426
7829
29961
16897
11063
10371
48252
37988
26626
1357
35296
5232
8367
25154
17682
41019
33596
20212
44355
26871
34403
27567
29110
28607
6090
39397
48251
29174
16125
43268
23774
47550
1096
20086
30798
28510
30457
29049
32849
23434
30406
18144
28665
38772
9649
46346
46142
9596
16558
40497
36466
17312
18063
15576
12270
40504
21324
10520
19677
37448
3787
9802
1350
21234
29888
32147
16095
26696
11196
15295
129
7953
49790
45145
13076
25790
41490
9218
35386
24399
16066
38203
8062
480
20130
36683
40983
41454
47203
10659
28901
17341
36812
46602
4927
16699
28749
37373
43394
6296
19020
9874
30600
18809
21370
43675
44599
29212
19244
46336
3610
35309
34538
28024
2140
4668
14706
43122
46121
28260
20132
41373
11953
23296
37975
16879
39994
33075
20603
49740
5722
39622
25965
36321
24783
47335
29995
19381
26546
15591
15716
46507
17251
16605
24530
19391
21272
39236
28864
17392
33847
15348
25117
45799
38643
29443
29029
44988
12517
49632
11079
34590
5605
37044
20910
30387
730
17256
16119
27275
32846
48186
40133
97
14791
14663
35839
36062
20250
31054
19806
20448
46401
11274
16247
1395
40716
45275
46383
19584
11258
7461
4173
16863
10856
25082
13601
11585
8689
29720
5211
41535
27905
45344
7983
9047
26358
10173
11461
12959
41226
47618
33406
37627
8891
49652
5373
15958
11279
1755
35541
22536
25568
39713
39398
2775
31146
2999
30712
39834
49070
35922
47720
43326
47617
22054
2373
40326
32226
30185
3284
23452
27802
3042
27430
3044
19045
32802
19001
30323
909
4541
19211
42828
10605
24960
45602
8102
27958
26313
14287
43379
28587
12007
36705
42555
412
5429
32881
32638
35613
2516
22441
29766
21909
49870
32809
40954
49023
1809
37628
16283
22701
6838
9110
33305
31798
21064
7758
26107
13728
22044
35838
8666
402
22542
1221
814
44322
34101
33451
46286
2968
5891
26051
24877
22112
8859
15830
37486
27019
19809
3769
49719
26647
29230
49375
24796
16645
7132
17254
46725
29175
3091
5390
29577
41984
6610
30390
36305
7062
30192
32590
10030
2434
24992
34906
40897
202
17087
28382
27220
36895
48502
43290
29893
44084
42664
21040
10728
16147
4646
7452
45322
7736
29194
41250
16072
35803
37991
2376
42865
18182
1318
19246
36967
26309
20503
27863
42863
37589
6244
20082
40835
4746
29724
37080
15181
38739
24471
25908
4886
29116
49712
16559
36852
28905
7808
2923
31059
12150
21650
40275
46683
39319
9520
33649
15628
30022
11511
24842
33962
34106
44923
41149
5203
40998
28228
20383
29737
2698
12643
34622
31814
28706
1180
35017
23962
25339
4291
5020
3840
42292
11647
522
31611
37518
522
13590
17540
12032
38431
17853
12489
49705
9001
17692
40703
3580
38074
20439
22630
17068
5060
4443
45773
22591
5811
36086
14281
26453
41106
18120
18744
19104
18641
354
6621
35514
13943
40512
47545
2373
8365
10033
2078
33717
44076
42780
37297
48502
13218
9926
15569
34629
30720
27694
7219
2882
13779
21499
29334
21236
5970
48077
40339
40962
48431
13312
26475
28725
3823
40371
31098
28539
403
49527
12256
10831
42306
15904
9332
21875
42181
41252
22855
22900
18945
46425
42133
49076
34275
21466
36663
40244
35894
43354
31205
34324
6665
7679
29401
10487
48049
10498
39026
14803
26376
17633
41985
35033
33536
1316
6907
25716
8920
46113
14967
27864
42537
7099
43291
26811
44916
29954
17054
30809
23307
14610
31485
46323
38640
10885
6809
3040
37734
12186
34194
14109
29818
26179
49141
29705
27494
22399
21772
36413
18511
36738
30629
11047
10188
40271
4209
5103
36576
37614
2264
26234
2223
33748
22556
7214
10984
45717
10253
48717
7902
44446
12825
4072
20624
28317
128
14470
715
21900
17234
19225
8637
14214
46623
35177
4485
17183
40279
41060
4796
8894
17294
23370
42641
6201
30583
19976
1917
7187
18692
26171
17984
47868
46594
4960
26184
46721
19429
43250
18620
3014
28826
43609
17228
25448
28785
21712
8982
35415
29123
13777
44309
12768
3498
3301
18969
432
39629
20885
7618
8320
13407
25602
22540
10000
46913
15075
23073
16341
8325
8044
19354
37150
1652
2933
28950
46788
40996
37931
48555
36471
18060
9215
49238
21557
28867
34558
21989
18495
21795
45958
43167
35201
37911
15706
11553
34823
30780
34625
17515
39104
42668
3221
42606
10672
6153
21555
7459
47149
25837
22365
33619
10248
31579
49208
31805
10446
33766
20145
45292
5560
32454
38458
40760
20365
4163
2312
21539
1295
3288
39054
6750
45956
42274
49355
6627
14778
37261
14085
28278
29450
2802
11896
39697
34380
27456
37853
11177
11221
7997
6469
16780
6803
44926
23891
27167
15441
42555
15057
16735
45842
4110
23484
41797
12735
39191
14775
43865
42803
45212
22142
22252
48013
390
28301
32392
27845
16153
43569
39065
40502
37
22196
47304
11314
12438
40822
26754
21344
5878
43488
17186
26340
33324
25334
5426
22514
40109
49290
31668
35320
21432
3920
49684
21821
32220
32075
49665
48372
41995
5081
5225
8383
43628
2528
19697
6065
43349
46450
27409
49227
6290
10946
41918
5965
36279
47343
44830
42739
46633
26497
44410
18064
46768
44093
39884
28987
26168
5900
43711
34514
10980
15287
42897
20959
17815
28945
27023
11163
41746
20783
26741
48035
31728
18658
20351
34359
32353
15180
27097
28985
41677
37859
13400
4796
31951
19635
33783
24470
25534
43845
8984
2865
9131
18232
40175
43297
47176
17197
20812
38921
4332
47552
3308
2411
32562
23658
36769
31266
5190
30218
10250
46866
18076
40001
1661
26
9635
1795
40848
1520
11991
49831
20736
37474
18062
10910
47122
31589
44458
17933
20509
48789
31837
40168
1200
30750
13826
4320
12015
35367
889
38616
32232
18964
28616
244
35342
4602
18391
26189
22473
46733
42371
43208
558
26784
20469
47680
8372
14926
31964
45232
30067
13800
1752
47618
44549
31929
1937
6563
17295
19178
11530
15878
38141
40145
32473
39834
11098
863
32374
33570
13948
24744
26777
30857
17879
13597
44888
42602
28523
26852
4186
8589
7003
5937
22558
1552
37865
40846
24466
5159
10023
35996
21036
14516
42492
3508
4349
19942
20723
3075
3511
1022
44170
46640
48230
12049
10236
43118
4650
5110
36321
25187
30050
43323
31123
2607
44874
35339
43453
35692
40497
3475
38039
27884
34342
30530
47744
38691
16823
34818
8117
20334
2191
2286
33325
420
14334
43560
43537
35336
48670
29857
26874
45071
23180
7997
47678
34405
43335
41130
20096
184
10956
24486
44419
45298
5016
8514
340
38190
43331
8456
8523
11873
27093
41847
12293
7779
1759
22181
9466
16780
18390
36339
11850
7921
44335
9527
8677
4022
17008
45125
20557
44316
19610
14975
5965
40977
23489
6304
29167
33171
31111
4041
11396
8203
45888
23688
32333
13998
12220
41798
30777
46961
28137
8978
21233
22471
34857
29910
42844
18216
25034
13400
12531
10995
44727
18495
1972
34567
41150
31138
17737
38612
35178
45484
13167
47417
35523
45499
27766
47743
37297
24894
11055
15433
33872
32288
4255
35080
12197
13451
3295
3582
26850
32178
14576
21576
17024
32899
22494
8174
30388
6583
13137
31918
2066
26303
29334
37589
38154
23452
35331
25450
48345
12737
7234
32216
45024
27840
17295
23572
41290
20590
27153
34492
19119
8081
22419
36142
40979
44913
44315
37719
1495
23804
19636
3560
16458
15321
41148
4611
38772
42830
46412
37117
5567
19997
35684
16942
47837
2979
40514
39126
39920
34018
39969
9038
42098
12388
45179
49429
7300
5846
3499
25146
29649
23134
28705
46106
4806
36205
17069
43578
45386
13480
47046
17304
33477
32729
34246
47665
35707
41111
3142
41978
25128
43111
17367
33578
5498
28898
49358
29149
34743
2856
4294
30743
25989
49350
43200
30794
1906
10268
40723
13644
40100
37768
30947
39928
20497
31544
37592
22555
39006
40733
30885
14134
33843
48251
14063
5692
27148
13420
34840
28242
16275
5485
8984
8615
21187
18536
5760
23092
45155
46483
36735
35254
602
34034
25181
37450
31929
29124
26357
20935
19857
7241
1420
20051
21843
15482
25743
48991
28901
10582
43584
11527
32419
18920
20141
3605
37455
42252
26696
32609
5086
29783
34215
5688
30168
25747
43137
28448
4871
35845
15734
41079
43085
17153
11129
14928
32634
36871
30270
27886
13805
23853
39412
46223
42772
25904
49827
46578
18156
42874
29187
23241
39008
29753
28928
35527
5499
38417
13975
26721
24261
29708
17799
33698
13213
28928
14977
12198
15798
45246
40084
45954
35450
45847
42176
44574
21751
8354
41151
6258
1228
36689
29498
6587
16441
24778
42114
38292
29546
22440
15012
20158
2147
32811
3855
31711
11738
35183
43909
43887
30428
33992
39841
15878
46190
48368
26803
17940
6722
17953
24197
24301
4642
20047
47239
37434
44824
39352
25725
40721
11791
40737
10878
30290
23547
31085
12000
1636
16267
5908
45522
13047
6251
1714
45276
2441
82
22078
36732
23155
40030
27281
13807
11023
47327
11045
48457
8502
397
40533
49222
28539
31269
10099
25180
21167
7535
3532
39154
23802
25791
34676
36848
32042
2741
32123
834
19174
20552
37565
42328
10581
14845
6134
37956
28523
17179
2764
37024
33927
43296
36245
28817
40917
12696
20349
28435
20230
23880
17589
10383
49670
18616
13582
48063
21356
45704
15248
40530
16255
2813
49209
43188
34009
21695
47495
12532
38873
258
49555
39151
9905
2152
34319
17173
14847
4667
45608
35076
28546
29548
45459
44568
48163
9040
8982
35870
21096
24230
42751
3702
43394
41960
13241
27402
13654
10735
6285
18878
27344
22192
24380
37249
24343
8698
4421
39189
13365
16380
40616
8262
45927
2426
19181
10441
27818
28163
12663
15265
18744
5413
18966
12137
13724
48559
5890
43729
25645
28527
28958
2989
718
3337
6589
41412
28387
11009
30600
8103
43741
37567
32716
6019
39993
1897
32812
17810
46411
45474
33074
31506
17238
18391
43642
47314
33301
15883
41042
8946
44409
36352
11934
11478
6040
34874
2889
34426
12234
33488
8880
5974
37407
41596
11993
27399
9844
44804
11560
22606
6629
10985
4111
23866
29375
14104
21179
29028
29986
28573
37973
40747
31276
16258
2224
37315
1131
5113
38093
13364
4952
13324
19338
42358
4919
47682
36108
31114
8837
47667
3719
31817
8651
24181
5682
4378
38284
43213
33405
34622
38137
37729
25368
19412
3986
27591
23078
5116
49055
27522
34831
4007
40846
20520
12716
45764
34553
48824
43230
43389
12842
13300
41557
21493
37481
47239
42222
42116
6803
41978
26737
11291
29706
2104
47054
33691
46047
20131
5158
45101
47653
39988
15459
38498
26860
28175
613
11412
43350
10194
21153
6191
23494
12709
44035
27326
26299
36256
19441
33101
28233
46178
10743
24290
14633
7796
7980
10679
27927
29489
5780
41931
19477
21238
46780
12688
15764
13744
24099
9113
23938
11603
31656
13783
24312
25690
41108
610
28298
10548
63
22882
23077
10805
47172
37710
18601
5151
48388
12879
992
4167
4809
36820
41757
17940
49507
23872
31683
39957
32985
5620
1560
14640
19402
25871
6681
26861
42832
34978
37409
9246
24212
10485
36403
21383
48194
5003
42885
46582
34233
43876
17100
5393
30695
25208
23332
30201
49080
5014
20158
48416
10634
38069
29407
46387
13939
36087
23248
23122
37417
27008
48720
11628
37492
35122
49362
2038
6476
8598
14971
40708
2474
48422
46100
49520
23630
19431
46073
39061
24444
32582
37476
1429
20650
33234
14168
940
35672
3767
40413
23088
30774
39132
1067
34617
24253
16780
3006
30728
25378
17976
21435
44203
32750
33886
43722
6379
19668
6146
11791
10464
38727
15618
11892
25728
48851
42411
26667
34522
46177
17080
23962
43302
6211
41380
44271
46816
24512
47276
27543
49889
31604
15330
44091
14353
15567
4164
37083
35235
10310
48873
45698
15388
14490
23941
41116
29692
16352
17782
30565
28880
1213
4526
38534
23776
12258
32804
20591
36769
30079
48133
3009
11682
29814
47099
26034
45381
17614
13116
46967
27923
28340
42664
9663
42829
32956
778
38872
49307
18559
19437
44539
36124
40314
33072
9899
2571
15875
30489
5691
12305
44973
8699
40339
41139
5797
16372
36519
39763
45840
49837
34037
40531
8852
43699
49712
41807
44476
38583
7466
29387
8019
2004
15510
48333
1427
25408
17255
33653
5896
22946
45957
868
31644
36295
42006
3793
19019
44876
43555
31210
11064
27591
21740
19915
21290
21451
11722
15765
26386
19187
45151
34404
37542
10660
49088
38968
2419
16343
22620
8314
39288
34928
25534
20931
21223
33891
24723
6593
45119
18277
4154
6182
45868
42245
42449
33509
13696
4170
49273
40081
23356
10776
40836
27249
37787
39924
16216
40206
6266
5187
14871
45553
40114
6756
32835
27688
40647
7558
34280
2117
25834
4785
8298
38053
47030
746
21561
27077
21267
37186
33509
10974
14313
24344
38222
18451
30619
4437
8656
36884
9623
39879
48788
16089
46634
31623
43776
37280
39180
44408
5748
31365
49192
30398
35770
46221
47495
23682
39649
18762
10867
23157
29735
41531
13853
34309
9982
44471
5097
34989
47707
31072
24867
46494
47160
37853
28116
40935
41484
33647
35342
47232
31364
886
27629
17133
13458
25123
40814
3107
43884
18033
42615
39971
9563
6467
40631
35896
938
45727
20885
48644
26798
12103
11489
23957
49955
39605
14892
7791
39603
16585
5022
20966
17470
32650
38098
30928
24124
45264
386
34360
13296
43000
24330
39210
49467
14960
25106
16756
10686
12342
15399
3836
40796
26887
27792
7103
32843
9035
14893
38798
25620
19914
9763
9441
18915
14213
6720
43038
25828
7105
27397
5475
16457
18078
44684
15923
49389
36141
49030
26427
14834
14428
30262
5630
7666
8053
12732
6861
17088
27624
12010
9059
13889
21772
18499
32803
2336
41571
42192
44515
48675
19589
49989
15131
4018
44673
47405
3407
47165
46434
29833
11999
27213
10094
17628
1231
34498
46711
24443
17937
24334
36452
26995
4574
24575
11846
37376
43263
3416
45919
37777
18442
31859
37766
33573
35877
48790
47329
5635
45954
10115
35467
7952
37327
11912
41931
4909
46409
38641
29351
30698
29326
15802
7692
33899
6729
19537
37626
49991
39304
49897
37767
7746
31755
25532
7670
17631
40673
4998
39617
36627
15112
25083
10930
18791
3346
19213
40051
16107
7853
19402
46804
3531
1555
4495
3781
8283
40384
7759
24625
29687
7655
12392
37432
39409
4275
11453
23392
44948
16451
13008
47926
47914
4443
25207
33056
7788
44419
23107
23894
18624
8860
20697
22154
26766
41544
25934
35049
48279
44
26025
27965
7698
38416
31749
47107
9043
43201
36850
20342
26003
16209
34619
40269
20651
9825
23324
28439
4244
12782
18684
22867
21641
5733
11372
14759
13628
3657
16159
11906
3701
42183
6222
11398
46951
37970
24856
5993
47523
28057
42686
39877
44266
27304
46497
14916
37128
19821
9706
7723
48954
44742
30589
36947
474
8312
1705
14101
11969
17863
42358
32021
10045
48579
9770
6995
2901
978
29339
16775
29034
22024
6651
23299
49327
3148
4567
36455
39320
30624
10529
4625
25365
7470
41571
42190
15781
43275
22642
44101
27489
14999
26121
37534
13578
2243
10880
32830
3220
40219
49604
32253
12242
6254
21904
27921
25753
26470
30727
15072
7093
41255
36049
48810
48724
27619
7351
30857
37246
29993
24957
14734
11343
17430
18619
41272
19672
29499
24101
22891
36069
23704
21495
14662
29958
43398
42582
22062
36219
23308
3486
43312
30915
39534
8473
29638
17152
15823
10494
20749
45815
1803
35483
23510
19232
20453
14781
5255
49951
38882
28145
2371
12585
49639
17033
8894
9389
25966
30956
45607
15626
34441
5270
46540
40326
13742
42529
7477
29565
19375
28226
41731
21177
30060
15240
6760
512
46373
12014
16815
35254
6510
19185
14190
22500
2569
23084
31888
28535
20391
27495
10512
21183
32764
7051
27860
46506
49579
35336
42422
18953
29913
504
6481
26324
32096
29592
43188
28468
41605
10002
13721
48114
45538
44262
20614
14459
33697
18853
9345
20439
46347
19856
41621
29111
26906
19480
41968
42836
21168
34389
28141
17432
34892
973
10108
16987
30565
3295
11806
22169
13296
41878
36635
25185
36140
23600
39643
19836
42452
48987
40275
38799
18842
48247
34261
12099
34079
26228
21287
21598
26968
49427
5381
28211
16751
15488
11550
47315
18782
23355
35836
32077
15233
38822
23614
1372
12421
13256
37559
21224
12243
44185
26374
47436
8784
10634
9535
42862
3213
47173
30811
30180
46599
36191
24743
29701
1679
36292
27016
36812
25998
29203
18889
41230
18024
42502
8953
30444
22109
46512
1667
34351
7048
28041
48139
15831
5026
7673
25044
8239
21197
5854
4770
34147
8397
45864
13847
26427
32155
40862
13238
8153
36416
48478
15734
4439
7331
24687
34882
29440
37550
2901
30142
44597
47293
28280
26780
2318
2304
1823
26908
23500
24029
48030
7646
32425
43893
21493
8851
42400
28706
22088
552
15122
20566
32637
19560
44248
7323
20794
23687
44872
40046
3829
5821
37338
32108
32600
6007
764
774
49267
24263
24802
47296
48261
7226
7540
19753
32428
49939
14810
20868
16842
46283
7785
49479
32195
2032
23153
2988
25719
34377
9385
45899
40197
13074
44358
39148
19080
45121
39921
34698
35736
14723
48345
33996
38300
5885
20100
37080
22175
34909
7947
39017
47544
32083
4847
29738
34114
27999
49077
26184
12375
8461
22082
18923
21534
32792
8070
6965
27912
14343
8015
29999
45417
6359
13994
68
12243
445
37147
770
1706
11445
39786
49249
43527
10984
28986
43993
38982
44414
20176
17709
2874
8610
2983
40759
41401
27405
14075
35664
41747
22089
15663
3515
28448
46008
3582
7042
46453
7081
24163
48158
34877
13948
47406
44756
41283
42743
38748
46617
37156
25275
14325
6381
33884
33659
13491
41636
11063
27565
43652
19161
16006
25666
22675
10805
21673
42609
34198
34477
49689
8361
48986
34565
38660
12743
29320
29943
21837
34419
26559
8992
9694
7235
31724
9929
40893
45214
17917
18308
39131
11568
37468
21488
3585
26495
32292
41609
19103
16489
26086
18791
24849
41423
19707
13509
4166
15379
43451
26002
49797
36361
1346
25842
43595
49421
35771
839
10987
20039
19146
16469
31606
22966
37956
35190
49460
20247
43150
18562
36735
19235
3704
27936
27010
39762
41444
31175
5140
1246
23528
21289
37606
41225
47130
47552
40646
32900
14742
17984
2938
33888
34452
895
23205
22407
2436
22664
9005
45586
7577
12091
31172
27632
40026
8181
17393
47821
5707
22533
49066
45587
10173
3023
36811
7302
16926
43808
6554
31668
11791
25843
31907
46242
26738
5111
18648
45525
44126
44004
7462
18054
6095
38634
45685
46120
13166
29429
43941
35225
18313
9358
30811
28485
28733
33973
35787
45658
27781
42340
27325
39571
18182
25583
2165
11271
47045
37164
23148
41170
31168
30609
25575
37262
35594
37611
33381
15112
17040
43673
336
35352
19383
47498
30189
48115
31470
15975
43772
25602
24666
37449
15173
9199
13031
17337
20470
10076
20852
43617
17597
2019
40577
9524
39280
26171
47134
39013
7634
14173
32685
7969
15877
2067
21818
46065
181
3287
28391
10305
28889
19408
14105
10413
28606
43487
44101
15427
3562
14952
25395
37511
16971
15972
47034
22602
8494
10519
11614
16127
41044
10651
24095
6920
12717
45912
19336
29250
15550
14078
5906
10790
33485
20010
21202
12090
13496
31654
27517
33410
46606
2911
37272
29928
35234
657
2529
43727
11175
30495
9853
2218
41145
299
25489
20213
12562
11176
15814
28112
25253
21719
5253
8737
8080
26455
37179
21576
24460
31047
21337
21065
309
24960
17344
35543
25616
36225
29269
36790
16719
5474
5360
7863
5772
30848
28075
18334
42024
43889
12797
33628
31959
18049
8717
40039
10855
45895
27966
35315
43293
15654
22731
43601
40613
40075
45495
16228
42651
24764
19369
9369
46589
24728
33583
2360
21928
28009
37045
30303
38249
16193
13930
20208
34242
22646
10246
11448
34892
4563
13114
28184
20216
35845
38137
10828
42271
33631
43407
34921
24746
12775
10641
21334
3855
44223
40046
42134
22231
43442
22436
10480
9635
2717
47039
10228
41715
23636
21675
26606
28198
1141
21142
14765
36985
9278
25592
45607
42908
35350
46879
17654
48124
7519
5339
18330
18093
45384
10463
6675
38826
32898
17154
14812
1967
30544
25039
43681
4179
13065
20286
32376
14205
7779
47140
17541
17056
39083
13147
26316
24432
26377
43969
38908
33895
15659
7237
18339
11043
17700
25014
16220
16949
8519
31031
18915
39063
6069
12595
43241
35485
49233
41969
49690
7011
5460
17230
40419
44543
46729
16734
35326
23105
27054
40585
23352
42712
47822
41690
3754
31873
16703
19973
48821
41574
1003
34088
30636
23423
13034
23876
8908
12266
15844
24949
35629
37656
42178
26047
32198
5258
42780
33875
28363
36185
24460
18066
28896
38633
26107
49002
20505
42810
18974
35677
735
36329
36116
31370
26103
49150
21597
35010
27767
3793
9958
13395
41448
18488
5793
39997
23745
14924
23871
18459
1108
14682
2876
30004
3314
28983
29005
23818
38144
14330
25847
38878
17010
11962
20247
43113
11111
8195
44474
5230
11987
4432
18624
19786
39271
40769
9782
29367
5692
5
47826
6800
14686
701
3155
18000
29683
48511
8169
17826
12840
34015
23055
46202
45977
43301
39314
23439
17848
33787
45020
46186
4570
13644
15972
43840
20764
25753
39559
26455
25757
37384
49606
6795
4436
2760
24794
471
1270
32962
34648
30462
16977
7703
26663
29305
17355
32328
19095
35202
16114
14115
31388
37036
44110
13711
47227
14873
5815
36785
7679
47924
40520
7285
4718
44956
10044
29511
11778
27666
12472
46425
8127
45800
20479
1141
41456
37834
33468
26903
39387
49581
7369
37126
2968
1478
17188
195
32702
23003
3331
40380
20926
43851
14016
25643
5158
24060
5153
33287
1725
33976
46063
26203
46128
16542
27343
37583
20727
10810
14485
26465
26742
21853
29943
46062
39682
47130
12608
38735
20132
15938
45467
41057
9788
9482
16699
31297
49893
38203
14583
17969
38531
10646
44171
34658
43539
37865
38592
14265
15026
3077
7081
41768
41281
37023
4181
47315
34153
16788
2401
4284
32725
47867
11693
8865
23701
44743
6513
23593
32946
21096
41562
37828
48093
2084
22485
7983
39949
11076
38599
21326
30504
45679
29445
38137
32702
33625
1803
33206
412
4203
3841
49489
18422
15533
8353
42122
10276
14865
15714
9573
2312
23627
47400
16756
25711
36236
24738
32011
13663
13336
3336
44167
25367
49133
48655
24420
32757
457
7625
49521
21011
11465
49009
39432
26998
23713
31553
3625
4929
47267
29549
7241
37245
43300
40348
12955
29535
31438
11317
9549
11125
31005
3715
36491
30137
18721
10910
29245
35529
18534
28765
6540
46351
44125
45971
39700
17837
27524
43324
22766
41142
39224
46358
28386
32523
36705
7693
28409
18142
35361
37957
29267
16365
8024
32109
12853
26744
43019
8450
12273
27904
3566
35164
40606
47691
31134
30305
15527
25009
39980
38292
16150
29203
1001
10888
28077
37706
18580
6485
22199
3940
44442
17817
36657
18817
49926
15861
45560
9296
24310
24184
3551
44228
9347
44157
41918
6833
24461
7444
31841
30793
12088
47991
9995
29440
8878
38072
17145
43809
10908
5696
14100
5349
23512
756
24165
39789
32969
36077
49084
23630
26612
2635
17857
2311
13143
9774
9143
3955
33570
40983
34747
12009
5325
11094
41448
14202
15517
24945
24362
26424
30640
38462
48125
20503
5569
38641
10292
4889
41069
25727
28519
17681
44713
12727
19991
7855
22501
45485
28162
22422
36467
29260
782
41792
40353
8581
22345
22221
49877
46707
14997
30516
1520
29473
17371
7088
34465
44014
11977
25534
36092
6847
9566
30805
19573
45908
5011
8425
41392
33172
47198
44210
28784
47979
36001
35488
22912
24698
7709
22788
37756
39057
19656
39275
18529
37026
12714
2993
47391
41042
44878
33482
14240
4443
14286
33813
16702
35649
8589
8093
35172
5787
2303
13955
20117
4655
49443
43028
29352
23503
32168
17107
12559
1823
22733
31087
5200
1799
431
2590
9192
45309
36071
23432
16103
16709
23596
32805
18709
32184
40897
3880
4322
9551
34187
24439
14206
33629
33818
9909
7131
15985
27016
36041
17807
16100
33479
23006
17898
33909
41947
43442
45569
44370
16873
11672
27430
40468
44476
46138
22651
1724
16369
43325
11275
555
17763
41832
535
1580
1740
24017
33917
45107
10057
18075
11207
43535
7433
45456
43796
49379
38897
39364
10100
22121
1035
37529
12588
11862
18
1591
29938
16387
44915
41212
16941
29029
49395
33828
46960
1134
7844
30876
46241
17901
48951
23799
27787
6383
35606
21582
22113
40855
10946
32213
12975
28332
19741
41915
6546
19759
9857
36483
2497
4771
44046
35789
151
43440
19616
47110
10925
27460
44338
23517
11712
9640
13667
5850
32374
49273
27432
4486
40127
4729
3050
19453
49412
22791
11367
5957
8901
21223
8791
11397
42345
2836
13537
42495
46275
33153
5957
23552
26964
16646
47068
5027
26285
10735
10876
8658
26359
4659
29495
32837
25739
32545
2289
25151
5335
30008
47459
30587
17582
6250
8335
26279
9085
21871
35125
21712
21375
41081
11615
48338
7726
8682
3364
362
35768
14240
9019
12126
35250
38514
44962
10989
21058
13603
2491
42744
43610
16301
23330
27543
22550
48016
3821
47987
19886
38946
36050
41261
46378
47664
5950
4104
22697
9314
4465
8465
39905
29836
20590
25154
18349
15552
2494
5758
29154
4984
48501
39115
37637
38182
16657
10186
36197
20478
24524
22434
9423
10573
30046
5800
24588
35996
26255
47285
11661
47072
5749
1565
26907
42690
43070
11607
8241
11916
17364
3746
33251
15864
42860
20887
20397
25869
31073
6593
46346
21948
45378
22120
48873
25424
44271
23460
27771
36878
37096
39431
33949
42844
7347
27207
35534
16768
38813
10126
28683
6176
13872
11934
38391
23083
32820
8787
48951
30244
31731
11648
18544
27108
119
17416
2531
44390
40875
46653
31267
44323
36083
31567
3518
9781
8773
39051
26549
47585
15529
5231
3760
45752
33516
8502
35186
32688
17288
34137
29283
49018
12136
47826
26125
12255
15241
45008
22996
22468
8012
4262
16790
44095
2180
20307
3875
10952
25710
46775
8536
7590
2006
28647
3341
1873
3500
38526
34560
20787
39014
13843
36156
17502
11668
28632
29756
43261
39991
19103
32080
48003
23364
48869
8449
41895
35527
12323
2846
27588
9098
27733
35177
27455
22731
4869
29327
26230
9747
30239
13368
15112
44081
49523
32613
22100
28154
28720
31712
34497
47822
13791
32499
37537
29011
40947
29431
14538
19621
48628
8477
45070
26360
43654
22524
15442
48522
18203
41671
24620
48441
5038
39732
8873
20912
22344
47324
15418
1064
45388
49914
15237
9178
32412
2774
38189
23358
48556
19078
9330
47184
27554
4400
23543
37559
26923
38985
2433
11477
47007
27052
26269
2045
16783
1493
39308
5479
15169
4725
22894
10556
4638
38130
36085
37049
40903
24273
26758
5811
9702
36088
2994
37256
40487
26536
24814
33761
31872
43598
11590
28879
20650
37858
47275
37432
5703
36582
9262
20871
7659
32155
31426
12296
20285
17510
15697
27539
8135
42454
33349
34188
44893
36342
21443
1731
29230
12609
35492
27453
6206
13433
6331
43207
17642
19957
46991
23344
22891
6252
44214
30549
38407
41991
42844
25043
25853
8540
18933
339
17346
2282
34526
12238
4975
22321
13969
556
1281
15812
28009
23838
45596
691
17045
13237
37000
14035
36581
9890
20286
47146
6790
25044
39137
49633
86
31341
24525
35371
31679
8222
37652
32556
20459
8978
4876
779
9534
6156
32942
3894
29994
28537
4584
13390
8126
41583
27424
44706
17824
14061
41851
24613
5457
47339
40598
21894
45031
31474
7264
43061
39695
11267
25617
10153
20245
30492
27284
46130
3000
26577
16375
32993
21466
37310
46382
29591
45245
40157
24296
13068
20569
32498
4033
26025
46189
44630
14271
7571
42455
21534
632
32149
32801
26248
8653
19397
23091
35936
31878
26090
28865
14604
25434
330
1913
38167
29920
47157
28323
20567
26577
15244
19416
46961
41268
15604
7942
5538
23175
396
43424
40158
32544
42576
16405
41196
11972
5847
43484
10201
31937
38700
24804
23722
39029
43068
11889
35300
6577
6563
5866
33153
21806
25281
30113
29426
7237
4406
1315
46763
4801
44738
36920
37344
37313
19676
44891
15636
25522
4726
42188
7458
43425
33343
31180
32453
26411
9420
17752
49339
15982
39969
48843
37788
15250
28955
33565
22486
49712
34879
35600
4512
45969
22519
41855
49633
42194
3097
31621
17715
7823
40160
41525
1247
23503
39056
52
16265
48475
17803
15603
14456
7772
14445
18595
39373
9751
18511
28210
9462
3390
13809
30325
15710
36327
38531
15342
28520
41627
13314
12586
49449
3474
4110
17048
26976
43165
17099
9592
7991
1253
41546
38799
9024
22342
23745
14748
32092
42256
9309
7905
11997
23117
38229
27706
25795
26759
9399
20666
34737
22713
33252
34186
26186
3713
17585
19513
13230
34683
45456
21220
35935
37001
26370
11311
9342
115
26058
7785
8722
35367
32041
20718
24835
36621
14775
630
29731
24173
21295
14467
13237
20898
15004
5774
24611
32588
41638
4192
33622
37093
25411
19557
40445
18133
30867
49786
18247
23276
23922
26968
24994
22314
14037
16181
8934
28811
16810
5016
2983
4456
35835
32572
41706
838
38345
16316
49778
29983
36859
33399
33427
12269
19307
23872
30401
16525
40009
14999
6153
13931
8318
31146
2596
22354
13678
27882
1164
30487
32897
20499
1295
18731
3070
43000
35921
7766
25667
2050
4100
12525
1800
37527
41145
21107
11398
37898
37631
1406
19248
10135
31688
27566
7633
34284
16271
21310
12165
17435
18149
45061
4285
19443
30144
23706
28794
16064
47823
20812
34465
1923
49688
36264
39449
7184
7370
846
45081
11353
18603
14329
21487
291
8246
45471
34574
24516
16781
13090
8302
34929
8150
28938
20723
4645
2643
15868
37060
466
36679
21524
2388
2718
7788
8188
9901
31509
25385
4982
9213
43987
35662
47052
10629
10259
42522
11554
1126
25654
24643
9428
10582
49145
38365
47656
3789
7360
13523
40849
7825
16553
28724
26564
19270
2863
34751
45523
34372
10135
16856
9936
20473
2517
23339
31102
29127
32213
42655
30252
7866
17298
6031
34800
32794
44396
32455
36582
1755
12330
27430
25931
28882
22506
2494
14504
25368
3596
10026
26091
30082
43233
36027
16906
12101
25717
48007
41227
7929
7014
21478
15795
40663
27509
594
23456
38256
33048
26389
6362
11729
3819
32292
40611
26324
1137
21466
18043
4732
47843
44134
1165
41075
30160
18070
3175
5876
32429
44401
30157
5794
32230
45951
46456
26090
12896
36263
30697
12295
12651
37058
24024
32821
35701
14634
25496
36837
2451
43539
7920
16645
37672
9084
7719
34183
43506
27245
6410
25934
37997
36566
31727
20226
48868
44534
12668
11763
47148
9716
24058
9798
13126
48081
8971
48826
29066
34466
2015
47868
44356
26286
14512
48379
1722
22230
48913
45227
49474
5323
37512
37470
8240
19238
24047
7108
30123
3066
18870
27270
29134
9279
3419
42259
23711
12389
7436
2776
13207
9450
643
23914
35736
31506
22293
37457
3735
21205
49035
19560
42879
36546
23381
1119
22135
13780
8226
2257
33197
43447
29526
12330
19078
49296
20940
42788
11685
28376
11916
41243
4177
12558
15156
6264
10416
3800
10072
30502
25005
9106
62
34235
45651
39794
35353
17785
3573
9930
36393
3122
19729
32270
15451
38806
31566
36391
31593
9602
31118
43508
844
35294
22418
32351
41558
32833
36151
1629
13334
27507
10735
29747
11741
22737
19541
13446
6874
39465
23375
