10000
16851
6781
1567
16968
5184
301
34342
20984
28548
30193
21825
45066
3650
25681
40658
20078
36778
27320
31125
6805
14483
16022
13879
10034
7043
7883
37419
26022
777
39965
19321
17627
13098
20887
947
18281
37539
1640
39265
16086
48184
27441
11151
1833
19473
1808
38262
6250
45479
19386
29407
9962
1759
9637
19995
8801
17519
23765
34823
18295
30081
20495
2274
9530
7733
3220
27811
45271
4859
33427
11356
3042
10867
22507
21226
46691
40666
9487
2941
36145
45224
48699
12458
46983
8335
32452
5783
25853
22568
6957
10499
19000
27451
12772
28530
35183
15991
22692
46805
37201
6118
8161
40242
33336
47019
11467
30026
37684
37305
49318
40180
32529
48016
2637
29511
22702
1440
1645
48554
40359
8602
25405
9359
2404
38176
4240
3939
20519
26931
743
7719
49400
25255
14313
32735
22273
42131
29112
26309
45788
28430
32840
28316
42797
35477
24178
15499
3268
25822
30404
43627
775
5808
19337
19531
10336
23576
23469
47206
16858
40563
21276
16257
15818
35588
48991
4442
44071
28102
30750
39858
22883
13590
34525
15680
15418
8702
47530
18685
875
27933
12311
18002
93
47999
37532
10428
21574
11000
7633
38431
17914
28908
4687
33731
30848
20029
38173
41270
14483
35274
31127
3717
15215
15651
19396
30632
40704
16925
49317
41578
11210
27979
9579
11302
25978
13462
38081
13903
24461
12065
18686
8727
7324
39724
42457
38171
26105
46981
29440
6939
32255
26918
10655
47469
42568
46403
44453
49623
13327
10121
7553
40888
4451
33483
2189
46780
46945
40269
10683
37757
18685
45720
46483
26009
35443
38940
30531
11547
2272
26323
18485
34526
3240
29140
48347
12160
25542
42799
11782
5220
2919
19334
12460
23721
2817
14648
20501
49761
21269
31183
37517
39953
43254
352
32313
28696
5643
12844
6595
7914
39166
41431
42440
42405
36922
7138
20916
28815
49936
32698
387
19206
18383
12846
42926
21199
27493
13426
37311
15113
10960
41180
21418
4213
41531
3730
49261
47173
32925
22207
5086
22090
13637
13877
30847
559
21014
1762
29373
20949
811
29759
6506
19194
42604
15784
40392
36449
45561
44055
17913
6521
35234
39330
27085
43116
9412
42697
40288
8688
14903
11725
47130
28540
25602
27976
45450
46615
46089
24822
33916
46900
4581
6773
16093
13536
22556
22836
49984
18117
16890
17897
40989
18475
23578
34425
11590
49341
27122
18229
8029
8376
29954
5158
3267
5555
49485
48716
18521
45573
23538
18788
8824
44470
25561
24916
8005
14468
14104
24341
32584
30993
8589
39924
15820
48518
24349
27409
14211
17822
45638
38591
26197
41943
10100
45816
13849
9584
44531
32369
21508
18068
17509
30332
28889
9421
21599
36894
23888
35702
27586
22824
33047
2526
12747
48866
1043
3447
42626
15253
21268
4615
3843
13817
46557
13942
9632
10405
39877
20514
9126
11385
38582
42986
8068
33822
2406
29666
37067
26293
15368
14652
15468
14766
17177
28215
13631
34572
48013
22608
49824
35633
27223
20019
15801
23779
312
25432
536
6541
12297
26013
34277
17230
18998
42344
1052
21403
38361
38118
14047
20080
2770
29515
34845
36298
24081
14827
20869
22093
37435
37045
24077
31009
23415
39877
21139
40078
31660
21674
46618
43957
47686
30894
11186
33035
39589
12237
20789
27950
355
34836
48029
19476
30702
32874
22125
21134
14052
9346
9578
1486
46390
33655
32494
36156
23531
3633
26233
5191
41658
39203
49147
5696
20096
26684
5082
26037
38921
25871
3986
5627
10706
2014
41454
7759
1239
13578
28892
15291
39275
38469
33128
2016
22123
15622
38171
45654
35606
30756
17196
43615
19958
16342
15662
6405
43025
20744
32441
48297
46614
36426
20275
23671
4792
11728
31429
22382
41658
10320
37672
30932
48788
20800
32948
20911
2773
37470
16564
4730
18225
111
48344
38182
16452
30358
10939
25828
1101
43379
40477
14066
46157
10751
37736
17300
38831
19164
39681
46840
29483
27353
27771
28270
14504
27070
15532
17276
14540
48447
22005
49116
48557
36700
3650
31360
33409
14588
7188
34509
24318
14016
48574
20474
41118
2661
37773
46300
21824
27454
43139
1306
21158
37262
45928
35661
30683
11459
2936
11574
9906
41292
10690
24814
44343
14339
6174
27752
45278
13361
28612
19595
43728
43538
6421
34845
46198
10545
31145
34374
37998
40635
35679
25507
27896
47958
11167
8579
25769
30454
20152
2026
38097
47193
26839
32440
11531
33012
26543
23160
12724
21506
9107
6451
15043
15527
7648
27593
26071
5144
11966
30421
45778
13996
5927
23674
11954
33446
48604
37722
13899
35107
6099
1996
32300
32937
787
10182
15949
43681
33342
28672
15186
42448
35123
46581
24326
9122
24173
396
14265
36138
47168
10042
133
19447
67
28438
2892
48670
32511
33142
129
38609
1489
32428
37898
18627
42609
3846
12307
42302
32517
27493
1101
33991
40425
25426
43112
14597
42174
23728
17086
39341
33770
33570
25139
33836
28360
28030
48858
10870
27524
48986
15831
29012
47765
3728
47639
40373
7573
9945
49027
6441
3789
127
6784
44213
25553
16247
25161
34078
39975
8598
39770
23744
42168
14909
23931
20527
9290
39140
47748
36813
4477
29930
15825
2241
33657
13463
42614
7581
39759
41640
30374
9900
41766
3509
20464
33670
19755
45625
17747
9729
4222
23869
49824
12741
38777
40107
33267
48066
29246
47367
1231
33723
27296
17055
35963
27305
46869
44928
34885
2979
2919
31610
12878
11037
35118
33342
44706
21225
45318
28805
30953
15891
2673
47129
28632
7801
3587
28250
22218
32832
25616
23448
32906
19264
6854
35221
46568
3722
46500
47804
6701
49419
45766
35930
10455
30883
35623
21512
2107
30940
16668
49412
46831
35692
12892
25462
43492
16478
20063
32062
15661
12031
5509
14919
31294
28715
139
44213
32436
46638
42016
5488
12408
37781
7770
22862
35016
43392
44374
37122
24332
27393
2885
37514
13085
15776
29327
6576
48605
49389
4989
30618
11419
26850
45536
42712
5564
12026
36924
4351
8663
45292
26191
37423
49424
33960
10284
34439
27351
21009
37913
18034
48402
40797
21899
11486
22925
1225
34413
37881
614
5754
18498
28384
32603
14033
21096
38166
26058
24371
42516
1073
36014
18706
38495
35438
19017
15130
19876
46368
2491
7788
30753
17244
14937
2652
45081
4213
3876
45845
42093
20841
1598
10591
49225
34200
40975
36672
38717
33385
27394
31233
34457
13408
16290
39303
48845
35307
20784
35072
48026
23274
9212
45130
40517
24148
47781
35597
28360
18009
31442
36804
5201
49391
47394
4425
33591
4721
7448
22307
38105
34842
19891
38913
14601
36181
44567
29797
21487
15350
14868
35864
4976
24079
30993
11844
14578
45126
47441
42937
13134
45234
46093
34686
44624
43486
39111
44566
14558
12910
16873
2662
14103
3115
7926
28703
39295
2492
8499
27133
34194
23367
12996
39169
13797
10341
17364
28375
5466
31156
37663
34951
26389
33755
19636
37365
43593
25098
31930
8150
38008
15154
27164
2110
18269
1441
30813
23915
3933
5663
17400
4478
45381
30395
9998
9178
40735
27361
3904
12552
8517
41566
47502
1257
41673
17138
38621
1617
42235
36903
26118
30242
18408
3281
32352
3028
4722
29516
43295
25006
35178
10694
45835
30559
41088
5832
6088
48175
49544
9991
10726
24412
17908
8228
25669
25932
41717
30641
27548
33951
17543
3666
14193
2303
23298
12896
5330
28019
8763
14976
19376
10292
25669
31562
7202
33109
3745
13289
47635
3289
39631
8360
27700
7539
32939
19720
33470
24655
361
11018
24958
34255
31035
39150
36557
4332
18397
8239
48703
27159
23214
34430
3802
48883
15992
11004
48343
19736
24292
45977
39376
13923
20688
33428
37813
3627
3147
37634
44633
3507
15003
19590
37762
46037
25091
24318
369
9839
48908
49071
36997
38474
33500
40799
3708
49491
18154
2050
35579
42445
48026
24954
22719
18713
8381
10531
38691
11528
48165
33324
31386
13167
19265
19147
25556
10708
9817
25924
20546
25076
24994
7543
13549
24845
14693
17256
40688
32846
19305
26266
41642
33682
17571
14361
2395
42304
41243
41085
20183
5759
40760
1568
35278
26377
37067
10833
37084
13235
36756
7629
38310
28101
31523
1859
2945
12567
35466
43632
45412
21123
36249
3406
4804
20172
34118
23550
28827
41712
30987
49009
47471
38098
16928
32748
14474
20346
43580
1557
33580
46687
9186
38242
24787
40708
40100
44083
3275
41917
37715
15038
13039
40315
34795
34195
10486
18912
7744
39312
10624
5082
4672
24446
43180
37952
7193
7653
24649
17124
9210
24581
13810
34747
12822
4948
41806
2921
49030
11432
11189
36744
42822
40580
43411
27616
24774
20248
12880
48869
25912
39855
3951
46935
14300
47130
34886
37844
21134
25887
4967
46695
467
35128
31441
13288
40075
39599
32560
39104
1030
43748
42200
43851
34327
1962
37819
25452
22209
698
24321
48120
40552
44623
45055
21203
8104
46292
9046
29237
22178
30364
42284
22644
15491
40076
35931
21917
29674
34842
27372
47056
28590
35923
40906
29268
37884
45076
4720
10093
45773
29040
8212
2676
40014
19618
40230
48117
15910
49275
27353
38087
45990
35988
27083
27832
26064
29365
49748
5737
14207
43472
2792
9148
29394
10050
38415
17278
5125
43134
43722
17250
38525
1933
19925
28538
37903
10155
26654
3812
25781
20359
8250
21771
6346
1684
15954
32409
31049
15702
38146
11607
9173
7289
20754
4918
17338
9168
22195
38815
2302
32268
6064
40826
34201
42340
19364
38455
18846
12369
8618
10979
32727
16867
32749
5425
18551
48702
37833
15951
30755
42330
27557
6279
15971
48310
11197
49660
7477
49743
38474
26130
32011
10889
16956
32563
3229
2671
37369
38426
15039
45986
49404
14118
12852
48504
19542
47754
13558
23726
30056
44312
32408
7612
16943
48378
22273
44491
48037
29750
10585
2863
5879
8947
13751
39186
41509
33331
8208
28877
21757
39599
24862
21160
3716
4066
36016
39609
18171
49573
29686
48227
10236
12093
5838
27178
26822
28111
21668
41211
24212
48605
10425
46442
7551
24175
1980
15412
23858
10187
44288
11966
49785
35502
49477
19852
5919
35492
25812
24089
35064
5498
38667
45300
33942
10857
38829
10764
5319
26849
18326
29530
25453
28750
42323
33003
19276
44302
48414
43133
20841
9054
5098
36977
10907
20927
23181
33177
6418
48992
23617
41482
20841
12284
3133
4783
23140
41961
31898
28458
18809
223
24339
10613
45324
33013
43616
14599
27315
8381
24084
14507
33786
45533
17835
44692
16459
7367
44220
22877
6359
17837
30710
43551
46472
194
14685
19611
42154
46582
14420
27315
13156
5110
4279
24831
38122
14246
5782
31788
22627
29865
12646
22764
41749
30481
17456
8208
37847
28027
47436
10557
45863
28145
4108
42334
44690
18792
28296
3195
31726
42715
30509
11233
14176
1140
36064
2298
15385
41845
34085
4363
38061
46731
27127
29809
43563
10934
38016
31409
38960
1803
8318
34823
46299
28777
43508
40988
13920
21804
44183
45645
30870
41043
23230
45046
42182
9293
47343
7567
17489
47779
11929
5549
10861
5407
1709
4423
16340
6077
2184
5300
7879
10501
6474
4178
39277
49981
45165
3196
38136
39347
15193
19006
46742
38422
30403
38923
14066
44097
12841
31554
41875
41122
3454
2736
46528
5162
7158
12868
11238
9341
34519
35469
19841
7344
39646
25469
7324
34810
28665
11812
40509
43857
30817
37250
48630
27571
42524
12695
21667
5365
10600
13541
46486
14053
16276
9365
35566
39786
22232
13156
15478
23102
48624
1671
30445
4621
27139
4121
39430
22155
15932
46290
32363
13100
49891
30992
40670
42415
43686
12336
47779
4285
42228
10616
34689
24856
19980
36607
30993
8564
16114
46470
48017
31089
48140
28462
35709
41631
48934
41490
13785
31217
37780
12500
44316
37670
43491
1337
46436
3529
30024
10566
24165
22251
21181
25206
47106
7513
11812
28098
32428
44277
40920
30444
25365
5411
25257
11073
47041
24190
2562
27178
5406
6693
39677
16073
10715
49519
17409
7150
3047
13784
34068
27212
36035
5248
2417
49492
29112
30580
43942
11539
24856
1213
41983
16572
6623
17239
27644
3664
7781
46557
47193
13186
3250
3221
45611
13964
2739
29371
37465
5786
43155
21532
49349
29189
43132
1765
45032
22243
48696
5325
134
39903
6537
8468
6474
13160
42058
469
33175
49838
47025
46719
29376
274
49939
24986
30589
2677
4356
34406
8462
13862
5937
24162
9402
15420
25926
4434
4015
40973
26110
4148
30875
48999
12615
3700
28510
4672
4168
11684
20862
17545
24754
16589
17818
24692
41574
14759
27368
12281
49164
2182
42495
21452
26343
1896
36872
18621
22681
40886
25945
48791
45033
23172
47789
23999
26871
26298
45022
47391
4333
32235
14935
29086
48823
49104
3777
6748
30214
47496
35381
29377
16029
27875
17181
8724
29770
4052
27344
2451
11289
19640
17593
22673
42811
15381
13023
36034
8030
8044
33424
12362
6631
14710
7799
5453
13813
27927
12201
10379
41774
47581
39755
7803
25455
23287
16526
21576
43690
10221
24026
4978
46212
41618
44002
39023
23350
7024
41408
31379
31420
24831
10092
38050
5892
17890
43502
19704
12168
22054
30082
3942
19634
36189
28096
11440
25827
10973
33016
19517
37545
23393
40846
33756
31363
34848
22778
21064
41871
14185
2443
23290
5367
28886
11339
11258
13128
21193
47314
25295
43246
43747
45588
29232
46287
23683
7023
22114
34655
6390
7982
22199
29783
48827
22307
27497
33674
11436
48560
41897
41973
17354
15186
47339
46240
42877
24949
25719
30421
38614
1013
23666
32360
12953
2897
44999
36635
26272
33464
37642
32661
41445
26192
28795
40271
48498
6291
40297
9934
21203
32193
1906
38556
47378
15596
1147
6606
6896
26865
37026
45509
44230
27044
44221
7182
46292
39219
10168
22563
22682
14161
5224
30478
40353
34018
20748
5202
6661
11044
31487
27863
43236
33392
16418
6966
15340
17565
29923
22235
44429
16949
17744
38658
10344
28316
12191
6635
33886
22359
29198
22919
36519
773
3396
43223
34790
24143
14777
41450
1539
46263
35664
44774
46007
2082
18091
11346
35998
48014
49932
46778
31314
34027
1788
41657
12342
13978
48291
46227
2688
43840
19145
5559
44612
22540
15133
45754
13035
29909
3555
14573
26172
39219
25698
22178
7652
43789
49875
43649
8154
49806
40426
5819
33833
8565
47475
46174
38895
12117
8753
41582
22309
44249
13492
16920
16789
28625
12673
46175
8533
16228
10747
34704
21798
2796
23233
29449
12936
23107
23097
37441
39265
29874
43259
23097
38439
7085
35622
27333
19202
10726
35266
41510
4975
48758
24781
38115
27382
37454
34289
2266
20033
11387
3322
41830
14182
26554
21278
43470
16013
10726
30910
21629
6951
24169
44725
11741
31253
46698
39073
16806
7424
40691
24667
28750
39448
49448
16864
33181
3253
17504
35446
39637
45242
38767
31466
25775
15321
19095
19244
47685
46172
154
19313
3122
40674
30389
14863
38278
43438
20287
5084
861
10977
29750
45962
16776
45549
29177
49956
15153
13032
1754
4789
8273
40520
2606
34048
22192
38052
19643
19876
34223
36148
5540
3697
26821
2280
34911
15099
45718
5197
36534
12930
32526
32635
8892
49301
28184
38068
15609
43336
17452
17362
14477
25724
24233
17082
26123
46425
5134
12118
32652
5708
48265
38192
9404
41438
40471
44314
22888
36188
15863
9421
15470
48388
8407
24361
14040
36590
28780
46000
46278
46231
29713
27106
38307
3946
44187
30781
370
15672
42898
33021
21380
7515
37564
47135
48952
44387
41449
21839
46926
23663
47611
12395
38402
6017
3107
18793
8959
31887
14793
21588
44469
44505
48693
49127
14802
9231
29908
15171
24903
22805
14544
12634
30319
18459
9768
45622
29197
17568
33812
26123
41230
31422
4869
29631
3791
7976
48424
12749
6214
29568
34336
17034
40424
49380
16161
5226
8610
46068
36748
49864
35224
1291
12497
31895
36102
22265
43868
15298
6184
27680
7772
47414
9101
28993
43396
12891
3320
8171
41991
25885
37738
42678
42918
28162
42057
9078
49739
17019
21497
36486
16882
23073
4129
29379
4967
40230
17995
48834
21879
24178
42865
46003
21591
1966
41347
31339
31208
44666
39509
39551
20550
43599
32228
29819
38112
24285
38897
37850
7655
26745
40687
24536
49817
44815
3914
21135
1396
21908
36321
39627
46086
29185
1981
34028
47502
43327
31718
45062
37992
37579
34612
8541
31177
33191
38359
35640
23827
43607
23489
31481
36704
30527
6017
2872
25342
26282
40359
43089
48190
26679
49067
10627
22215
1047
11006
36069
44373
42724
31130
32364
30302
32093
7256
27830
15283
11967
13469
39110
21925
3309
20590
8628
33835
42958
27852
25528
19240
18210
34969
17429
11240
34035
44407
33454
35082
21764
19522
29454
30839
17003
28170
27492
15447
35425
5321
30730
13743
35141
36191
35668
38449
6780
10647
38636
49738
38498
30515
35329
23059
15483
2757
34298
49518
13515
34104
951
1630
19977
46756
32469
36980
24925
9960
2426
26702
31633
49507
40444
16773
35697
42463
5222
8829
3110
10209
24918
7959
40723
10246
31018
6206
29354
31667
22075
9220
15770
39377
10849
2099
36132
43317
39078
11057
19629
7855
4110
1261
23714
44553
18033
25762
37016
39606
34590
6477
49814
25859
30787
40537
36104
28156
13094
31809
9823
1520
41028
41944
40896
18229
44042
27027
27897
49471
4435
47525
23678
8544
48785
47391
19449
16818
23152
22816
22775
24094
29292
22589
49952
26430
13125
2408
4586
42570
568
14408
44089
7948
22703
34984
26176
33097
12010
4072
32567
32797
1597
22596
41340
16733
36338
10788
49902
25842
33603
22677
49935
29246
45265
16238
5676
24741
34997
10261
17310
35565
41020
11398
9864
13722
12733
36039
46818
41094
6462
45737
23890
24410
18332
15230
41143
21022
42369
41044
46863
42324
13720
46797
21569
25336
29386
27244
76
14383
3856
33737
16299
11227
11486
26162
24949
24218
28552
38118
15312
35013
206
39201
9423
34890
20782
565
5911
29503
7960
2773
21826
38032
15921
43394
13367
45306
36990
29795
26040
7197
29883
42338
18424
41369
34851
9724
31938
13402
14193
13601
48415
14399
2802
24189
15640
39935
24753
21550
19437
49064
40674
41262
37095
6594
1008
16814
18251
4349
12960
10643
11545
9194
19332
29968
562
4183
39691
48852
33936
3884
12452
32350
34634
31605
22890
16625
21540
13994
38174
7328
13058
45199
48590
16504
18144
15949
49669
36394
20297
12628
13388
31841
21822
32720
11809
38735
36902
17851
37586
20837
38086
16390
19539
39071
47994
42428
5695
19533
6422
10220
26861
35831
5418
41802
2334
23561
7750
2003
26307
44398
30982
6046
26238
19155
38765
4398
7890
42018
38601
11827
12855
26686
28216
48745
32109
42562
7524
37803
12094
30297
48023
5306
16127
19792
13459
34813
9705
37560
36815
2363
31957
34148
8408
8195
3303
47173
28944
27544
39190
17544
5722
18396
10582
290
33492
42690
42851
41016
30492
21296
37664
44866
42954
3791
14658
6412
38603
40714
43972
41769
43076
42280
42268
1483
16826
45570
15007
45770
39465
4197
29665
45187
38944
40246
45476
22436
32935
4678
29803
29779
25973
17466
40996
18926
37608
22005
41690
42562
12718
35661
34330
5793
44292
26598
23628
11118
38519
38634
6887
27984
9182
36551
39522
14478
43149
34997
36913
42435
6026
33067
38565
31998
532
29561
17276
4492
1565
8965
47053
30635
10977
31383
36427
5268
24332
26406
16385
12850
31392
39623
7185
40573
26174
46706
5050
35674
48054
8314
28108
4079
41380
16673
36077
8264
46233
19704
12755
14149
28668
9807
44783
39644
7541
47562
44911
31872
40319
27648
11074
21710
17270
34610
12283
9795
31316
33684
45468
45721
8350
23576
49800
49729
6600
2228
24344
2832
21931
37098
33332
598
13257
44467
6593
20797
42028
17855
19021
32346
45502
46446
20408
29124
31055
49042
38918
28722
32725
34386
24443
7426
24313
24242
23507
30912
42821
47850
95
14751
1300
33426
31700
30908
27892
4644
1704
36271
22498
37076
34969
34352
49873
5376
13475
30928
4417
2392
26001
3493
3129
16795
10919
27441
7388
777
24704
208
48626
24798
31310
16277
24576
13009
47184
2467
17652
48888
5090
6502
2315
40058
40853
2188
11785
4327
49467
32553
23070
41819
2397
26199
8614
29667
19991
16001
30443
44695
16209
45421
35844
47518
11697
10419
26879
8881
29238
44530
24120
34327
1031
26434
40736
41883
44973
18872
12561
10791
17776
35631
2610
20172
28181
11223
16191
14523
27223
12985
25569
9783
8405
11413
7301
20102
38183
34179
28982
17420
45060
19453
18098
12443
45886
25185
20677
7211
44056
33238
18001
28183
35220
36962
14707
29752
14536
30897
44274
41759
43881
36195
17893
2286
13959
41545
38739
2141
42075
34072
35913
37135
3524
4010
49577
49409
45547
36605
22971
5954
36194
7324
34137
21413
44285
48843
17516
8821
29739
28142
16931
39971
14336
34823
8608
28294
42720
47346
30434
34794
31417
32698
21928
34940
36708
37856
701
32254
24461
23671
38207
10654
47346
38695
48419
7983
37537
15934
33155
33627
44075
85
23598
24762
1259
32205
3055
43978
45903
49841
28772
27319
48890
17051
28611
35597
21259
29311
34202
12071
19333
38761
39076
33031
27455
37494
41013
31344
19780
24167
14970
30206
40603
4919
4968
41861
3476
24374
2191
49378
40566
47314
43048
39456
30716
21658
41404
1974
17320
41958
14044
3005
47070
19472
36035
24524
6965
27047
22219
43096
17565
3541
39654
8167
8459
10973
16379
11934
35346
18569
27663
42264
32234
20711
48071
12950
8720
5826
31275
26040
47783
11671
29044
44852
31142
31430
35728
38106
24828
7946
47554
42392
11486
37207
558
36297
48179
16936
48230
49876
1857
42245
8491
34090
12955
6561
13391
21674
12387
44666
14065
26521
22688
9460
21373
3829
40889
7100
8286
32068
31397
5839
24459
9235
9397
25016
45531
23927
8304
10112
23803
10160
2356
48645
10601
31662
21558
40344
3336
33944
1361
33752
26816
24048
9564
48188
27876
16804
21639
36161
48872
19388
8352
23330
28622
17748
14698
24152
8027
23001
615
31829
49512
2971
46825
26464
34632
18382
33159
4319
18677
34519
38071
45493
8566
13986
43680
2793
30789
31671
5306
29660
1058
30009
19342
46031
14108
34039
36534
22134
23391
37148
20314
39254
40118
17139
32069
41102
35520
15228
45420
4197
49746
49842
49689
24664
13827
9720
43808
10968
7742
49113
40627
8799
29121
9968
21181
43229
10358
7714
31714
33748
44862
2028
39353
1331
19166
21422
42432
21037
36649
37852
25233
2746
4045
41273
43761
34224
17345
37569
45191
41438
3033
35817
16589
48506
12137
37769
8086
22494
45483
39799
22594
40344
41826
11946
41674
27343
49719
458
48380
36367
4661
39964
5465
8705
47589
49225
9280
14933
36793
4470
22722
39826
6639
39310
38331
18775
27079
46416
7620
22561
2566
46565
29256
44392
8511
37281
21734
8229
37738
36465
10948
42398
26429
16412
17455
24017
15636
26734
5301
18781
31204
28022
24958
4194
17332
13288
39320
10762
26055
46939
33322
28620
43504
28929
39363
18366
16209
27449
42946
20299
13913
3893
12696
6693
36656
46502
30709
18644
23236
2361
37424
20791
46735
12381
41336
30418
42020
30655
41179
34426
27593
40852
29397
37448
19780
18760
5813
2340
12560
15111
22638
26472
19003
1686
33165
22011
14539
30225
40654
4126
48938
44429
41268
12024
23161
32603
42441
31532
13257
49971
32309
7202
7174
11705
44649
43305
46816
16814
45644
9375
31924
34634
2199
17278
2671
1715
39288
17209
31939
46293
21335
47228
40721
12602
9251
30233
45205
18043
11764
8461
18013
44072
15662
25186
22129
26663
34842
18944
43476
30486
44671
25399
31471
13221
42676
34141
14935
48316
1349
46873
10960
22683
10453
1681
35285
19703
48265
46841
37746
10029
5301
22110
20452
37315
47296
42580
13977
32137
27876
23804
28974
38898
15554
10444
2118
24581
44584
17052
22896
45933
30276
33856
34967
40728
1888
20251
10431
152
17091
48176
26532
38744
36637
13336
42410
33932
5915
22738
32421
142
46541
27746
39039
28446
4542
41156
3026
49125
8207
42274
11409
38483
42481
46376
29210
44368
32978
5992
10871
16421
20519
3755
21516
7156
17090
13925
7439
39356
3014
6211
39498
15906
33957
44888
44351
38498
36044
47376
3974
44250
39649
31735
49084
32129
44462
44646
42848
27439
637
20071
10211
21156
23825
31726
28311
7266
12002
2101
12973
15015
8312
2470
30920
42268
47358
41622
47117
49753
38998
17442
10354
44998
49176
9438
43479
43637
4083
36326
37428
4719
22748
13990
42226
12924
12068
20536
20189
24069
22637
33162
5436
47300
1983
2707
39567
15692
44329
3035
31796
49678
20476
42150
44675
36004
1587
4505
29640
5669
40831
33419
26739
13578
47409
18965
42854
9476
5852
13042
49896
44840
12555
21683
42139
30890
40742
48057
12933
1422
17443
44729
1099
37919
36878
12125
40274
4816
16630
36265
10484
23812
19684
3574
3741
33444
22538
46594
9271
44742
25988
25518
39581
4894
47201
48072
35783
4294
46128
15068
5715
13571
9796
23165
17841
13025
1641
8114
17840
34622
44378
44675
24785
30413
48248
28526
13856
37138
41471
39478
48231
33810
14996
37811
38704
28548
35882
40838
49193
48362
5905
4907
28284
32052
44423
46124
45076
12415
20589
29267
47037
31318
40293
38173
11731
4893
16698
41938
42030
24521
31416
6612
8330
12763
44422
13385
7662
46656
4223
6854
45017
10127
28112
23300
8531
38886
35775
3606
1300
6363
49225
14688
37680
39517
2861
15762
44409
35910
7700
2790
10430
5467
9401
35112
34581
20175
48496
42242
16830
2718
15447
28198
29197
43558
17849
37727
32443
3623
7684
94
26337
23260
14782
30368
12777
17642
46130
23537
3551
20181
26327
30333
41999
35727
31796
42931
22253
30291
35172
39082
49361
618
33631
44909
10527
1479
48987
42969
21453
23022
43062
47789
46282
24195
28157
25410
41836
40638
48946
11739
27170
25272
8423
19168
27351
40218
28450
49603
36860
13621
5037
2572
30590
38667
13832
41116
40146
29170
436
11598
2192
9849
25739
14825
34044
20247
40234
42231
10884
39179
3969
4405
14451
28743
39924
8153
35312
18373
7755
22172
31993
12791
41095
28934
17810
4927
36401
7955
34096
36836
35904
2639
13036
27994
17463
47079
48240
7696
39310
25475
46875
9630
29879
27677
38373
19802
35829
23684
4526
9935
12207
36518
39078
3302
31803
6887
24580
18203
31193
25027
21390
33448
27666
34426
11442
11480
47856
9681
35528
37165
1508
48754
13147
31386
26430
1519
17540
28610
41554
22065
38544
3761
24935
43973
23414
23089
859
14345
41292
32051
39371
29033
31851
33388
29810
43292
11220
27666
19324
46747
31182
20831
45500
44328
18569
38281
45846
36108
16890
3752
24524
21785
23864
49458
15758
47277
22547
16616
11621
30190
15019
17343
25574
46869
731
5384
6512
28302
33049
25835
25048
14230
46666
20547
8558
31586
8827
20755
17693
42068
40858
42216
13852
14721
8026
29609
11997
46924
12577
39969
43465
43947
7312
19038
7167
24394
40773
30030
2695
40173
5864
44094
20755
18881
14640
29312
466
39818
16418
34510
31885
7276
43078
12088
21996
17455
8049
345
14378
36977
40313
24194
47275
13976
9583
4441
4721
356
34470
23767
6880
6685
17860
27634
25566
32499
23297
42383
38668
6067
26893
36904
13342
19970
48992
1689
37424
23392
18385
18153
10368
8698
8698
7642
39025
18280
28434
43746
34987
29255
33864
41867
35939
1724
35852
27856
34222
9149
36591
39242
15215
29835
26145
44908
16156
41488
46596
3579
14879
14981
38083
41598
40030
13132
15591
45406
31411
44024
5503
32750
39630
39367
40968
41921
41090
26819
36128
41663
35967
22718
30904
17533
2552
23401
12440
18707
14888
9036
38637
46119
40368
43071
37716
46749
6202
3307
42154
3965
13682
47657
36714
3312
37023
27681
11584
28112
4499
47711
19774
6818
20429
17030
24350
39332
40430
36790
8039
5317
12177
13027
1435
2544
6098
5503
15644
28651
8809
7797
32615
38842
5453
19328
8505
8827
13360
20088
3290
34211
17799
23064
7380
4579
6445
31729
43910
46874
34870
18300
18542
47046
31327
36329
15941
3776
41831
31584
32426
16991
5733
15041
5832
11185
720
14337
36364
30432
776
39653
14642
18574
29068
22021
23152
35512
20101
17062
48737
4971
35361
17279
18368
33039
3607
661
36814
11789
48596
35592
45131
4328
16984
17314
31865
34055
31650
18228
14486
32426
24232
45479
17351
3300
33851
40503
38811
3952
23916
37548
25274
25628
21178
9993
8667
24784
27005
11832
2924
25601
47423
48054
46280
30758
15367
44496
14813
13369
29075
29298
12146
3307
41129
45848
6606
24979
36350
45416
45282
26617
49315
36907
2245
20492
13252
27263
11627
40256
39094
14550
32208
2869
28955
28488
33626
10674
39335
48438
40394
18410
44088
2539
21716
35216
48386
28321
26546
1088
40088
21828
27704
39403
25086
46300
26246
38337
23562
37873
44945
12656
18774
27152
15524
14081
21991
49149
24754
11326
13939
15147
29735
8026
34037
1450
9593
32422
46122
36138
49861
36209
24317
43917
41963
15755
40216
18209
4091
13778
6081
15387
26433
41206
42539
8308
5286
14529
23808
30039
42206
37746
11537
21940
12123
45573
39741
21715
44347
35862
24205
10559
22071
14873
4475
14033
30627
44691
32241
1070
8468
4673
16456
34900
45879
25346
43207
1164
39875
17014
47555
48432
21112
25443
20372
33234
21016
10112
21301
31714
12326
11857
42272
748
26729
46747
14780
23708
7789
13373
24777
16256
34397
7584
17507
46627
32930
27065
47791
39156
10430
11697
37587
31541
37139
24310
31127
24506
34422
2427
22571
13099
14283
31195
13846
7363
44293
44977
31070
2081
24701
22198
18336
9098
29782
35842
5724
12711
12906
19866
18218
23335
47914
5804
21228
1405
30114
2354
42262
30887
21132
14833
43985
35414
46027
24182
9128
6671
19158
40198
8751
10211
12395
27086
19308
8528
29279
41383
37590
8536
27601
5807
48222
25514
11611
19449
43270
8076
21802
35532
38962
42933
16716
49298
44698
29094
23479
20178
35764
8988
10375
44514
19198
39121
37951
4857
47649
17229
46240
35238
25764
40192
7397
23985
32057
19007
9786
25327
43434
31587
27210
32395
40872
43925
48044
1921
23018
37874
22098
8781
13213
48824
19646
32411
4297
7596
3619
18297
24824
16210
19886
16939
6401
27282
7275
38458
12640
17060
13784
6073
14999
40993
38467
22222
1269
2862
24142
24286
40735
12592
49418
3948
27767
19063
2710
48415
43010
6328
16711
34185
22538
36597
1123
45290
30230
24749
33747
42870
41809
13882
48942
6807
21226
3761
29028
22494
6622
19521
13131
13709
48464
28900
34008
26231
14314
3069
24645
7323
9396
7708
41507
48285
44304
8981
43575
24533
33730
27321
33754
41890
7555
32696
15048
28780
36456
44075
17626
9429
29947
47108
39489
28411
26008
23496
20993
40321
26564
11989
13996
2312
19696
21854
596
30351
47187
10522
21236
47268
4195
4989
39157
11749
4036
4204
6880
6843
14630
24505
16272
44576
21613
5760
39338
13972
45608
10330
20644
38523
22319
34639
40834
8366
22845
7782
38717
20031
18303
26304
33650
22497
31292
39158
597
1680
43361
7477
8522
24342
48333
24793
35269
19945
46905
24607
33916
8864
34936
4560
47386
23606
5550
4572
31972
44746
12353
37040
31128
47007
13343
14777
35856
10986
3934
36452
12665
13646
10280
21187
4339
8613
12331
39608
44909
9235
14214
45177
34450
49149
16088
31836
39107
21637
36407
21078
32735
15111
8117
13862
28469
37811
28639
14324
48796
48924
17128
11461
12570
27407
48999
16908
2371
11329
6515
47280
36916
37080
8808
21365
2581
24895
3200
41687
12883
5958
12764
45617
21068
37232
9479
49537
25042
38117
30212
23837
3392
47339
1649
15961
41098
647
49221
43468
11976
22087
7099
48891
9167
15906
20255
28099
40800
39807
19785
20035
45764
48900
15651
33184
36131
25129
49072
27524
29597
29283
17712
32989
42974
19361
15301
423
36359
30873
43890
14686
2960
17341
29928
28478
49598
183
6576
6750
6341
42712
26784
18456
41611
42434
1639
44093
33915
17062
21616
29863
12697
39327
29203
5670
25039
10856
22444
11398
41728
16333
26083
11039
25
6011
39516
49623
22545
12443
6372
28885
5154
49507
13692
13116
8292
31683
7208
42206
48744
28823
38421
27792
34502
33975
49813
9540
44830
22256
20937
36558
4941
13372
13948
4965
19382
3464
20939
8278
32258
43662
3514
3764
43168
17205
16879
1460
48887
24087
10017
13983
19261
48437
41774
3762
48764
41587
29654
43593
13842
16942
46502
18782
30313
10450
40099
49694
30265
11037
7971
12522
4699
11484
32637
47866
45041
49516
15677
43927
39954
25694
7909
25566
40482
16035
45680
39245
7621
25333
49190
37814
42274
45691
6596
38939
22492
46694
38632
2756
24082
12955
31630
28780
40790
14266
42998
35830
30133
25026
46109
36438
719
20369
12004
7553
36403
24035
13149
44023
15719
28690
31837
24344
24381
4784
13282
46872
17829
18266
15980
41910
31220
47609
37042
38361
28226
30039
40543
24711
5064
3003
11148
22135
23371
39503
46039
9774
13537
25539
20148
29255
4229
18336
19951
28609
23119
33232
41832
7299
1497
7811
49209
49068
21771
2602
37429
49997
48992
44323
24707
20407
47325
2206
42541
20695
41709
4931
46820
21597
30470
33320
17204
34698
1655
37154
29658
41126
20385
37841
48424
21882
45652
13984
37301
33774
16585
24729
33770
15576
35403
24828
35983
32727
43386
44875
19774
35094
16158
16593
23042
46627
16264
40245
47676
34271
43750
27333
25396
14135
15173
40171
2368
27176
20507
39668
10950
3443
30749
11071
35371
16151
2251
37705
48878
45636
48931
35003
47081
15088
17947
20122
28066
34211
26719
25741
18481
20468
19425
10228
954
950
16750
3321
28125
37256
9341
5426
7051
6441
32849
42421
22591
35099
30125
37820
47086
29055
22822
44166
10495
7121
30639
38560
41331
7357
14301
26163
44177
33725
36390
45130
34674
3139
14803
29151
6747
24143
928
13797
46935
33776
6217
19525
35226
2693
23697
32311
48099
46518
42828
8593
3638
39819
13505
11320
13527
44157
37482
7703
27881
40223
19185
28907
43362
33987
24409
16460
24481
25336
30256
21415
9112
2824
7291
44337
5516
30987
43000
19966
43857
2179
44911
13846
41997
8415
25166
21876
2571
28999
29578
46803
19222
48762
42061
28935
49100
16469
45394
23580
8157
42001
11346
17268
44824
18637
27956
16691
49623
37307
36656
43479
39486
47918
7325
47834
6332
48842
19709
25254
27840
15639
22057
47061
30752
30469
42347
29852
13290
4092
19783
21446
46092
31129
5065
7267
49765
33020
23957
49387
36679
26965
9218
42516
24882
16542
40349
47566
31735
26410
22819
9574
8400
11227
22987
39151
8048
15333
19002
21337
35777
38785
42782
31868
19913
47846
39135
36029
47217
29443
1767
33895
22759
10984
26410
13993
43877
33111
11558
25611
25872
728
35185
34271
28307
24523
23421
36354
6207
8775
7690
41983
47559
16823
40203
33823
14668
45689
36203
11884
25131
37969
12131
14242
48953
4892
28234
9181
4354
6143
34792
30225
6870
36328
14495
1528
27202
4268
37881
33408
13042
11922
25391
26952
45096
31945
10774
9763
27633
13328
37999
19115
1296
16481
33356
16600
21372
27941
25781
25726
34083
26924
22302
40953
13251
36797
8832
40452
41064
13065
40211
20457
24986
31953
47408
20082
13897
24533
46196
41529
37860
546
26996
39155
17026
10351
22107
4750
38292
47887
30475
38726
24810
2776
29678
4412
5924
38510
44863
13339
17926
35073
33795
42911
17026
31202
29344
47274
22086
41892
38803
9945
42437
32150
15452
25815
8852
37558
30564
13495
35444
27390
2221
26605
46517
31898
31016
2441
36759
42230
32131
4684
27302
32278
13947
10679
29831
9642
7953
1917
17885
13107
11861
10322
11608
27312
2488
20459
14869
33051
33954
16664
10440
36174
43268
6956
34423
24283
25748
21182
16512
24231
42217
10166
6508
22515
37196
36338
48509
11500
38254
16393
40958
16467
43066
2565
10130
45553
23024
41351
28603
6977
8014
5394
43150
17634
12350
27572
8268
4449
15105
41132
28679
23674
17649
35186
12540
4844
37876
11048
32696
26129
43793
23653
8947
36858
26218
19077
48763
15593
10427
43717
22569
18440
49111
32070
2425
27812
25993
10693
32260
7450
1824
27291
31123
19472
12476
10014
40667
351
37414
23362
42832
31206
13367
1778
34415
39584
20854
49529
21528
31280
43246
44096
16072
42356
42517
18496
36519
18509
45540
35130
42310
13715
12420
23432
33186
41248
49798
40205
7950
37211
13566
17133
34768
43284
18911
19182
32867
6116
18711
4394
3748
28308
14841
36171
37015
23709
21018
23533
8570
16558
8662
879
30272
37434
24311
29810
28681
40460
20014
2982
27670
49931
20115
12437
43215
5377
47970
42433
11492
33032
13179
31591
11339
44371
17761
48353
18080
5131
38237
26649
21688
46899
27527
18311
684
18189
14472
29364
25000
837
32345
2669
768
2459
31457
10334
24187
29427
19118
35679
12458
48648
33621
23797
9371
1382
38501
27450
6512
26738
20450
44551
39988
14328
29213
40671
48869
43685
36386
23868
44521
18730
42889
11640
37541
24345
38325
11727
3771
7443
13757
32581
22442
47378
22729
31812
15111
11229
25613
37974
37966
12414
48876
44305
26742
28088
34975
25610
21772
21360
15829
16293
6442
8717
27932
10334
33062
16257
38412
3184
40051
2169
35764
28844
15898
8492
10656
31008
36073
2620
35333
40390
15034
34208
34695
8127
12295
36021
88
34067
7381
15916
359
30174
24633
44642
40507
24046
27250
28918
43581
17300
47438
29345
12496
13335
4188
23151
10694
6612
42122
46026
47002
7155
30233
48048
15281
42528
34068
15368
42946
7800
47636
9656
37973
38620
4297
44831
29017
47899
23749
22597
15198
37538
1941
27693
873
22481
17195
11566
29092
25669
7592
42445
32823
4176
6844
14456
46703
7264
46175
6000
31415
10162
15655
35740
48781
36304
30570
27797
34202
20670
394
15751
8208
18686
43444
9080
7518
26990
36997
2962
19010
10940
11758
1833
15116
18602
32640
28170
25865
45166
34170
23631
5328
49824
9370
20460
36127
39940
14609
20328
10609
15002
36079
35168
39
45874
10599
7557
39215
47596
26870
8225
8535
38627
26409
23650
7228
25400
18172
49444
20565
2341
23075
42244
2164
32444
29056
4643
38735
43664
41322
15696
25017
27400
863
25055
39625
11462
48963
28840
25409
25832
3416
295
30811
46176
40297
38038
21575
8468
3834
8491
10808
43260
17087
29323
25703
46142
33965
30790
39805
25287
46485
14821
19038
13699
6227
8663
41512
5190
3854
16920
47373
23621
17215
28183
19796
23863
32573
41370
32330
2758
16212
43137
46017
33298
38811
38071
29439
22776
18860
19243
14414
15344
415
33451
29043
6642
42113
20554
28183
12318
3826
41907
35938
37392
36442
22085
11254
19014
29806
43583
38123
46018
3071
34139
29315
8233
22209
8754
31008
41069
44348
45421
22764
44763
45224
1806
17756
3688
38712
45938
16006
42537
37844
18295
46280
40637
40380
7533
26002
20185
17467
14124
16202
36889
48262
11869
45121
36823
36974
42481
27891
31321
37901
654
42435
33124
18812
10190
36812
7523
22479
19169
16411
26675
37463
12690
17311
44194
36574
43313
14379
4040
7436
46932
40928
22050
25152
2400
8872
12125
44880
3114
9798
49133
3767
18584
32256
38930
45126
35419
46452
17604
20939
29214
44278
8402
8255
27941
18947
44828
21253
49677
48867
45040
12961
6146
17089
38112
8546
42312
237
19777
45425
26386
18909
15544
44969
1165
4473
40094
2935
17277
7698
23874
46490
18327
48627
4745
46267
17573
49572
33871
17250
14791
28911
30210
20936
12351
34673
45833
4663
34909
15610
87
27646
34518
15630
22615
2034
20103
29060
4969
37379
36757
45194
220
21436
10172
21316
34054
27744
37240
17925
11345
2030
46835
7906
39317
25537
8931
35150
30199
10191
17111
30286
37837
1628
12267
10451
20014
32369
5862
41334
36099
42619
36527
2671
30406
46698
40338
14459
40793
27577
48735
18490
29606
11921
42747
18923
37458
1677
20424
17656
11868
37534
14293
49704
5513
26560
26506
25526
25280
32367
16859
27731
41337
19737
46753
38094
16434
37090
18905
23579
14667
17639
8420
10624
29560
1166
29546
33369
19195
16321
17376
31062
3854
31669
47117
25719
24580
39974
1244
49859
38692
34455
43941
46381
4191
40693
34474
36977
27783
3378
10555
8801
37369
18974
19424
33280
20139
15322
16648
39333
31642
34023
36746
1848
32043
214
27566
6622
40187
45161
22833
28879
29615
16773
25259
33806
23818
26084
20782
17952
45814
47688
26752
33182
16661
12527
16461
3151
27848
49460
8836
25842
49834
11933
27689
31877
12147
21606
38498
2333
16766
11330
47563
12733
44455
39173
12890
18272
15257
23
36223
27422
47710
29326
10603
30722
41852
43415
224
36052
42874
9059
11893
9059
37344
39581
40935
49490
27538
45785
18174
10655
23466
15737
23387
17920
21261
2628
2543
2869
2650
5117
30290
359
34442
40892
47432
42646
658
47656
28697
9883
23066
40589
18942
10409
46521
26228
9898
24058
22012
28072
1064
45478
10160
24451
29749
47772
27078
32292
641
46080
37408
30930
46438
38202
38174
10222
47199
38831
7877
42247
48714
30942
49187
34007
41351
45707
10234
17600
36116
32246
12023
37179
44075
22182
27981
23823
19954
21411
22466
36946
17490
26226
17875
30279
14427
6048
40500
27977
11231
14728
20223
26296
12022
19409
10302
3372
31467
20535
37323
17582
19132
49346
21112
13206
37879
49093
3381
24184
36855
42198
11129
4344
18423
29004
34622
49201
1403
41474
27177
28985
6201
47399
5280
18222
33159
15581
37945
14625
2468
41620
32206
21599
40965
19670
1157
45195
35114
20889
19379
21968
13086
46859
42663
47861
42214
43636
47061
43617
35109
40590
22601
7662
4340
44233
42235
37499
9813
46532
2123
12280
38151
681
231
45467
36702
1387
40661
21815
38627
26391
10134
1712
23250
2796
15924
15463
12783
12985
9079
47892
19926
48032
21905
24265
42264
14139
11763
18428
10670
30238
47060
48820
47270
47290
10638
33971
15028
1299
22137
3654
27689
32270
21717
938
1417
37641
32753
14199
16977
8183
28442
36902
22566
346
27518
14829
14485
5633
49609
41506
2222
46668
6678
49491
10309
17315
33461
25336
18613
21949
28989
12654
4218
17057
29943
21986
21049
12695
36184
38025
20878
30978
41278
43443
31323
35148
24624
12159
40780
40584
20017
43001
37251
26694
8843
13911
44008
8655
39246
28973
30603
34586
7978
1172
1642
4272
23157
39043
16967
25692
43419
4196
6669
1049
13990
4344
36196
4965
16502
43327
45548
36518
2679
49150
13211
11521
13060
23571
20175
2305
18895
17129
3242
26872
18300
21236
31143
7808
10278
14461
33499
3696
35008
6520
4744
48998
10863
7291
3962
27364
617
15862
30234
19647
15011
9796
31167
44423
49718
17693
13079
18612
1173
16321
11835
19472
3908
9330
27279
14185
40142
27130
34232
25150
33649
5328
40499
44511
12618
10812
38226
29587
26673
18459
49233
8036
44607
46752
18810
44324
30796
31888
12936
31969
14560
41122
17792
18467
16803
45071
32651
6945
38552
33235
48446
38552
38562
38944
49414
17531
49755
37639
13469
42780
22450
29054
17167
17056
42157
35976
27731
22952
17863
7018
4920
32423
48140
39064
889
31294
486
49892
38238
39037
33126
36683
27588
21687
41978
27001
5569
8085
30991
19038
864
19792
14443
18030
3199
6599
4005
30930
29550
38219
37947
822
20641
2438
39885
37882
33732
40370
37773
38321
45758
20898
41356
39697
8936
33333
33049
14504
41417
14039
49893
8632
183
14335
43013
3381
37285
13369
662
33187
1588
38609
360
38580
7398
40244
26461
7481
46965
14233
45802
9074
1482
3509
48770
10417
3193
31818
41273
10962
12208
7517
19593
28742
38204
12606
32123
25488
42326
32784
8674
43913
37744
9033
32493
11494
15628
25305
18974
28944
39538
31127
4369
7371
34635
3138
17788
37828
1307
25412
15141
29867
32928
34733
8608
21131
13690
7082
46619
6016
39866
21644
16280
43961
47029
15124
5454
29008
40429
40780
7952
46318
21906
12320
3688
22893
31810
37827
27072
49468
13238
42212
45686
46166
43296
20646
33648
23338
27727
46618
29353
33944
18262
11984
27905
15290
27108
49710
44297
17536
40489
18600
30205
28747
47272
33892
17991
45433
21719
11414
11252
1308
19977
6938
13825
13272
27583
47473
36609
21661
44090
32313
5605
12351
44297
49861
43992
21404
49570
4641
5291
40059
39592
35495
35157
3215
35738
19499
48647
23808
30912
9899
25116
888
33188
38940
30511
27122
2764
33472
48782
46854
15784
20738
25556
26432
20598
35900
14187
20168
6892
35829
26578
46483
21323
28086
49698
7061
47584
14696
30868
28495
40946
22335
45734
40485
27627
26244
17606
30390
9715
32740
27243
41851
3477
19151
34634
24075
21402
48821
10594
28293
34649
37171
41127
22324
15256
40824
45736
29191
21872
42955
7685
12817
15290
19770
3302
42916
46013
37259
39657
22080
19998
33252
30282
39827
2402
14915
30253
23803
13735
40846
18447
14736
44368
9573
37059
25975
397
32794
5165
38620
25748
29201
1436
7389
48970
21089
16656
11334
24700
6313
33413
44697
39564
13694
875
8317
44961
31127
48471
8695
21972
16917
39782
32691
26489
26840
8665
43237
25985
30181
31856
18085
9381
49644
41825
24702
37084
8481
36036
11783
31145
35800
22832
20708
49494
23706
29024
10806
4833
27494
19500
43156
10762
25634
42199
37250
18825
17215
30487
44810
47396
28694
29246
23128
44689
37422
47830
31773
45902
217
43555
27046
36016
16386
14105
1861
40092
9480
12666
11276
36973
48518
20783
14086
24151
12981
1336
42975
30196
48174
4136
43943
43219
49733
17070
37908
37155
31251
19680
33056
47819
13234
26454
33835
45972
40558
2047
2415
16390
14713
30042
3362
29582
824
17448
3732
13805
35135
13058
10352
49660
17194
4294
42878
16926
37715
30785
20432
35318
464
19840
33136
30050
46293
33322
42373
3202
35369
44787
19591
16433
24828
39305
46014
42003
23104
49745
22159
24590
29154
32510
24249
12699
3155
17126
45977
7222
47911
16408
42539
14726
36247
25674
44775
32539
8996
3499
2093
10716
14637
38035
27148
39464
27339
23161
47819
16794
39257
19977
41383
18410
18839
15631
31109
38345
32757
27085
45566
30667
9844
4456
11744
46091
46482
22871
44981
21829
26369
47073
32544
41006
35108
9691
46821
28798
49203
44639
45592
38459
30968
36974
23220
16158
2605
20680
4502
35361
14116
16420
32379
23960
20875
10474
20050
17356
33344
15030
39184
9713
28455
21727
17070
29914
47769
30242
8711
46971
41233
4302
1781
22200
7628
25001
4709
10232
12032
9210
11944
26148
41981
10674
107
12856
21147
36508
46563
20843
1537
35747
46907
46343
23825
13976
26256
37946
44217
1319
1268
35449
21972
3049
24000
29599
44401
28708
6182
22784
4270
34477
48931
46250
45150
49037
25457
32649
35544
22020
3491
3433
7766
16749
16127
47942
30724
8735
2239
41292
10053
3507
43093
32024
22907
17092
27975
33659
12152
34156
6442
16421
34985
5373
29022
30134
20761
4479
29134
22657
26498
48976
42441
615
15724
8567
14908
12799
17301
17147
4091
43705
20653
47183
42081
9911
30626
36407
43569
9129
36914
10
41901
21898
21734
20923
18384
42495
25401
47517
31503
1898
12845
23943
18864
28568
48861
33771
41367
32514
917
11809
26218
37921
25343
34650
47831
22320
21056
7751
31449
7970
7761
23349
29867
45846
44271
48250
38340
19671
12119
19842
37920
24963
10136
23135
19882
8997
6906
11248
41510
24174
39408
34079
12095
14750
35081
26277
37070
22488
34028
18518
30457
8140
8218
26676
3985
2489
41277
8677
38511
19747
44870
42783
44709
5006
15917
14591
30354
22822
42190
38215
46996
47950
38645
25442
12699
23725
1718
16120
46213
2097
989
43021
10236
9207
36048
14221
28047
27325
22897
16557
13423
17766
25691
8132
39123
41608
39074
19476
30781
47615
24042
44128
45564
12687
19569
24615
36411
37639
40734
48975
39735
41723
41996
49971
929
28043
30543
28975
21719
19791
11883
35142
3908
37574
9625
43031
45533
15050
28858
26313
29016
2900
36793
24580
15586
6361
15546
18348
10351
6279
17323
86
48001
25670
16408
15281
20064
13302
10607
8135
33092
22490
9628
36999
26415
19252
46381
21947
653
25239
14611
29668
28138
1403
20599
10075
24116
36144
28422
818
42423
12096
17255
6775
4117
14
38408
24181
13315
49014
32315
46406
37855
41942
49757
14269
27545
46137
2567
28197
37727
33530
24216
32216
34932
44815
42290
25399
47310
37064
42569
6084
49159
9823
29211
3276
9837
17618
43808
23151
16631
42474
35909
20838
34415
2017
35106
28311
14505
4025
22859
2232
37554
47074
34447
38837
8240
43089
30588
21902
30152
23156
27985
45662
32978
7195
15289
9166
24812
9096
48669
7795
1569
34577
44984
2335
2945
30089
46997
17449
465
19855
19680
38018
33281
20479
43207
41520
13567
23794
13421
43718
13301
7758
5731
12630
14952
21020
21796
6116
46467
20464
30262
14388
21392
25245
33074
24336
21685
30071
41784
22150
49925
27816
26519
49557
48294
36077
7429
28212
9870
20849
38281
39522
44958
44011
2152
26262
31382
23947
32377
27849
10762
28990
42236
32153
4234
25309
6488
42270
5379
14623
30771
21656
8790
7290
21212
23435
9718
28640
1646
35940
15841
6278
25461
27150
289
27612
3411
31670
17910
35787
25870
28671
31128
18105
27175
35361
9766
33662
43983
31496
14637
24753
3151
23426
48394
40715
46861
8112
35706
14858
44051
17898
21136
19511
45048
37776
13475
14810
35797
31384
16949
11667
26407
48076
46123
3581
49789
5888
3595
43771
3736
34583
18523
6886
8008
33269
13952
21220
41380
16010
2430
1782
259
39917
37644
11658
27692
1118
26468
29840
48854
43416
7858
25260
41491
3981
45192
41279
26220
48786
1401
29955
33368
36276
3193
7728
19544
33496
45299
10923
15857
47728
29056
16116
3996
16699
27773
48039
17817
4240
27879
33022
14007
35736
8281
5498
6068
19824
13128
32288
34962
30881
28594
18329
17156
48138
42408
36699
31634
37707
13973
47490
1786
43028
29957
5782
9726
7730
20172
43894
28321
48050
26915
8680
33786
1547
30529
6205
37723
43656
38492
22684
40888
33438
41012
8043
31575
49772
11093
29560
3830
25065
43402
5615
34444
23358
27748
10522
47439
47920
20767
42112
12321
47682
791
12458
15580
31319
18663
3302
41326
7154
25985
32214
6943
33349
6608
38518
33120
17701
34429
36949
9117
27830
8915
9913
1188
3015
20434
48626
17286
41200
40737
29606
5233
7879
42064
37165
39197
10726
6818
46875
34231
49155
29088
41174
32503
2047
46043
31974
19747
30471
35274
45216
24653
44188
5128
25840
13554
25561
40817
30839
33112
47906
26797
4697
5784
18860
8213
11333
45937
15030
8207
30167
14184
3646
37692
13038
5692
86
45011
41791
46909
46636
37006
21561
40824
42133
13752
20729
34045
4568
1568
33508
18825
28364
4556
40961
13575
12768
2293
9511
44150
26851
6029
24685
30496
10073
37723
2539
26510
49085
44329
23418
45721
31334
11330
2896
23466
25081
23624
23862
46001
41543
7370
14825
36258
11925
22137
16184
41045
24429
42046
35194
17631
48075
9878
48126
24499
13952
17017
1008
13037
11345
40778
25109
42679
2107
44356
32496
43540
34331
6358
39540
25874
30079
20716
28483
42003
42853
44667
33047
33633
36712
34592
1264
1138
44470
15741
25636
8421
49109
42996
37809
10454
33773
12917
19484
35879
23624
18331
29418
7955
41040
35309
33828
21118
22377
28662
29473
15229
39680
28871
15213
42744
13463
32828
10233
24284
14921
35869
49056
14029
45216
36865
24482
28988
16133
10317
31218
39757
28648
26988
47711
19687
12296
47890
7157
34672
42903
36629
16252
32583
15499
47817
41678
45313
30644
1910
19596
45564
4130
18652
25945
49345
21868
426
44684
4352
27095
25902
44108
5742
2889
8170
41780
31536
22411
48936
32560
15314
1916
15163
14248
17415
12979
5925
29079
9975
24186
48675
21890
28316
33678
47834
27660
21897
14612
38696
26248
41706
14597
36708
13799
33837
44877
5578
31724
17288
20866
14283
48953
22781
29446
29552
6547
8776
1828
35626
18750
26013
652
40640
4328
681
38473
48340
22577
19436
37035
48824
11141
17983
35531
24939
18171
46760
46869
49894
30399
17734
14177
45703
40514
9974
25254
47061
18749
27081
49038
3851
19445
16041
44490
40125
16721
49314
38464
5649
35102
41850
4472
46242
26184
6355
37533
44354
19466
34401
10599
49864
18486
24775
11918
8999
1100
37171
22411
36201
30603
37800
40051
47
3840
892
40171
36912
205
44986
42560
35306
3187
47032
47900
45722
19738
35432
6427
5555
36184
17026
5418
4669
8152
17335
30019
9252
20857
18782
45452
1459
22933
1854
17857
26773
2745
24380
13684
19301
35717
22596
20959
5256
35979
18858
977
5716
20641
7404
11270
23176
40781
33039
44196
48932
16725
40566
24535
37581
9347
36338
5391
48632
38191
39599
41756
40935
30330
5439
26588
16047
44386
47546
21302
30364
16403
38630
2431
3395
12385
30052
26570
3165
13090
37117
18449
46166
27682
42983
98
3381
45673
21840
2012
33863
11439
43767
41150
41768
15557
17737
24166
9943
31634
11819
40306
48036
449
9089
17782
29185
39140
10703
32350
2230
47819
798
14747
41852
10132
14845
45232
5804
36684
47243
6019
14474
7361
13520
22594
22918
47608
46759
49212
29241
8578
5869
43628
25378
14957
11409
4562
4097
38463
3263
22678
36281
20412
37424
44484
30544
2268
39716
2699
38952
3310
8717
19777
10671
38588
42370
49940
36195
39129
49151
15435
14058
5019
25414
5787
19976
36822
10348
24072
41636
29963
46749
44268
374
34172
38752
30917
2792
28467
49968
8095
31776
25036
27871
8798
13624
20241
8737
49818
9369
24239
31605
39778
29258
23370
45564
15585
10192
22263
39656
18179
2225
2756
12447
18951
3279
1198
49867
6070
46016
16186
30516
27791
41222
8387
2941
4845
28627
28029
21014
4347
2268
18970
44124
31525
42340
6039
13461
18883
28301
19468
37061
46878
22223
49507
15828
41853
17056
32046
14275
13071
48232
44790
7214
39453
3176
10154
10649
48154
38182
48014
2500
40449
16984
12975
38325
25675
19013
1785
44557
13666
21252
31617
26895
9826
47476
42722
1679
14531
41119
15953
27602
5702
27094
1167
45154
30270
11320
22154
28423
15853
20168
47275
22654
3503
10249
27330
29177
45614
45467
23733
25631
33070
21701
2525
42896
35528
11598
10926
16411
2716
43230
10364
8418
20323
11530
19923
592
22849
42077
45367
38701
28596
8993
27706
32098
35593
5036
11274
31206
502
1358
6836
33571
39410
25712
26466
24938
37309
3743
41348
40025
46972
1711
14794
33647
13240
34716
590
2440
43144
45956
7492
38091
4948
35198
36540
6893
40233
14165
38098
40734
15522
11286
24304
4932
36997
17122
46221
40658
20864
37568
47034
34188
5630
11827
17834
35221
12894
18423
37660
22390
30731
11503
26832
2030
46700
13372
8922
3284
27536
13372
10369
43058
24657
1025
14341
28005
18146
10561
18662
5361
14480
32047
39548
36461
10225
23733
21681
23119
8508
25692
11860
39238
3546
38691
41267
16598
2062
16541
19881
45950
29912
30250
39007
4568
31274
19699
48924
15771
46611
33938
21131
27442
15984
27031
13902
26209
17115
1934
15679
25622
43977
43890
14859
47522
48932
22478
14119
994
39018
34000
13295
18929
30601
18653
39848
28226
38351
5123
43996
1313
39060
31478
28754
21396
24860
9007
13956
41975
10940
29634
17596
4916
39875
48807
18789
38806
37636
32908
6151
26653
33259
19445
11933
30211
38097
18132
8436
42799
23254
18783
44111
28666
260
22864
61
25120
31870
14016
33446
9161
10001
1041
30428
16227
16199
49217
5032
3834
48476
11183
46838
48086
46979
25122
28296
35076
43253
3083
27874
32859
21865
38337
11524
38476
27552
27936
29947
9422
8303
13392
34934
34655
30785
15362
881
46983
30930
5912
17169
45757
33446
14006
43842
30425
39128
38489
31852
48732
41571
9725
31590
29787
14413
9465
18262
41965
3752
48209
17738
12054
11600
2671
46708
42384
34384
47588
5719
31665
19852
22887
27421
3297
3244
37614
73
8723
26102
31924
7455
34024
8001
5396
13810
22413
14861
48424
14377
18612
46632
32114
47018
24583
1137
10077
33319
1872
7665
5389
33537
43868
28275
27309
47164
47870
31275
47237
6593
7376
45512
14047
41400
3512
19442
21561
25925
654
19984
6653
35618
32967
5119
32635
23902
6255
9063
7220
24478
16727
12608
24366
26946
7234
18027
40462
5103
49301
4050
11695
6676
49561
25741
14427
3073
11535
2340
45349
28540
22323
2001
14157
21642
7119
13143
45543
29725
22206
2762
20555
5284
31721
44920
32230
38954
12946
39043
10408
12246
43092
22103
35274
42652
14195
49700
12076
42081
18391
7424
20621
40714
25777
34777
28707
49247
14272
24249
28972
2829
27010
49526
8112
25082
10797
6693
14035
23743
45735
40794
35988
5178
12896
37613
14182
43443
3665
26257
35523
22055
33
6143
12768
25809
7272
41474
25055
37895
32074
20378
40723
25435
36255
15186
516
47052
38231
30902
20794
317
21696
23133
5495
943
10746
19676
44385
14410
45932
29908
36464
12316
2402
15584
38124
9673
23409
29531
47567
5483
49908
4641
30917
36163
19827
47785
33214
8057
28686
20359
8373
381
9843
13867
1324
36940
49894
45708
1349
12178
41967
4165
24493
44369
36100
28969
4041
25860
8499
17960
31342
8406
22600
28611
10920
8778
26395
10485
16834
21432
30843
41559
21813
40686
5425
39488
43977
21671
1547
45326
33848
43514
15842
24692
4234
18293
3660
24626
44152
12158
42585
41846
36916
31537
36808
14187
40314
29554
24672
23500
985
21866
15058
39149
28903
36834
28636
22880
8504
46535
34557
8703
6400
16750
33395
10633
35042
37054
35258
45545
15564
44195
3742
18831
42083
40549
49369
48748
20102
24040
22247
37439
12258
37304
26587
7512
40490
21575
30391
48993
18109
31299
24048
40860
48048
7442
17844
49441
10847
19453
44986
42762
29999
15079
27944
22081
5628
27313
20829
42081
17704
9427
29519
29961
46731
22458
37473
37220
44032
34215
2564
28492
15514
26611
19351
29913
404
3546
45706
27603
22998
7043
20364
2997
22121
48308
41429
44100
25620
12257
36181
43323
21684
32051
39636
34766
4508
43460
38337
48539
27674
7252
43382
9539
215
29084
5804
618
32629
1509
44572
21979
8551
14936
24975
47023
29595
16403
41123
21566
45012
43655
31240
33047
25705
20875
34164
30213
30686
22500
45103
8360
46103
38485
34250
46317
33920
6405
13287
16549
7913
7858
38527
32815
39145
29853
29838
35091
12607
37312
6656
7618
30966
4248
7016
6670
41474
41179
3234
22160
30030
14689
46871
26133
3173
31120
38801
3444
3877
18439
19992
11789
26297
24870
10956
31793
21074
7145
16884
33681
44456
23539
7650
25421
27786
14666
48442
19260
22196
1676
7771
2226
16364
4641
44710
35888
2112
33510
5683
5988
1949
25675
34129
44597
16896
45084
26389
37970
18580
9624
21650
13035
33163
29299
4807
27300
10316
19600
12911
32512
37627
20681
1089
20342
41673
45798
6229
43785
45659
11912
49772
13959
3938
252
8555
37185
11687
1296
25154
30266
10919
13155
9652
10433
8806
14458
4085
19121
410
33347
17984
38036
4028
19072
8378
12052
31221
30958
5836
26880
9221
21960
7190
13158
22211
15745
16695
250
33392
41848
30515
44310
21355
40167
21095
30160
20976
25179
15632
21385
8525
33616
9421
28904
19039
17798
40956
16612
48755
13143
43491
24328
1454
680
37485
40017
32776
4179
40266
32519
12379
20780
43181
33733
27298
14275
30244
48274
5805
45875
19658
30681
45842
45430
9585
14881
29579
16892
47844
44686
46386
41334
19013
47840
8365
6497
37856
7493
27028
44473
40011
5758
15252
33191
5842
8902
13817
36085
7175
19621
31959
43184
302
44153
38614
26238
25385
18192
9481
23228
12877
5866
30913
48241
20057
5629
4738
24264
13121
48117
18736
19484
20226
340
19026
26067
9241
32843
28503
32767
2463
26813
25950
19116
20965
30915
11705
46349
15459
21185
35928
44687
43403
16840
42928
13459
22469
14017
37723
1941
28485
22810
21424
48710
23149
6802
41128
48741
39644
35982
31507
8458
12794
23809
27574
111
4723
39278
46459
20181
26815
48739
31220
20217
15578
24147
33675
4398
38163
37749
6339
32999
10559
44114
48060
59
915
39187
15152
6910
41520
46658
15368
4313
20466
9293
4423
25189
48570
17234
11721
25384
15972
42940
11952
31549
33438
45627
35947
37952
49727
8637
20950
26637
19102
19009
43048
20017
24547
8199
26926
16066
21208
42293
36731
41674
1585
41153
33214
16507
24738
11286
8242
40709
20578
36546
38610
4015
48524
40908
8319
48250
15896
45620
41239
34997
14629
34286
5013
5527
42484
48291
37945
13691
6935
24675
21716
24872
32179
21281
7730
6917
32567
15971
13977
3144
2516
2586
23510
1039
9845
31828
15641
25740
27448
6879
10737
8428
7516
32101
30306
16351
30391
18250
46393
37326
9276
18109
28549
41455
39389
36278
48371
38307
18600
28699
41450
21116
31285
31312
38506
7481
29491
20498
33221
23290
43728
10309
48069
1243
42409
28375
17593
22800
12976
13986
26477
22252
32094
5025
13706
37834
7654
28428
26141
26253
7126
33942
47368
4762
31605
2226
12243
11096
39075
11815
34385
32803
22123
32454
34045
14531
27180
1638
3682
40155
15623
46510
12406
14068
17886
42463
18253
25539
20890
10745
1792
44368
44687
15511
15481
26291
34088
44075
3738
23163
5889
4475
5965
44363
3280
40009
25246
30459
7998
28927
36965
39972
41789
49371
4039
26026
41833
38644
1565
29075
49388
19708
23442
10426
35218
38922
3069
19306
32997
6806
42468
5237
27632
14784
49600
30911
4792
24845
27721
29142
20123
14686
19113
28263
14056
39504
4289
22240
28147
5853
1314
27534
25560
41107
37960
27129
46381
41028
46434
45729
14185
5253
17317
41817
20036
16916
22727
41180
8112
16800
20321
44587
31485
5785
22849
11892
45288
27137
34131
23434
49341
1797
17320
41252
9255
5279
18381
5635
12658
31166
17715
26842
2771
35032
35010
39158
18299
24089
30337
26411
40888
17009
20997
22372
22794
43845
34263
34433
37334
34745
7867
36674
2893
41538
27926
12148
13168
46306
17782
25825
43823
1849
19018
46593
36880
4028
35751
5178
28116
32439
47940
35355
15800
35288
7726
4945
29133
8340
39377
32818
9436
13595
19491
12329
5132
13768
24476
18299
26425
8609
10475
20248
10457
29493
16840
13688
49872
18942
35218
44339
17733
49509
29693
33532
34797
37418
38476
30281
12109
44204
13098
21544
7799
32588
224
29282
46356
24699
13933
39132
49660
24407
9379
26468
20251
42571
40156
20122
27864
41725
14460
45596
41233
44152
29127
26029
47921
33954
6309
26381
28158
35758
14277
35956
18346
14500
15237
31053
5551
29169
20184
5210
19928
45915
31677
40178
4837
38184
26652
32700
29908
7463
28296
37493
1615
23774
29873
15887
7728
2534
8620
35885
38291
22896
21840
22988
37395
3428
4040
42945
48949
40576
48154
35228
2842
46183
25405
7678
34366
18408
40377
30626
25871
35024
18118
27485
8798
14342
9723
16525
16875
18342
2409
5166
41237
40600
28153
44984
10379
48545
37928
9327
39120
2434
10906
41961
48616
36311
15990
49333
4718
6366
