1 136
2 50
1 155
1 453
1 13
1 40
1 210
1 250
1 423
2 307
1 112
2 134
1 136
2 162
1 271
2 437
1 145
1 401
2 17
2 49
2 102
1 418
2 361
2 291
2 468
2 280
2 265
2 434
1 284
2 456
1 433
1 459
2 434
2 375
1 416
2 183
2 66
1 384
2 471
1 61
1 122
2 220
2 457
1 490
1 99
2 145
2 41
1 459
1 18
2 275
2 460
1 5
2 113
1 451
2 413
1 372
2 408
1 273
1 95
1 308
2 59
1 223
2 111
2 424
1 365
1 264
1 211
1 201
2 8
2 257
1 218
1 306
2 70
1 193
1 192
1 356
1 155
1 200
2 462
2 96
1 376
2 354
1 479
1 260
1 260
1 257
1 495
2 454
1 140
1 79
2 349
1 432
1 67
2 472
1 309
1 58
2 278
2 474
1 20
1 93
2 101
1 108
1 412
1 11
2 411
1 86
1 375
2 115
1 204
1 173
1 357
1 48
2 196
1 94
2 107
2 346
2 36
2 302
2 218
2 53
2 254
1 240
1 359
1 273
1 143
1 425
1 379
2 338
2 346
2 141
1 117
1 10
1 291
1 154
1 476
2 136
2 48
2 60
1 432
2 171
2 130
1 426
1 272
2 434
2 45
2 272
1 412
2 369
1 296
2 62
2 433
2 203
1 276
2 90
2 447
1 281
1 59
1 287
1 172
2 150
2 147
2 82
1 54
1 112
2 324
2 324
1 221
1 88
1 492
2 203
1 288
2 217
2 245
1 28
1 76
1 336
1 450
2 131
2 423
1 56
1 266
2 206
2 108
2 186
1 321
1 241
1 75
1 158
2 165
1 438
1 67
1 165
1 246
2 223
1 241
1 266
1 360
2 196
2 115
1 270
2 121
2 246
2 172
1 365
1 293
2 427
2 280
2 374
2 237
1 193
2 77
1 335
1 280
1 107
1 263
1 180
1 90
2 430
2 32
2 96
1 301
1 182
1 464
1 456
2 3
1 29
1 309
2 367
1 97
2 333
2 53
1 446
1 141
1 255
1 374
1 348
1 224
2 105
2 288
1 239
2 412
1 74
1 482
1 308
1 265
1 141
2 356
1 310
1 165
1 223
1 266
1 63
2 451
2 379
1 283
1 380
1 385
2 413
1 245
1 148
2 64
1 29
2 77
1 470
1 106
1 131
2 262
1 63
1 64
2 153
1 58
2 391
1 337
1 364
2 375
2 441
1 2
2 60
1 363
2 171
1 221
1 190
1 347
1 249
1 396
2 460
1 285
1 451
1 153
1 54
1 176
2 169
2 167
2 107
2 109
2 348
2 430
2 366
1 492
1 390
1 367
2 45
2 198
2 124
2 309
1 434
1 24
1 365
1 182
2 423
2 451
1 471
2 11
2 8
1 302
2 93
1 97
2 171
2 484
1 201
1 323
1 479
1 87
2 92
2 165
1 59
1 135
2 200
2 69
2 499
2 308
2 94
1 432
1 402
2 262
1 58
1 87
1 486
1 83
2 442
2 442
1 66
1 84
2 73
2 324
2 79
2 365
1 386
1 288
1 62
2 93
2 336
1 359
2 205
2 249
1 391
1 201
2 118
1 73
1 140
1 316
1 378
1 242
1 180
2 255
2 281
2 64
1 230
1 289
1 66
2 283
1 79
2 264
1 323
2 89
1 84
1 384
1 435
2 429
1 357
2 59
2 381
1 456
2 395
1 396
1 133
2 119
2 217
2 258
2 423
1 353
1 101
1 171
2 64
2 353
1 133
2 260
1 384
2 328
1 163
2 293
2 105
2 209
1 497
1 212
2 15
1 129
2 3
2 353
1 250
2 189
1 467
1 451
1 367
1 183
2 353
2 27
2 238
2 482
1 404
1 5
1 461
2 384
1 283
1 233
1 293
1 118
2 221
1 313
2 198
2 467
1 322
2 358
2 431
1 144
1 237
1 103
2 132
1 364
2 222
2 298
1 222
2 124
1 187
1 381
1 135
2 285
1 192
1 218
1 333
2 308
2 213
1 118
1 248
2 110
2 133
1 186
1 378
2 296
1 449
1 299
2 374
2 390
2 77
2 391
2 319
1 330
2 459
2 227
1 131
1 378
1 299
2 469
2 224
1 92
1 291
2 254
2 325
2 433
2 249
2 162
2 224
2 450
2 289
1 92
2 67
1 386
1 32
2 394
2 470
2 426
2 227
2 129
1 173
2 304
2 88
2 192
2 307
2 345
2 372
2 70
1 258
2 303
2 13
1 396
2 33
2 299
2 204
2 14
1 191
1 1
1 486
1 293
2 388
2 91
2 277
1 48
1 319
2 175
2 250
1 17
1 94
2 245
2 93
1 377
1 131
2 265
2 124
2 113
2 398
2 121
1 67
1 60
2 222
1 67
1 7
1 457
1 250
2 101
2 163
2 478
2 409
1 113
1 3
2 394
1 280
1 277
1 385
1 82
2 125
1 430
2 83
1 435
2 439
2 379
2 67
1 97
2 301
1 6
2 286
2 258
2 116
2 262
1 426
2 458
2 343
2 385
2 125
2 461
2 57
2 367
2 46
2 449
2 376
1 353
1 56
2 78
2 497
1 23
1 34
1 472
1 219
2 153
2 27
2 257
1 304
2 410
2 289
2 47
2 16
1 178
1 10
2 94
1 298
1 279
1 448
2 411
1 459
2 360
2 380
1 124
2 90
1 383
1 96
1 394
2 329
2 386
1 382
1 195
2 299
2 214
1 75
2 115
2 391
1 74
1 89
2 304
1 434
2 408
2 468
2 344
1 76
2 485
2 412
2 487
2 3
2 160
1 29
2 314
2 248
2 393
2 436
1 218
2 86
2 250
2 130
2 200
2 173
1 13
2 66
2 147
2 403
1 350
2 432
2 54
1 402
1 368
2 345
2 57
2 62
1 187
2 250
2 99
2 422
2 211
1 165
2 260
1 14
2 202
1 271
2 477
1 404
1 360
2 280
2 383
2 74
2 235
1 307
2 450
2 147
1 420
1 368
2 231
2 287
1 178
2 391
1 433
1 349
1 394
2 60
1 173
1 197
1 161
2 444
1 83
2 121
1 254
1 32
1 220
1 267
1 79
2 255
2 303
1 154
1 436
1 324
1 403
1 219
2 22
2 24
2 253
1 458
1 483
1 341
1 159
2 303
2 468
1 99
1 365
2 317
1 170
1 111
1 11
1 134
2 492
2 341
1 4
1 453
1 287
2 243
1 103
1 34
1 307
2 191
2 237
1 174
1 499
1 477
1 465
1 394
1 322
1 403
2 383
2 366
1 499
1 319
1 153
1 375
2 336
1 333
1 73
1 329
2 142
2 432
1 470
2 414
2 262
1 319
2 23
1 166
2 292
1 178
1 187
2 459
2 118
2 298
1 149
2 112
1 135
1 99
2 72
1 99
1 180
1 330
1 305
2 278
1 182
1 96
1 360
1 446
2 196
1 18
1 74
2 485
1 376
1 16
1 447
2 485
1 236
1 383
1 364
2 340
2 468
2 468
2 488
1 155
2 9
1 379
1 4
2 141
1 150
2 31
2 475
2 426
1 384
2 101
2 321
1 495
1 78
1 466
2 375
1 100
2 143
1 316
1 44
2 377
1 465
2 142
2 477
2 500
1 79
1 458
2 96
1 38
2 266
2 238
1 474
2 227
1 370
1 114
2 202
1 310
1 101
2 308
2 222
2 289
1 111
1 51
1 402
1 378
2 443
2 10
1 7
1 236
1 482
2 493
2 190
1 201
1 105
1 71
1 167
2 329
2 308
2 334
2 319
2 227
2 30
2 380
1 324
2 264
2 315
1 340
2 409
1 498
2 399
1 42
2 278
2 45
1 453
1 294
2 441
2 383
1 109
2 357
1 229
1 89
1 227
1 400
1 171
2 500
2 317
1 338
1 116
1 179
1 464
2 191
1 345
2 77
2 39
2 88
1 405
1 163
2 307
1 470
2 310
1 398
1 215
2 72
1 320
1 101
2 74
2 38
1 68
1 74
1 399
1 225
2 41
2 489
1 152
2 324
1 280
2 291
1 307
1 27
2 112
2 261
2 270
2 307
2 116
1 294
1 97
2 372
1 109
2 485
2 171
1 426
1 381
1 147
2 78
2 17
2 151
1 77
1 132
2 108
2 319
1 465
2 272
1 52
1 48
1 492
1 48
2 19
1 133
2 170
1 189
2 102
1 168
1 111
2 265
2 249
2 324
2 349
2 401
2 474
1 140
1 18
2 234
1 466
1 53
1 279
2 174
1 432
2 262
2 343
1 317
2 460
1 304
1 234
1 60
2 355
1 376
1 386
1 112
1 327
1 191
1 256
1 189
1 408
1 434
1 327
1 340
1 389
2 446
1 402
2 32
2 56
1 480
1 17
2 349
2 106
2 152
1 106
2 401
2 290
1 114
2 83
2 254
2 300
2 296
2 408
2 161
2 234
2 108
1 435
1 297
2 346
1 254
2 140
1 463
1 339
1 398
2 233
2 95
1 54
1 436
2 216
2 275
1 89
2 51
2 338
2 63
1 499
1 486
1 321
2 419
2 228
1 431
1 23
2 343
1 414
2 388
1 375
1 431
2 44
2 485
1 384
1 417
1 67
1 371
1 202
1 46
1 161
2 241
2 353
1 258
2 214
2 100
1 159
1 402
1 66
1 435
2 489
2 182
1 457
2 443
1 398
1 291
1 20
1 241
2 467
1 343
1 347
1 119
2 175
1 206
1 109
2 41
1 195
1 153
2 478
2 161
2 138
2 285
1 334
2 382
1 226
1 479
1 17
2 428
2 468
1 282
2 330
1 174
1 248
1 27
2 124
2 304
2 489
1 418
2 316
2 474
2 22
2 317
1 401
1 80
2 81
1 297
1 35
1 286
1 147
1 211
1 202
1 30
1 305
1 216
1 450
1 364
1 494
1 361
1 276
2 114
1 154
1 470
1 379
2 174
2 270
1 146
2 453
1 364
2 327
1 228
1 269
2 99
1 123
1 7
1 104
2 309
2 30
1 148
2 236
2 137
2 408
2 179
1 162
2 320
1 474
2 115
1 342
1 355
1 377
2 65
1 333
2 88
2 3
2 327
1 260
2 95
2 449
2 231
1 167
1 449
1 449
1 233
1 481
2 457
2 152
2 188
1 245
2 50
2 213
1 485
1 191
2 343
2 203
2 101
1 474
2 361
1 316
1 415
1 32
2 4
2 243
2 19
1 169
1 234
1 296
1 205
1 500
2 328
2 471
1 276
2 181
1 422
1 81
2 496
2 59
2 499
1 246
2 141
1 437
1 147
1 296
1 273
2 250
1 201
2 380
1 369
1 316
1 111
1 478
1 360
2 161
2 42
1 227
1 319
2 259
1 450
1 169
1 405
1 174
2 490
2 285
1 316
1 352
1 347
2 384
2 421
1 269
1 449
2 347
2 214
1 436
2 363
1 237
2 22
1 224
2 314
1 73
2 459
1 406
2 456
2 215
2 36
2 190
1 182
2 455
2 346
1 409
1 494
2 327
2 406
1 229
2 261
2 199
2 428
2 227
1 97
1 464
2 128
2 468
2 41
1 55
1 164
1 446
2 312
1 227
1 173
2 140
2 460
2 3
2 147
2 326
2 22
2 79
1 294
2 162
1 172
2 424
2 384
2 47
2 492
2 264
1 80
1 448
2 94
1 481
1 382
2 186
1 447
2 257
1 15
1 278
1 486
2 225
2 273
2 64
1 396
2 131
2 82
1 69
2 231
2 118
1 59
1 219
1 272
2 449
1 245
1 323
1 130
2 451
1 22
1 17
2 44
2 95
1 428
2 4
1 415
1 122
1 481
1 331
1 19
2 241
2 357
2 344
1 314
1 92
2 11
1 455
2 459
2 32
1 63
2 396
2 360
2 302
1 60
1 443
1 263
2 192
2 98
1 308
2 33
2 449
1 211
2 98
2 303
2 406
2 15
2 45
2 169
2 66
2 330
2 158
1 43
1 62
1 237
1 254
2 120
1 164
1 456
2 202
1 241
1 326
1 260
2 482
2 421
2 9
1 407
1 194
1 367
2 441
2 328
2 76
1 100
2 481
1 352
2 17
1 290
2 51
2 417
1 329
2 431
2 438
2 207
2 286
2 90
2 28
2 477
2 216
1 45
2 483
1 231
1 192
1 46
1 272
1 126
2 2
1 141
2 392
2 274
1 272
2 460
2 483
1 105
2 363
2 99
1 249
2 49
1 52
1 33
2 259
1 127
1 65
1 50
2 318
2 338
2 389
2 443
1 84
2 274
1 400
1 495
1 404
2 87
2 488
2 481
1 129
1 357
2 431
2 149
1 433
1 41
1 486
2 249
2 382
1 219
2 97
2 280
1 108
1 158
2 336
1 45
1 449
2 157
2 11
2 479
1 495
2 321
1 205
2 253
1 442
2 218
1 35
2 389
1 214
1 89
1 35
2 13
1 385
2 66
1 178
1 43
1 266
2 355
2 431
2 408
1 281
1 261
1 326
2 161
1 398
2 441
1 233
2 119
1 326
2 217
2 432
2 26
1 473
1 168
2 191
2 126
2 404
1 490
1 90
2 269
2 251
2 122
1 365
2 305
1 129
2 44
1 131
2 257
2 153
1 357
2 203
1 165
1 71
2 335
1 305
2 498
2 367
2 390
1 63
1 273
2 418
2 103
1 441
2 2
2 487
1 287
2 191
1 146
2 458
2 272
1 139
2 20
1 240
1 237
1 307
2 345
2 381
2 124
1 157
1 414
2 335
2 35
1 356
2 138
2 365
1 278
2 382
2 8
2 410
1 275
2 309
2 145
2 417
1 362
2 245
1 68
1 180
1 457
2 134
1 199
1 355
1 1
2 124
1 209
1 308
2 306
1 305
1 156
2 69
1 294
1 145
2 97
1 166
2 210
1 498
1 297
2 235
2 293
1 361
2 95
1 188
1 135
1 201
1 213
1 159
1 287
2 422
2 478
2 287
2 386
1 94
2 340
1 183
1 38
2 485
1 62
1 236
1 15
1 190
2 409
1 436
2 3
2 281
1 296
2 19
2 203
1 215
1 144
1 26
2 496
1 16
1 385
2 457
2 391
1 330
2 494
2 346
1 474
1 327
2 45
2 301
2 13
1 492
1 469
2 40
1 82
2 373
1 10
1 69
1 475
1 50
1 14
2 167
2 225
1 459
2 394
1 219
1 479
1 413
2 431
1 410
1 359
2 330
1 464
1 119
1 295
1 110
1 119
1 499
2 473
2 315
2 68
2 124
1 94
2 344
1 488
1 388
1 388
2 65
2 466
2 492
1 55
2 271
2 81
2 367
2 78
2 123
2 65
2 43
1 135
1 386
1 491
2 320
1 193
1 80
1 419
1 121
2 24
2 145
1 12
2 9
2 43
2 437
2 229
2 468
2 217
2 485
2 181
1 85
2 39
1 234
2 439
1 429
2 97
2 418
1 287
1 252
2 409
1 139
2 19
2 352
2 163
1 441
1 491
2 420
2 393
1 338
2 359
1 497
2 43
2 266
2 44
2 10
1 57
1 293
2 106
1 309
2 479
2 316
2 478
2 201
1 388
1 404
2 8
2 53
1 19
2 82
1 39
2 366
2 443
1 21
1 301
2 20
2 430
2 451
2 274
2 128
2 393
2 111
1 135
1 153
2 186
1 215
1 29
1 23
2 89
2 222
2 224
1 371
2 132
2 263
2 27
1 418
2 124
1 170
2 43
1 411
1 260
2 304
1 56
1 110
1 220
2 236
2 276
1 447
1 130
2 312
2 450
2 427
1 109
2 184
2 270
1 231
2 71
1 168
1 211
2 474
1 312
2 225
2 19
2 198
1 84
1 156
2 442
2 458
1 383
2 201
1 87
2 385
2 316
1 486
1 33
2 159
1 20
2 134
1 258
1 389
2 193
2 77
1 331
2 184
2 27
1 68
2 18
1 121
2 4
2 62
1 417
1 231
1 307
1 29
1 47
1 108
2 166
1 373
1 70
1 60
2 291
2 413
1 79
1 492
1 344
2 173
1 476
2 400
1 118
1 49
2 197
1 255
1 44
2 209
2 34
1 61
1 247
1 335
2 211
1 462
1 434
1 165
1 388
1 395
2 344
1 373
1 155
1 402
1 106
1 311
1 230
2 19
1 400
1 356
1 383
2 15
2 302
1 78
2 447
1 397
1 119
1 34
1 101
2 471
1 248
2 49
2 208
1 156
2 273
2 69
2 179
2 323
1 466
1 372
2 76
2 258
1 390
2 319
1 77
1 399
2 126
1 153
2 219
2 292
2 23
1 349
1 146
1 385
1 275
2 228
1 377
2 396
1 128
1 459
1 207
2 380
2 360
2 17
1 397
1 272
2 19
2 324
2 496
2 128
1 317
2 472
2 43
2 162
1 284
1 374
2 180
2 175
1 489
2 469
2 499
2 156
2 213
2 33
1 391
1 181
2 218
1 103
2 74
1 430
1 235
2 200
2 260
1 306
1 416
1 485
1 14
1 135
1 470
2 489
2 179
1 271
1 25
1 8
2 489
1 308
1 92
2 490
2 380
2 451
2 68
2 61
1 426
2 363
2 213
1 311
2 373
1 491
2 455
1 347
2 287
1 18
2 160
2 433
2 5
2 38
2 21
1 358
1 496
1 45
1 71
2 303
2 288
2 192
1 494
1 389
2 44
1 363
2 469
2 94
2 30
2 397
1 432
1 348
2 326
1 338
1 450
1 43
1 284
1 183
1 475
2 410
1 181
1 73
2 418
1 121
2 500
1 201
2 475
1 209
1 143
1 400
1 38
1 33
2 379
1 302
2 490
2 223
1 186
2 170
1 312
2 254
2 364
1 93
1 353
2 490
2 50
2 143
2 34
2 112
1 94
2 468
1 328
1 457
2 336
2 320
2 473
1 161
1 379
2 173
1 109
1 282
2 254
1 449
2 303
1 254
1 325
1 183
1 115
1 368
2 470
1 301
1 261
1 129
2 270
2 74
2 167
1 241
1 279
2 411
2 249
1 181
2 237
2 428
1 206
2 6
2 482
1 468
1 323
1 85
2 249
1 323
2 13
2 38
1 251
1 76
2 464
1 127
1 471
1 255
1 201
1 55
1 270
1 480
1 322
1 36
1 73
1 188
1 124
2 81
2 25
1 77
1 116
1 243
1 461
1 465
2 461
2 47
1 393
1 26
1 441
2 487
2 475
1 302
1 102
1 324
1 242
2 169
2 308
1 442
1 261
1 281
2 277
2 7
2 56
1 86
1 148
1 212
1 301
1 220
1 247
2 380
1 147
1 344
1 311
2 74
2 395
1 348
2 32
1 43
2 237
1 434
1 403
2 358
2 158
2 456
2 323
2 392
1 235
1 127
2 224
1 320
1 53
2 140
1 372
1 22
1 161
2 195
2 452
1 117
2 332
2 365
2 259
2 328
2 196
1 242
2 154
2 37
1 79
1 494
1 358
2 409
1 322
2 433
2 7
2 233
1 473
1 196
1 206
2 428
2 329
2 319
1 81
2 391
2 383
1 460
1 103
1 109
1 323
2 48
2 146
1 370
1 81
1 53
1 440
2 38
1 1
2 101
1 415
1 444
2 227
1 240
2 475
2 456
2 445
2 181
1 487
2 60
2 468
1 205
2 444
1 175
2 302
2 82
2 118
2 69
2 484
2 377
2 9
2 459
2 187
1 395
2 42
1 92
2 417
1 119
2 241
2 361
2 272
1 463
2 170
2 289
1 191
1 464
2 350
1 356
1 413
1 413
1 203
1 18
2 151
2 183
2 281
2 137
1 336
2 293
1 482
2 159
1 98
1 75
2 395
1 187
1 31
2 317
2 306
2 55
1 323
1 50
2 132
2 7
1 137
2 473
1 83
2 494
2 104
1 331
1 349
2 361
2 171
1 463
1 364
2 135
1 106
2 140
1 75
1 205
2 148
2 33
2 159
1 115
1 297
2 315
2 18
1 375
1 205
2 16
1 205
1 457
2 38
1 400
1 446
1 175
2 132
2 27
1 84
2 107
1 290
2 376
2 448
1 494
1 438
2 71
1 11
2 156
1 327
2 12
1 10
1 216
2 244
2 486
2 87
1 58
1 13
2 182
1 34
1 464
2 36
1 316
1 265
1 150
2 378
2 66
1 198
2 232
2 227
1 119
1 161
1 189
2 108
2 485
2 398
1 463
2 185
1 35
2 101
1 95
2 196
1 218
2 293
2 185
2 370
2 332
2 478
2 203
2 243
2 429
1 338
2 128
2 20
1 27
2 197
1 99
1 133
1 136
2 468
1 444
1 122
2 368
2 499
1 387
2 313
2 436
1 409
1 228
2 77
2 401
1 228
2 369
1 18
2 137
2 176
1 26
1 410
2 452
2 19
2 353
2 357
2 184
1 204
1 194
1 18
1 257
2 296
1 308
2 334
1 1
2 227
2 10
2 271
1 249
2 152
2 471
1 241
2 273
1 66
1 280
2 263
1 31
1 13
1 222
1 486
2 59
1 249
1 52
2 381
1 12
1 253
1 392
2 488
1 141
2 334
1 339
1 307
2 6
1 411
2 369
1 301
2 311
2 347
2 272
2 162
2 259
1 468
1 259
1 165
2 212
1 22
2 298
1 475
2 351
2 233
1 484
1 350
2 434
1 157
2 423
1 43
2 84
2 34
1 318
1 296
2 400
2 135
2 348
1 351
2 198
2 122
1 468
2 476
1 19
1 162
2 153
2 325
1 215
1 133
1 407
1 116
1 96
2 354
1 212
1 346
2 491
2 442
1 289
2 415
2 252
2 99
2 281
2 344
2 280
2 230
2 256
2 196
1 299
1 499
1 309
1 123
2 162
1 461
1 333
2 109
1 303
2 340
2 482
1 429
2 364
1 151
2 207
2 174
2 100
1 219
1 219
2 59
1 256
2 386
1 245
1 172
1 404
2 482
2 398
2 498
2 272
1 232
1 50
2 39
2 133
2 409
2 449
2 287
1 337
1 292
2 17
2 332
1 177
1 157
2 428
1 39
2 5
1 381
2 231
2 55
2 27
2 417
2 281
2 178
2 374
2 254
1 135
2 162
1 102
1 442
2 323
1 432
2 454
1 85
1 434
1 398
1 454
1 286
2 17
2 55
1 284
1 484
1 97
2 285
1 314
1 431
1 58
1 166
2 377
2 194
1 242
2 121
2 256
1 133
1 220
1 366
2 199
2 125
2 345
2 197
1 135
2 145
1 340
1 54
1 412
2 377
2 41
2 200
1 254
1 420
2 371
2 180
1 485
1 216
2 64
1 190
1 390
1 93
2 495
1 148
2 96
1 263
1 224
1 284
2 498
2 154
1 191
2 289
2 488
2 207
2 268
1 453
1 81
2 90
2 395
1 185
1 317
1 478
2 113
2 221
1 167
1 330
2 58
1 235
2 474
2 300
1 336
1 251
1 500
1 342
1 133
2 88
1 178
2 342
1 29
1 400
2 140
2 255
2 198
2 446
1 281
2 265
1 200
2 383
2 410
1 297
2 454
1 492
2 152
2 273
1 246
1 226
2 252
1 286
2 172
2 324
1 179
1 419
1 306
2 280
1 228
1 258
1 311
2 312
1 433
1 493
1 459
1 267
1 401
1 363
1 134
1 227
1 126
2 41
2 297
1 146
2 248
2 58
1 355
2 372
2 157
1 169
2 286
2 177
1 338
2 314
2 76
1 486
2 37
1 132
2 197
2 209
1 384
1 206
1 487
2 377
2 144
2 109
2 331
2 319
1 175
1 342
2 23
2 451
2 56
1 244
1 63
1 400
1 70
2 35
1 385
2 254
1 307
1 161
2 147
2 156
2 462
2 423
1 175
1 395
1 159
1 334
2 441
2 370
1 189
2 121
2 19
1 452
1 236
1 314
1 442
1 406
2 318
2 91
2 406
2 426
1 474
2 489
1 195
1 128
2 114
1 159
2 122
2 310
2 278
2 294
1 444
2 326
1 231
1 458
1 252
2 404
2 346
1 491
1 249
1 479
2 365
2 199
1 303
1 398
2 482
2 152
1 94
2 39
1 245
1 164
1 230
2 425
2 458
2 171
1 384
2 124
1 137
1 290
1 181
2 372
2 230
2 440
2 351
1 350
2 325
2 147
1 431
2 185
1 337
2 298
1 3
2 171
2 95
1 282
2 499
2 289
1 27
1 254
1 57
2 176
2 468
1 139
1 392
2 138
1 177
2 151
2 207
1 21
2 133
2 428
2 159
1 62
1 296
2 415
1 270
1 85
2 412
2 486
2 45
2 235
2 409
2 103
1 410
2 120
2 129
2 377
1 467
2 325
1 105
2 317
1 328
2 314
2 475
1 246
2 274
1 91
2 216
2 354
1 20
2 372
1 224
1 139
1 186
2 155
2 53
2 16
2 224
1 323
1 481
1 69
1 399
2 140
2 56
2 444
2 318
2 74
2 414
2 434
1 27
1 242
1 262
2 164
2 290
1 35
1 258
2 228
1 113
2 474
1 64
2 94
2 435
1 125
2 84
1 300
1 349
2 393
1 353
1 299
2 246
2 264
2 139
2 10
2 62
1 271
2 456
1 357
2 235
2 91
1 390
1 132
1 134
1 403
1 432
2 480
2 385
1 31
2 438
1 126
2 79
1 123
2 315
2 277
1 459
2 219
1 460
1 141
2 226
1 430
2 96
1 37
2 357
2 207
1 310
1 145
2 283
2 275
1 246
2 499
1 121
2 108
1 419
1 24
1 143
2 4
2 66
1 71
1 458
2 420
2 313
1 211
2 330
2 192
2 239
1 335
2 259
1 290
2 41
2 24
1 470
2 126
2 418
1 13
2 176
1 197
1 347
1 83
1 244
1 455
2 316
2 45
1 82
2 454
1 351
2 9
1 207
1 411
1 181
2 54
2 206
1 196
1 9
1 227
2 404
2 439
2 173
2 144
1 21
2 432
1 277
1 43
2 278
2 458
1 227
2 166
1 112
1 483
2 491
1 77
1 446
2 464
2 201
2 76
1 407
2 445
2 299
2 165
1 144
1 385
1 336
2 154
1 116
1 420
1 49
1 352
2 362
2 113
1 126
1 135
1 47
2 215
2 270
2 420
2 57
1 134
1 206
2 191
2 275
1 279
2 457
1 317
1 148
2 84
2 321
1 157
2 353
2 63
1 305
1 386
2 285
2 105
2 158
2 163
1 257
2 254
2 274
2 87
1 55
1 46
2 443
1 93
2 128
2 416
2 488
2 145
2 24
2 467
2 396
2 112
1 422
2 420
2 491
1 468
1 379
1 272
1 419
2 116
2 223
1 331
2 36
2 335
2 76
2 91
2 281
1 326
1 271
2 101
2 103
1 158
2 285
1 154
1 498
1 102
1 5
1 282
1 406
1 303
2 268
2 303
2 447
1 454
2 225
1 181
2 474
2 11
1 120
2 313
2 286
1 40
1 197
1 33
2 289
2 435
2 228
1 309
1 69
1 94
2 168
1 323
2 464
1 102
2 350
2 403
2 32
2 128
2 468
1 183
1 495
2 16
1 206
1 99
2 438
1 419
2 169
1 301
2 279
1 419
1 168
1 466
1 468
2 280
2 252
1 42
1 430
1 23
1 85
2 114
1 16
1 330
2 477
1 169
2 32
2 86
2 260
2 102
2 495
2 13
2 46
2 48
1 316
2 315
1 395
1 274
2 163
2 447
1 85
2 450
1 405
1 18
2 290
1 95
2 56
1 87
1 366
1 429
2 56
2 432
2 374
2 213
1 160
2 379
1 477
2 211
2 216
1 397
2 403
1 141
2 451
2 412
1 65
1 348
1 434
2 422
2 336
1 194
2 348
2 90
1 401
1 57
1 83
2 472
1 296
2 296
1 43
2 413
2 46
1 79
2 243
1 137
1 190
1 424
2 254
2 213
1 368
2 473
1 73
2 435
2 261
1 466
2 436
2 262
2 490
1 163
1 43
2 161
1 333
1 121
1 152
2 92
2 453
1 469
2 212
2 393
1 337
2 127
1 89
1 309
1 79
2 14
2 474
1 57
1 462
2 391
2 361
1 484
2 102
1 337
2 58
1 285
1 292
2 370
1 150
1 13
1 500
1 52
2 52
1 130
2 488
2 477
1 206
1 12
2 263
2 472
2 134
1 418
2 18
2 360
2 168
1 98
1 250
2 344
2 313
1 165
1 346
2 500
2 305
2 62
2 63
2 91
1 140
2 324
2 351
2 27
2 55
1 390
1 328
2 456
1 58
1 292
2 316
2 10
1 5
2 39
1 307
2 115
1 341
2 306
1 473
1 62
2 11
2 182
1 387
2 478
2 312
2 403
1 263
1 99
2 334
2 334
1 470
2 437
1 91
1 205
2 277
1 442
2 420
2 477
2 316
1 307
2 426
2 106
1 121
2 454
1 45
1 298
1 292
1 28
1 180
1 296
1 350
2 95
2 64
2 279
2 228
2 357
2 294
2 192
1 371
2 71
2 136
1 133
2 306
1 160
2 243
1 292
1 396
1 65
2 160
2 189
2 428
1 243
2 212
1 338
1 283
1 200
1 480
1 49
2 195
1 121
1 15
1 233
2 354
2 221
2 140
1 104
2 159
1 491
1 484
1 303
1 291
1 387
1 186
2 258
1 143
1 169
2 494
1 271
2 50
1 211
2 253
1 311
2 12
2 132
2 332
1 112
2 287
1 244
1 433
1 56
2 231
1 287
1 329
1 70
2 401
2 271
2 446
1 415
2 234
1 303
1 331
1 188
2 264
2 293
1 284
1 474
2 423
1 238
1 169
1 482
2 440
1 73
2 333
2 194
2 32
1 484
1 114
2 331
2 305
2 424
2 470
2 103
1 360
1 495
2 351
1 449
1 80
1 379
1 8
1 182
1 271
2 253
1 39
2 260
1 57
2 432
1 135
1 270
2 77
1 375
1 444
2 273
2 196
2 138
1 74
1 447
2 188
2 80
2 134
1 70
1 226
2 68
2 238
2 207
1 304
2 445
2 255
1 473
2 220
2 358
1 134
1 342
2 354
2 399
2 464
1 29
1 172
1 254
2 136
1 75
2 244
2 390
1 88
1 152
1 176
2 157
2 16
1 334
1 122
1 208
1 404
1 331
2 35
1 484
1 247
1 461
1 428
1 191
1 415
2 379
2 55
2 103
2 236
1 292
2 20
2 146
2 439
1 497
2 411
1 495
2 241
2 350
2 8
2 388
1 235
1 216
2 4
2 359
2 254
1 447
2 1
2 47
2 68
1 115
2 227
2 191
1 119
2 488
1 81
2 252
2 344
2 103
2 285
1 437
2 463
2 15
2 475
1 105
2 457
1 77
2 180
2 2
2 307
2 276
2 215
2 53
1 346
1 108
1 321
1 372
2 279
2 98
2 300
1 499
1 273
2 142
2 342
1 455
1 484
1 239
2 461
2 460
1 150
1 287
1 463
2 105
2 397
1 346
1 107
1 155
1 271
1 36
1 291
1 463
2 71
2 177
2 196
1 188
2 407
2 167
1 485
2 462
2 176
2 280
1 355
1 365
2 433
1 440
1 389
1 202
1 307
1 342
1 217
1 198
1 356
1 345
1 486
1 276
2 169
2 295
2 192
2 499
1 411
1 51
2 43
1 462
2 333
1 202
1 185
1 25
1 263
2 435
2 230
1 113
1 116
2 272
2 418
1 134
1 411
2 330
1 140
1 154
2 299
1 374
2 107
1 226
2 470
1 321
2 221
1 301
1 44
1 494
2 46
2 492
1 15
1 113
2 465
2 479
2 474
1 97
1 453
1 4
1 185
2 176
2 462
1 240
2 400
2 466
2 415
2 252
1 130
2 288
1 483
1 208
1 321
1 91
2 329
1 398
2 270
2 417
2 401
1 236
1 444
2 244
2 361
2 140
2 63
2 436
2 44
1 204
1 151
1 488
1 388
2 344
2 161
2 388
2 120
2 360
1 27
2 274
2 154
2 377
1 191
2 113
1 160
1 449
1 462
1 141
2 376
2 357
1 97
1 97
1 70
1 279
1 115
1 483
1 168
2 335
1 375
2 443
1 467
2 196
1 382
1 128
2 172
1 293
1 432
2 484
2 400
1 449
1 370
2 485
2 345
1 395
1 470
2 457
1 284
1 215
2 192
1 274
2 178
1 483
2 10
1 313
2 283
2 275
1 395
2 189
1 430
2 311
1 475
2 187
1 123
1 127
1 95
1 380
1 169
1 84
1 31
2 438
1 157
1 317
1 471
2 143
1 143
2 151
1 71
1 79
2 443
2 210
2 308
1 161
1 155
1 209
1 140
2 203
2 358
2 52
1 228
1 432
1 498
1 191
1 123
1 317
2 178
1 454
1 319
1 17
1 209
1 11
2 372
2 349
2 83
1 113
1 445
1 384
1 329
1 213
1 47
2 220
2 407
2 414
2 138
1 198
2 7
1 47
1 420
2 311
2 146
2 16
1 170
2 383
1 177
2 301
2 476
2 447
1 45
1 106
2 142
1 29
1 363
2 230
2 173
1 341
1 166
1 259
2 459
2 184
2 87
2 357
1 209
1 295
2 367
2 435
1 56
2 360
1 93
2 256
2 480
1 82
2 304
1 183
1 332
1 248
2 202
1 184
1 259
2 15
1 231
2 337
1 468
1 407
1 284
2 325
2 110
1 463
2 450
2 378
2 11
2 403
1 229
2 326
2 417
1 316
2 140
2 284
2 348
1 19
1 56
2 450
1 452
2 282
2 57
1 386
2 136
1 335
1 78
1 55
1 499
1 140
1 374
2 449
1 465
2 57
1 13
1 389
1 122
2 69
2 182
1 449
2 445
2 33
2 442
2 368
1 308
1 134
1 134
1 107
1 252
2 322
1 372
1 227
1 380
2 24
2 100
1 230
2 107
1 271
1 200
1 44
2 497
2 40
2 110
1 80
2 160
2 476
1 463
1 377
1 201
1 107
1 223
1 48
2 449
1 433
1 456
1 6
1 4
1 434
2 43
1 177
2 118
1 86
1 205
1 274
2 213
1 57
2 67
1 468
2 422
1 14
2 375
2 32
1 64
1 194
2 183
1 161
1 373
1 232
2 59
2 334
2 236
1 57
1 197
1 316
1 275
2 198
2 199
1 230
2 399
2 221
2 496
2 232
1 478
2 149
1 319
1 158
1 427
1 207
2 90
1 93
1 54
1 217
2 223
1 367
2 73
2 53
1 319
2 140
1 99
1 183
1 325
1 323
2 405
1 373
1 403
2 414
2 459
1 61
2 279
2 154
2 365
1 123
2 342
1 330
2 253
1 210
2 203
1 327
2 413
2 305
1 220
1 476
1 199
1 62
2 314
2 180
1 421
1 360
1 415
2 54
2 52
2 95
1 499
2 212
2 175
1 282
1 437
2 275
2 144
2 464
2 51
2 486
2 296
2 437
1 385
1 80
1 309
1 41
2 298
2 421
1 324
2 70
2 311
1 247
2 180
1 115
2 352
2 405
2 445
2 208
1 35
2 469
2 312
1 1
2 318
2 285
2 475
1 253
1 49
1 444
2 209
1 311
2 10
2 411
2 260
2 488
1 257
1 340
2 21
1 233
1 112
2 331
2 74
2 428
2 82
2 203
2 132
2 55
1 283
2 448
1 435
2 187
1 446
1 316
2 217
1 156
2 269
1 119
1 69
1 316
1 120
1 144
2 234
1 244
2 15
2 410
2 329
2 196
2 326
2 93
2 263
1 223
2 234
2 224
1 90
1 155
2 409
2 311
2 200
2 363
1 449
1 367
1 72
1 256
1 277
1 292
2 447
1 421
1 410
1 37
2 35
1 411
1 194
2 290
2 127
1 459
1 479
2 57
2 238
1 300
1 11
2 256
2 160
1 341
2 172
2 271
1 272
2 1
2 253
1 358
1 497
1 159
1 492
2 378
2 378
2 447
1 471
1 48
1 82
1 402
2 469
1 162
1 204
2 57
1 156
1 391
2 81
2 128
1 467
2 4
1 385
1 435
2 208
2 188
2 426
2 393
1 464
1 338
2 68
1 326
1 159
2 228
2 117
2 366
1 63
2 279
2 23
1 153
1 400
1 370
2 132
1 71
2 19
1 465
2 153
1 14
2 358
2 253
2 299
1 410
2 338
1 159
1 105
2 441
1 206
1 181
2 275
2 135
1 362
2 232
1 388
2 176
1 189
1 72
2 249
2 199
1 372
2 150
2 371
1 184
1 104
1 116
1 318
1 375
2 348
1 44
2 54
2 184
1 202
2 228
1 439
1 240
2 486
2 343
1 34
1 135
2 94
1 219
2 351
2 294
1 51
2 137
1 260
1 346
2 279
2 115
2 55
1 83
1 298
2 100
2 451
1 320
1 188
1 158
1 482
2 440
1 140
1 136
2 99
2 211
2 109
2 298
2 382
1 55
2 305
1 10
2 91
2 2
1 218
2 168
2 462
2 83
2 34
1 351
1 402
2 361
1 90
1 25
2 389
2 2
2 84
2 3
1 43
1 304
1 15
2 162
1 429
1 428
1 313
1 445
1 190
2 428
2 166
1 102
2 234
2 451
2 169
1 342
2 309
2 174
2 467
2 150
2 283
2 208
2 206
2 13
1 309
1 26
2 447
2 381
1 285
2 496
2 284
2 15
2 334
1 267
1 227
2 195
2 197
1 455
2 406
2 2
2 110
2 393
1 358
2 87
1 455
1 95
2 271
2 35
1 149
2 255
2 273
2 235
1 55
2 76
1 8
2 378
2 455
1 377
1 394
2 158
2 397
1 143
2 212
2 474
1 33
1 438
1 29
1 127
2 213
1 394
1 482
1 188
1 245
1 452
2 379
2 43
2 212
2 293
2 213
1 487
2 345
1 402
2 300
1 159
1 433
2 83
1 28
1 202
1 38
2 114
1 113
1 42
1 340
1 98
1 303
1 1
2 64
1 224
2 134
1 226
1 286
1 184
2 281
2 289
1 241
1 437
2 58
1 28
2 163
2 5
2 265
2 316
1 110
2 42
2 420
2 365
1 426
1 222
1 136
1 228
1 264
1 432
2 494
2 273
1 139
2 325
2 485
1 82
2 178
2 41
2 241
2 6
1 304
1 76
2 441
2 18
1 170
2 80
2 111
2 171
1 333
2 152
1 134
1 116
2 208
1 111
2 265
2 318
1 48
2 211
1 251
1 248
2 29
2 83
2 31
2 240
1 99
1 385
1 329
1 246
1 7
2 188
2 177
1 191
1 454
2 415
2 480
1 477
1 341
2 351
2 164
1 438
1 333
1 198
2 321
2 49
1 3
1 450
2 445
1 458
2 392
2 103
1 238
2 83
1 489
2 153
1 375
1 118
2 264
2 72
1 109
1 115
1 207
2 346
1 56
1 402
1 28
1 375
2 286
2 195
1 94
2 130
1 288
2 378
2 413
2 487
2 420
2 188
2 369
1 482
2 189
2 76
1 90
1 184
2 258
1 352
2 76
2 170
1 79
1 266
2 348
1 216
1 57
2 98
2 288
2 201
1 165
1 43
1 429
2 480
2 456
2 241
1 164
2 99
1 310
1 437
2 468
1 128
1 258
2 152
1 7
2 373
2 332
1 276
2 346
2 151
2 438
2 36
2 153
1 46
1 350
1 323
2 485
1 44
2 379
2 140
2 399
1 408
2 131
2 195
1 290
2 481
2 235
1 179
1 354
1 201
2 58
2 223
1 177
1 488
2 164
2 143
2 343
1 497
2 437
2 153
1 387
2 304
2 352
1 360
2 409
2 407
1 287
2 212
2 98
2 369
1 30
1 28
1 265
1 196
2 66
1 278
1 332
2 424
1 266
1 388
2 400
2 196
1 127
2 1
2 310
2 190
2 84
2 210
2 240
2 401
2 457
2 108
1 111
2 323
2 370
2 255
2 209
1 455
2 61
2 263
1 379
1 60
2 20
2 163
2 377
2 267
2 93
1 473
1 109
2 432
1 5
1 99
2 339
2 252
2 211
1 120
2 318
2 403
2 151
2 300
1 332
1 212
1 144
1 127
1 331
1 433
2 447
2 252
1 287
2 36
2 368
1 438
2 38
1 226
2 461
2 68
1 294
2 215
2 167
1 392
2 251
2 183
1 207
1 335
1 288
1 194
1 81
2 192
2 175
2 159
2 145
1 278
2 208
1 227
1 185
2 370
1 295
2 337
2 486
2 198
1 244
1 281
2 374
1 295
1 93
2 386
2 30
2 379
2 155
1 111
2 76
1 478
1 384
1 426
1 188
1 495
1 219
2 460
1 450
1 344
1 58
2 483
2 244
2 175
1 318
2 440
2 117
1 466
1 435
1 73
2 219
2 258
2 193
2 232
2 322
2 388
2 8
1 317
2 231
2 352
1 128
2 293
1 412
1 447
2 1
1 173
2 438
1 359
2 350
2 477
2 17
1 401
1 234
2 478
1 59
2 215
1 472
2 133
2 469
1 433
2 451
2 392
1 238
1 370
2 192
1 109
2 210
2 436
2 429
1 462
1 94
1 377
2 387
1 152
2 293
1 175
2 393
1 482
1 168
1 69
2 49
2 419
1 390
2 404
1 472
2 157
2 245
1 482
2 247
2 485
2 420
2 133
1 77
1 146
1 465
1 454
1 94
2 123
2 431
2 301
1 95
2 318
2 194
2 469
1 283
2 330
2 464
1 14
1 76
2 135
1 76
1 257
1 164
1 4
1 110
1 347
1 465
2 395
1 463
2 98
1 372
2 300
2 241
2 78
1 324
1 59
2 151
1 420
2 47
1 260
1 79
2 211
2 123
2 201
2 24
1 34
2 428
2 81
1 498
1 335
2 221
1 423
2 209
2 389
2 118
2 262
1 107
1 91
2 281
2 17
1 292
2 198
2 235
1 239
1 287
2 256
2 318
2 81
1 373
1 484
1 118
2 389
1 273
2 156
2 473
1 208
1 222
2 187
2 386
2 40
1 201
1 382
2 326
1 100
1 431
1 391
1 32
2 327
1 110
1 208
1 154
2 198
2 23
1 35
1 12
2 431
1 74
1 434
2 126
1 300
1 321
1 160
1 172
1 360
2 468
2 215
2 186
1 51
1 499
1 468
1 364
1 425
2 62
2 187
2 448
1 446
1 27
2 471
1 443
1 183
1 101
2 234
1 12
1 493
1 221
1 223
1 210
2 372
2 61
1 13
1 395
1 275
2 415
1 323
2 131
2 118
2 253
2 16
1 486
2 477
2 172
2 142
2 49
1 355
1 71
2 469
1 177
1 90
2 193
1 151
2 416
1 406
1 322
2 135
2 133
2 365
2 161
2 37
1 20
1 171
1 110
2 259
1 234
2 80
1 260
1 101
1 53
1 399
1 278
1 385
2 144
2 67
2 107
2 366
1 346
1 272
1 26
1 445
1 230
2 37
1 458
2 369
2 494
2 236
1 152
1 386
1 221
1 304
2 406
2 9
1 408
1 59
2 161
2 192
2 379
2 232
2 69
1 51
2 70
1 38
1 258
2 73
1 78
1 360
2 248
1 234
2 499
1 87
1 147
2 402
2 211
2 65
2 288
2 45
2 253
1 134
1 356
1 191
2 433
1 268
1 122
2 334
1 497
2 483
2 255
1 19
2 72
1 447
2 50
1 68
1 425
2 15
2 259
2 65
2 459
1 371
1 185
1 403
2 180
1 175
1 473
2 102
2 480
2 403
1 392
1 35
1 375
1 300
2 106
2 175
1 400
2 347
1 453
1 468
1 487
1 418
2 39
2 3
1 271
1 251
1 79
1 182
2 187
2 437
1 49
1 60
2 8
1 236
1 7
1 444
2 197
2 452
2 435
1 105
1 211
2 423
1 492
1 446
1 289
2 322
2 198
2 137
2 138
2 369
2 428
1 489
1 228
1 211
1 246
2 71
1 373
1 449
2 449
2 394
2 481
2 426
1 447
1 86
2 138
1 81
2 469
2 393
1 361
2 210
1 121
1 265
2 273
1 209
1 312
2 310
1 169
2 173
1 1
1 52
1 416
1 55
1 404
2 284
1 401
2 221
2 124
1 365
2 403
1 322
1 380
2 209
1 218
2 367
1 342
1 207
2 105
2 197
2 59
1 124
2 324
2 331
2 34
1 47
1 325
1 1
1 351
2 455
1 441
1 137
1 443
2 95
1 456
2 408
1 270
2 325
2 227
2 391
1 406
1 195
1 9
2 137
2 255
1 278
2 265
1 181
2 461
2 106
1 65
2 133
1 44
2 278
1 316
1 382
2 161
1 155
1 475
2 28
2 382
1 128
1 275
1 57
2 82
1 354
1 27
2 331
1 295
1 43
1 331
1 387
1 204
2 161
1 183
1 110
2 197
2 414
1 396
1 58
2 484
1 474
1 250
1 283
1 115
2 358
1 453
1 437
1 284
2 389
1 488
1 382
2 439
1 8
1 469
2 311
1 328
1 165
2 440
2 473
1 476
1 351
1 73
2 139
1 87
2 25
2 376
2 111
1 406
1 500
1 34
1 30
1 445
1 290
1 345
1 290
1 91
1 303
2 131
2 222
2 467
2 143
1 5
2 360
1 370
2 135
1 20
1 469
1 210
1 200
1 372
2 77
1 332
2 329
1 319
1 31
2 148
2 182
1 278
2 413
2 251
1 254
1 63
1 86
1 480
2 29
2 329
2 164
1 335
1 326
2 394
1 493
2 232
2 45
2 67
2 8
1 356
2 291
2 335
1 246
1 216
2 16
1 83
2 408
1 375
2 126
1 292
2 12
2 145
1 384
2 365
2 232
1 355
2 342
2 102
1 354
1 66
2 213
1 104
1 121
1 204
2 449
2 365
1 370
2 16
2 423
1 199
2 451
2 29
2 446
1 84
2 299
2 372
1 352
2 483
2 304
2 219
1 33
2 63
1 295
1 358
2 161
1 223
1 313
2 108
1 85
2 408
2 395
2 246
1 105
2 218
1 267
1 215
2 222
1 405
1 59
1 85
1 22
2 35
1 262
1 443
1 36
1 80
1 333
1 27
2 258
2 401
1 32
2 26
1 244
1 121
2 396
2 226
2 216
1 454
2 105
1 322
1 449
2 421
2 430
2 70
2 43
1 414
2 84
1 32
1 73
1 334
1 61
2 236
1 170
2 104
1 436
2 265
2 381
2 165
2 335
1 349
1 407
2 8
2 406
2 22
1 394
2 298
1 265
2 433
1 74
1 411
2 16
2 245
2 415
1 59
2 347
2 478
1 21
2 96
1 227
2 256
2 323
2 278
2 437
2 76
1 450
1 371
1 216
2 66
1 228
1 378
2 382
1 32
2 44
2 32
2 95
2 243
2 191
1 59
1 434
1 489
1 323
2 405
1 178
1 19
2 445
1 183
1 455
1 432
2 192
1 325
1 102
2 258
2 290
1 272
1 301
1 311
2 323
2 364
1 184
1 460
1 482
2 157
1 208
2 490
1 52
1 389
2 232
2 297
1 314
1 97
2 180
2 293
1 473
2 57
1 242
1 487
2 10
2 363
1 231
1 173
1 166
2 139
2 59
2 270
2 3
1 43
1 124
2 387
1 195
2 103
2 162
2 11
1 84
2 445
1 225
2 300
1 29
1 138
1 372
1 164
1 273
1 259
2 392
2 344
2 143
2 375
2 387
2 180
1 110
1 136
1 240
2 427
1 224
1 59
2 323
1 173
1 279
2 196
2 280
2 461
1 485
2 226
1 423
2 193
1 380
1 69
2 466
2 91
2 263
2 136
2 223
1 384
2 90
2 23
2 470
2 291
1 169
1 29
1 273
1 327
1 253
1 475
2 94
2 407
1 65
1 145
2 53
1 288
2 459
1 11
1 497
2 85
2 169
1 460
2 187
2 296
2 34
1 9
2 186
1 187
2 161
2 389
1 210
1 208
1 190
1 299
1 371
1 406
2 349
1 35
2 356
1 177
2 304
1 219
2 305
2 91
2 87
1 382
2 359
2 168
1 159
2 437
2 350
2 123
1 412
2 436
2 338
1 359
2 149
2 482
2 186
1 270
1 255
2 420
1 92
1 13
1 406
1 130
2 496
1 304
2 260
2 25
2 202
2 90
2 311
2 155
1 346
1 120
2 427
2 214
1 330
1 267
2 27
1 341
1 351
1 280
1 86
1 410
1 390
2 342
2 273
1 400
2 272
2 219
1 262
1 215
2 9
2 30
1 432
1 409
1 70
2 95
2 196
1 146
1 355
2 490
2 335
2 245
1 260
2 303
2 450
2 315
2 53
1 198
1 66
1 469
2 498
2 493
1 66
2 131
1 477
1 399
2 360
2 268
2 162
1 491
2 290
1 421
1 1
1 29
1 76
2 404
2 59
2 118
2 387
1 248
2 71
1 26
2 493
2 49
1 215
1 116
1 197
2 50
2 6
1 115
2 75
1 358
2 266
2 461
1 279
2 367
2 206
1 131
1 388
1 203
1 71
2 458
2 207
2 315
1 436
2 497
1 151
1 347
1 32
2 272
1 367
1 11
2 233
2 474
1 172
2 74
1 199
2 212
2 241
2 320
1 11
1 390
2 373
1 281
2 394
1 418
2 41
1 389
2 273
1 392
1 390
2 390
1 347
2 196
2 183
1 467
1 35
1 58
1 443
1 368
1 241
2 300
2 417
1 405
2 402
2 484
2 465
2 83
1 30
1 102
1 497
1 109
1 275
2 143
2 208
1 405
2 146
1 433
1 96
1 102
2 338
1 139
1 14
2 317
2 203
2 459
2 338
2 82
2 437
1 181
2 85
2 297
2 493
2 144
1 270
1 436
2 35
1 113
1 499
2 443
2 199
2 251
2 171
2 353
1 260
2 308
2 322
1 427
1 36
1 105
1 167
1 116
2 465
1 453
2 9
2 367
2 499
1 299
2 154
2 332
2 36
2 257
2 94
2 374
1 105
1 287
2 17
1 176
2 334
1 500
1 226
1 252
1 335
2 96
1 405
1 253
1 418
2 148
1 44
2 493
1 350
2 122
1 384
2 51
2 128
1 410
2 267
1 428
1 268
1 441
1 155
2 464
1 54
2 435
2 336
2 96
2 57
2 403
2 218
2 9
2 354
2 198
1 136
2 73
2 352
1 74
1 58
2 430
2 352
1 59
2 291
1 371
2 75
2 139
1 429
1 488
1 270
2 254
2 14
1 159
2 191
1 223
2 121
1 211
1 15
1 10
2 275
1 356
2 357
1 492
2 345
1 419
1 16
1 370
2 349
1 394
1 464
1 288
1 119
1 259
2 267
1 142
1 499
2 94
2 194
1 344
2 269
1 4
1 285
1 313
2 105
1 24
1 377
2 3
2 309
2 331
2 380
1 172
2 172
1 437
1 55
1 404
2 245
2 106
2 484
1 366
2 179
2 8
2 200
2 401
1 475
1 138
2 407
1 85
2 427
2 444
2 357
2 155
2 309
1 334
2 382
2 233
1 87
1 319
1 454
2 349
2 154
2 135
2 148
2 139
1 443
1 258
2 484
1 252
1 23
2 288
1 135
1 168
2 464
1 211
2 408
2 197
1 249
2 474
1 253
1 173
1 249
1 198
1 193
2 227
1 237
2 323
2 386
1 444
2 31
1 470
2 268
1 352
2 201
2 412
2 288
2 500
1 366
1 119
2 350
2 478
2 211
1 309
2 494
1 297
1 109
1 314
2 136
2 245
1 489
1 140
1 92
1 163
1 41
2 220
1 330
2 328
1 348
2 136
2 240
2 217
2 402
1 429
2 47
2 224
2 180
1 15
1 207
2 285
2 162
1 340
2 52
1 30
2 156
1 444
2 450
1 447
2 393
2 240
2 399
2 326
2 30
1 406
1 368
1 38
2 193
1 19
1 249
2 346
1 66
2 2
2 300
2 69
2 27
1 131
1 475
1 60
1 147
2 444
2 154
2 43
1 210
1 293
1 314
1 65
2 279
2 97
1 71
2 474
2 29
2 226
2 264
2 358
2 101
2 277
1 134
2 303
2 84
2 153
2 437
2 479
2 339
2 496
2 296
1 358
1 278
2 178
2 220
2 303
1 188
2 426
2 250
1 163
2 27
2 286
2 88
1 29
1 43
1 335
1 197
1 13
1 478
1 15
2 76
2 369
2 248
1 83
2 77
1 33
2 116
1 65
2 434
2 481
1 173
2 17
2 210
2 343
2 422
2 236
2 377
1 112
1 101
1 472
2 143
2 132
2 174
1 313
2 493
2 286
2 459
1 385
1 386
2 207
2 287
1 8
1 397
2 287
2 16
2 25
2 115
1 121
1 56
2 99
1 430
1 416
1 242
1 260
2 379
1 286
2 407
2 180
2 115
2 3
1 429
2 492
2 35
1 34
1 249
1 341
1 220
1 269
2 55
1 439
2 493
1 450
2 220
2 405
1 299
2 168
2 286
2 473
1 475
2 113
2 342
2 104
2 60
1 225
1 400
1 399
1 443
1 347
2 32
2 200
2 362
2 261
2 82
1 22
1 444
1 482
2 290
2 402
2 308
1 314
2 493
1 303
1 115
2 302
2 103
2 329
1 72
2 314
2 174
2 60
2 172
2 254
2 329
2 309
1 132
2 47
2 38
2 264
2 201
2 299
2 417
2 471
1 67
1 492
2 323
2 209
1 147
1 307
2 468
2 315
1 89
2 428
2 209
2 131
2 255
2 415
2 259
2 363
2 373
1 417
2 461
1 40
2 291
1 434
2 313
1 210
2 460
2 231
1 179
2 280
2 141
1 307
2 431
2 76
2 227
1 349
2 321
1 145
1 234
1 222
1 177
2 298
1 419
2 7
2 241
1 233
1 480
2 132
1 60
2 64
1 51
1 324
2 151
1 334
1 398
2 133
1 337
2 414
2 163
1 55
2 206
2 136
2 30
1 298
2 474
2 78
1 476
2 99
1 368
1 214
2 191
1 43
2 128
1 486
1 375
1 45
1 31
1 468
1 447
2 352
2 329
2 500
1 181
1 134
1 234
2 17
1 44
2 154
1 14
2 313
1 383
2 172
2 389
2 176
2 108
2 459
1 307
2 296
2 408
2 238
2 479
1 268
1 164
1 397
2 412
1 269
1 270
1 58
1 282
2 345
2 111
2 29
2 261
1 107
2 456
2 13
1 450
2 159
1 202
1 142
2 469
1 259
1 53
1 248
2 401
1 427
2 246
2 132
2 482
1 231
2 434
2 222
1 375
2 349
1 288
1 393
1 252
2 345
1 318
1 342
1 35
2 81
2 427
1 343
2 301
2 197
2 315
2 470
1 299
1 469
1 159
2 193
1 11
2 418
2 333
2 398
2 231
1 351
1 41
2 270
1 265
1 280
1 236
2 473
1 418
2 323
1 302
2 190
1 256
2 344
1 69
1 306
1 423
2 161
1 53
1 9
1 247
1 101
2 388
2 368
2 365
2 84
1 57
2 34
1 231
2 251
1 322
2 303
2 417
2 412
2 96
1 138
1 59
1 176
1 14
1 454
2 438
2 248
1 162
2 10
1 362
1 43
2 20
2 131
1 11
1 257
1 313
1 152
2 188
2 20
2 74
2 431
2 362
2 209
2 15
1 266
1 33
2 263
2 357
2 340
1 287
1 177
2 46
1 174
2 7
2 285
1 370
1 295
2 98
2 457
1 276
1 340
1 86
1 212
2 346
1 14
1 351
1 435
1 370
1 480
1 356
2 307
2 332
2 159
2 307
2 392
1 41
2 242
1 332
2 420
1 208
2 13
2 475
2 158
1 258
1 219
1 254
2 190
2 182
2 365
1 167
1 274
2 339
2 185
1 171
1 51
2 389
1 289
2 362
1 58
1 83
1 437
1 4
1 124
2 326
1 25
2 96
1 51
1 16
2 455
1 43
1 64
2 421
1 497
1 298
1 105
1 33
2 420
1 19
2 425
1 383
2 188
1 450
2 263
2 29
2 150
2 426
1 205
1 417
2 332
1 458
1 150
1 329
2 230
2 463
1 42
2 306
1 26
2 24
1 71
1 209
1 475
1 489
2 184
1 84
2 323
2 302
1 235
1 392
1 328
2 321
1 403
1 155
2 84
1 272
1 81
1 429
2 318
1 438
2 323
2 219
2 265
1 469
2 354
1 18
2 66
1 254
2 167
1 453
1 437
1 107
1 56
1 276
2 453
2 225
2 437
2 123
1 314
2 404
2 303
1 52
1 111
2 392
1 417
1 231
2 420
1 74
2 373
1 199
2 266
2 303
2 69
2 256
1 220
2 253
1 432
1 93
2 312
2 376
1 32
1 285
2 295
1 425
2 59
2 195
2 249
2 379
2 126
1 403
2 496
2 218
1 162
1 174
2 498
2 53
1 6
2 480
2 46
2 319
2 231
1 133
1 362
2 500
2 348
1 331
2 260
1 122
2 62
2 98
2 47
1 88
2 190
1 353
2 324
2 395
1 36
2 89
1 93
2 236
1 194
2 135
1 318
1 430
2 107
2 438
2 380
2 57
2 444
2 8
2 432
1 377
2 133
2 364
2 405
1 17
2 18
2 108
2 462
2 66
1 416
2 73
2 231
2 216
2 390
2 145
2 328
2 287
1 338
2 389
1 454
2 396
1 259
2 9
1 40
1 140
2 280
1 101
2 192
1 37
2 242
2 401
1 406
1 233
2 42
2 40
1 377
1 317
2 290
2 207
1 251
1 487
1 261
1 40
1 255
1 385
2 461
2 418
1 176
1 312
2 271
2 63
2 138
2 134
1 56
1 108
1 241
2 187
2 34
2 304
1 358
1 284
1 325
2 35
1 203
1 69
2 401
2 471
1 362
1 317
2 147
2 426
2 223
1 239
1 394
2 43
1 82
2 421
1 231
1 258
2 5
1 257
2 456
1 443
2 183
2 85
1 387
1 420
2 326
2 364
2 53
2 322
1 289
2 392
2 50
2 304
1 474
1 311
2 139
2 450
1 215
1 355
1 248
1 210
2 136
1 495
1 184
2 174
1 411
2 342
1 417
2 217
1 57
2 22
2 131
2 220
1 209
1 299
1 200
1 232
2 285
1 375
1 246
1 291
1 168
2 319
1 129
1 325
2 414
1 84
2 169
2 94
2 229
1 184
1 103
2 466
1 492
1 207
1 443
1 245
1 334
1 193
1 451
2 351
1 363
1 112
2 88
2 259
1 300
1 95
2 208
2 142
2 104
1 436
2 401
2 156
1 96
2 48
1 217
1 261
2 35
2 313
1 77
2 290
2 364
1 131
2 500
1 122
1 323
2 2
1 441
2 309
1 357
1 433
1 309
1 356
2 66
2 169
1 91
1 222
2 45
1 229
2 327
1 500
1 259
2 77
2 361
2 87
1 297
2 495
2 212
1 300
2 222
1 475
2 277
1 471
2 252
2 69
1 401
1 283
2 272
2 357
2 300
2 54
1 314
1 200
2 101
2 6
2 318
1 487
1 379
2 267
1 359
2 412
2 107
1 417
1 257
1 214
1 420
2 151
2 166
1 110
2 53
2 441
1 298
2 316
1 439
1 158
2 120
2 56
1 466
1 308
1 449
2 129
2 140
2 453
2 185
1 275
2 28
2 310
2 197
2 353
2 410
1 432
1 282
2 459
2 14
1 173
2 139
2 35
1 284
2 286
1 401
2 408
1 479
2 105
1 194
2 310
2 318
2 336
2 283
2 49
1 60
2 111
1 226
2 327
1 483
2 180
1 25
2 163
1 7
2 30
1 75
1 155
1 136
1 46
2 136
1 67
1 19
2 97
1 25
1 456
2 240
2 94
1 425
1 470
2 374
1 131
1 43
2 43
1 478
1 448
1 33
1 13
2 394
2 146
1 384
2 129
2 87
1 238
2 329
1 442
1 411
1 353
2 412
2 334
2 186
1 354
1 499
1 121
2 327
1 162
1 219
1 333
2 363
1 168
2 481
2 244
2 384
1 195
2 194
2 35
2 162
2 301
1 458
2 404
1 390
1 494
1 207
1 265
1 99
1 112
1 392
1 322
2 155
2 421
2 249
2 431
1 47
2 273
2 3
2 288
2 94
2 352
1 162
1 221
2 251
2 44
1 244
2 120
1 85
1 450
2 347
2 298
2 315
2 249
1 99
2 62
1 21
2 195
2 233
1 295
2 452
1 329
2 54
1 444
2 192
1 27
1 478
2 134
1 247
2 313
2 271
1 388
2 491
1 325
2 201
2 409
1 308
2 198
1 241
1 56
1 91
1 173
1 258
1 63
1 40
1 200
1 101
2 305
2 373
2 17
2 100
1 77
2 218
1 472
1 471
2 93
2 109
2 332
1 423
2 222
1 122
2 476
1 212
1 17
1 408
2 8
2 162
1 266
1 414
2 41
1 116
1 149
1 250
1 441
1 226
1 486
2 287
2 125
1 92
2 433
2 377
1 210
2 228
2 122
2 415
1 228
1 147
1 105
2 60
1 420
2 411
2 336
2 69
1 194
1 452
1 11
1 418
1 218
2 46
2 489
1 205
1 342
2 444
1 99
2 343
2 139
1 275
1 450
1 137
1 3
1 473
2 268
1 436
2 238
2 28
1 145
1 294
1 434
2 431
2 91
1 403
2 27
2 259
1 20
2 323
2 335
1 91
1 37
2 290
2 359
2 352
2 252
2 488
1 381
2 422
2 44
1 256
1 352
1 101
1 260
1 98
1 423
1 399
2 66
2 85
2 61
2 279
2 81
2 202
1 389
2 488
1 298
2 57
2 108
2 224
1 284
2 17
1 213
1 17
1 308
2 54
1 389
2 384
1 303
2 135
2 411
1 178
1 217
1 61
1 94
1 247
1 457
1 435
2 31
2 298
1 404
1 409
1 36
2 113
1 229
2 84
1 73
2 51
2 198
2 316
2 247
2 224
2 178
2 223
1 461
1 249
1 223
2 8
1 153
1 299
1 71
1 225
2 346
2 283
2 238
1 38
1 364
2 38
2 271
1 452
1 131
1 299
1 413
1 111
2 130
1 150
1 495
1 46
2 1
1 87
1 129
1 73
2 237
1 237
2 221
2 442
2 444
2 204
1 250
2 273
2 428
1 282
1 148
2 466
1 6
2 237
2 28
2 479
1 270
2 327
1 459
1 192
2 360
1 462
1 414
1 340
2 360
1 466
2 448
1 358
1 336
1 440
2 106
1 331
2 188
2 68
2 276
2 253
1 6
1 449
2 4
1 111
2 113
2 73
2 360
1 218
2 227
2 261
1 278
2 410
2 99
2 315
2 87
2 66
2 485
1 363
1 5
1 202
1 254
1 382
2 55
2 11
2 459
2 316
1 214
2 404
1 53
2 390
2 137
2 287
2 320
1 460
2 327
2 146
1 286
2 44
1 477
1 324
2 176
2 22
2 215
2 405
2 495
1 462
1 101
1 104
1 249
1 448
2 428
2 6
1 471
2 257
2 306
2 85
1 71
1 222
1 235
1 256
2 124
2 212
1 465
1 495
2 83
2 492
1 387
2 427
1 250
1 360
2 468
2 388
1 254
1 379
1 439
2 217
1 203
1 137
2 447
1 84
2 278
2 391
1 423
2 225
1 56
2 79
2 381
1 117
1 279
2 474
1 129
1 131
1 321
1 350
1 103
2 148
1 359
1 395
1 59
1 305
1 56
2 341
1 53
2 273
2 451
1 400
1 287
2 115
1 2
1 375
1 101
1 335
2 412
2 92
1 200
2 287
2 483
2 246
2 435
2 218
1 264
2 169
2 351
2 10
1 98
1 307
1 257
2 9
1 222
1 193
2 200
1 380
2 458
2 69
2 143
1 130
2 255
1 161
2 284
1 309
2 405
2 283
2 460
2 33
2 242
2 453
1 408
1 328
1 457
1 462
2 34
2 61
1 92
2 96
2 390
1 107
1 75
2 307
1 31
2 214
2 119
1 418
2 350
2 244
1 492
2 460
2 499
2 368
1 241
1 168
2 423
1 276
2 15
1 382
2 476
2 21
2 465
1 121
1 34
1 323
1 124
1 254
1 154
1 415
2 437
1 377
2 207
1 208
2 438
2 118
2 388
1 359
1 428
2 17
2 398
2 338
2 324
1 494
1 213
1 224
2 341
1 211
1 455
1 120
1 359
2 9
1 79
2 449
1 50
2 318
2 359
1 320
1 247
2 11
2 73
1 163
2 37
2 312
1 143
1 439
2 372
2 450
1 18
1 307
2 418
2 365
1 132
1 457
1 349
1 392
2 405
1 185
1 426
2 137
1 280
2 272
2 374
2 453
2 322
2 309
2 235
2 14
1 209
2 299
2 142
1 329
1 243
2 339
2 213
2 440
1 402
1 495
2 136
2 17
1 409
2 400
1 201
1 213
2 88
1 317
2 201
2 126
1 362
2 168
1 143
2 418
1 22
1 22
1 62
1 319
1 66
1 465
2 483
1 27
1 41
1 2
2 192
1 388
2 148
2 331
1 14
1 38
2 11
2 396
1 301
1 245
1 136
1 336
1 91
2 392
2 262
2 75
2 224
2 210
2 221
1 365
1 139
1 473
2 312
1 424
1 286
1 34
2 229
2 390
2 435
2 301
1 26
1 353
2 190
1 324
1 453
1 496
2 441
1 443
1 187
1 420
1 237
2 392
1 173
1 488
1 414
2 155
2 16
2 244
2 272
2 318
1 106
2 18
1 132
1 353
2 29
1 494
1 76
1 435
2 371
1 60
1 62
1 427
2 425
1 485
1 88
2 272
2 467
2 294
2 453
1 121
2 122
1 450
2 203
1 297
2 158
1 209
2 422
2 148
1 156
1 393
2 286
1 139
2 9
1 203
2 281
2 145
1 140
2 99
2 330
2 267
2 455
2 206
1 313
2 73
1 336
2 414
1 185
1 374
2 187
1 5
1 102
2 369
2 95
2 287
2 66
1 263
1 84
1 247
2 172
2 68
1 339
1 481
2 237
1 215
1 133
2 243
1 220
2 30
1 282
2 442
2 74
2 218
2 172
1 257
1 338
2 55
1 158
2 199
1 92
2 21
1 336
2 13
2 78
1 72
2 62
1 57
2 70
1 496
2 293
1 288
1 428
1 305
2 80
2 183
2 120
2 98
2 318
1 213
2 4
1 105
2 1
2 404
1 138
2 15
1 2
1 411
1 496
2 366
2 70
1 98
2 251
2 347
1 157
2 166
1 46
1 76
2 282
2 320
2 229
1 52
2 136
1 12
2 28
2 57
2 425
1 137
2 201
2 446
2 245
2 368
2 232
2 41
2 126
1 283
1 194
1 288
2 147
2 15
1 176
2 123
1 429
2 126
2 446
2 337
1 385
1 332
1 202
1 480
2 232
1 385
2 299
1 309
2 323
2 470
1 97
1 449
2 203
1 5
1 348
2 189
1 100
2 199
1 392
1 480
2 291
1 103
2 388
2 385
1 437
1 59
1 446
2 410
1 284
2 499
2 311
2 66
2 207
1 212
2 145
2 425
2 407
1 375
1 142
2 355
2 464
2 316
2 123
2 112
1 343
1 92
1 297
2 64
2 476
2 305
1 317
1 406
2 461
1 220
1 242
1 384
2 190
2 170
1 276
2 273
1 391
1 123
2 224
1 393
2 312
1 318
2 279
2 55
2 206
2 396
2 200
1 4
1 182
2 405
2 305
1 427
2 393
1 85
2 87
1 167
1 27
2 378
2 411
1 247
2 59
1 415
1 273
1 499
2 442
1 263
2 433
2 293
2 442
1 145
1 59
1 277
2 500
2 241
1 439
2 230
2 332
1 106
2 414
1 263
1 212
2 306
1 418
1 320
2 179
2 386
2 128
1 173
2 168
1 240
1 103
1 306
2 466
1 243
2 220
2 438
2 381
1 426
1 45
2 8
2 61
1 312
1 259
1 166
1 249
1 236
2 227
2 489
1 8
2 422
2 87
1 361
1 454
1 117
1 383
2 221
2 221
1 483
2 367
1 257
2 53
1 170
2 88
1 322
1 93
1 174
2 103
2 350
1 172
2 54
1 295
1 349
2 9
2 346
2 478
1 194
2 297
2 13
1 224
2 331
1 78
2 199
1 243
1 439
1 218
1 320
1 469
1 27
2 498
1 408
2 325
2 209
2 167
1 356
1 408
2 410
2 43
1 368
2 7
1 402
2 2
2 236
1 240
1 151
2 337
1 64
2 362
1 485
1 197
2 121
1 379
1 292
2 489
2 409
1 169
1 72
1 383
2 491
1 273
2 211
2 402
1 326
2 249
1 494
1 2
2 401
1 496
2 4
2 55
1 184
2 74
2 244
1 413
2 429
2 79
2 498
2 264
2 95
2 484
2 162
1 55
1 217
1 458
2 238
2 484
2 439
2 27
1 216
1 121
2 476
2 135
1 31
2 499
1 115
2 66
1 320
1 41
1 225
2 108
2 363
1 87
2 352
1 187
1 405
2 64
1 358
1 409
1 152
2 365
1 241
1 245
1 253
1 96
1 284
2 144
1 498
1 2
1 195
2 269
2 347
1 35
1 85
2 444
2 201
1 354
1 90
2 1
1 236
1 171
2 355
1 368
1 396
2 53
1 409
2 393
1 356
2 163
2 221
1 381
2 414
1 214
2 36
2 196
2 366
2 141
1 32
1 72
2 229
1 221
2 149
2 96
1 95
2 148
2 364
1 439
2 114
2 483
2 71
2 272
1 397
1 156
1 420
2 59
1 54
2 136
1 447
1 410
2 342
2 207
2 437
2 186
1 149
1 402
2 198
2 155
1 437
1 226
1 92
1 355
2 266
1 51
1 425
1 252
1 220
1 175
1 454
1 409
2 379
2 321
2 187
2 374
2 340
2 330
2 86
1 280
2 230
1 414
1 493
2 272
1 326
1 220
1 9
1 234
2 494
1 167
2 85
2 155
1 343
2 59
2 372
1 131
2 371
2 107
2 413
1 426
2 27
2 222
2 477
2 273
1 360
1 2
1 184
2 72
1 493
1 306
1 319
2 317
2 333
2 403
2 152
1 187
1 325
1 212
2 362
1 122
1 127
1 369
1 484
1 188
1 421
2 43
2 281
2 279
2 281
2 62
1 361
1 461
2 156
1 337
2 360
1 294
1 433
2 148
1 306
2 243
2 31
1 317
1 496
1 128
2 128
2 60
1 289
2 172
1 396
1 164
2 170
1 445
1 324
1 222
2 130
1 207
1 453
1 175
2 119
2 77
1 343
1 86
2 212
2 426
1 469
1 214
1 251
1 443
1 101
1 54
1 332
2 94
1 136
1 84
1 422
1 351
2 352
1 247
2 397
2 22
2 466
1 206
1 245
1 289
1 164
1 279
2 306
1 482
2 344
1 46
2 429
2 233
1 36
1 195
1 4
1 148
2 303
2 36
1 353
1 97
1 369
2 214
2 451
2 467
1 464
2 410
2 261
2 376
1 474
1 432
2 490
2 297
1 136
1 43
1 359
2 207
2 14
1 253
1 318
1 109
1 84
1 26
1 12
2 343
2 175
1 313
1 205
2 307
1 144
1 31
1 488
2 433
2 360
2 168
2 256
1 310
2 146
2 386
2 88
2 494
1 354
1 277
1 119
2 101
1 284
2 468
1 219
1 476
1 436
1 107
1 271
1 234
1 103
1 425
1 200
1 303
2 427
2 315
2 161
2 159
2 398
1 420
1 377
2 46
1 242
1 207
2 419
2 132
2 264
1 62
2 177
1 219
1 442
2 500
2 300
1 251
2 487
1 16
2 268
2 379
1 416
2 374
2 81
2 207
1 265
2 10
2 132
2 396
1 113
1 380
1 405
1 164
1 151
1 458
1 444
1 279
1 125
1 398
2 9
1 401
2 76
1 417
1 490
2 485
2 60
1 70
1 345
1 59
2 265
2 264
1 352
2 271
1 46
1 33
1 476
2 382
2 194
2 110
1 111
1 490
1 309
2 337
2 144
1 351
1 412
2 320
2 361
1 443
1 462
2 164
2 259
2 191
1 343
2 339
2 98
1 178
2 239
2 263
1 262
1 494
2 80
2 139
1 106
2 345
2 259
1 207
2 257
1 173
2 402
2 108
2 191
2 257
2 151
1 14
1 133
2 288
1 171
2 151
2 211
2 195
1 59
1 190
2 151
1 117
1 225
1 402
2 9
2 399
2 30
1 423
1 271
1 77
2 340
2 217
2 425
1 372
2 165
2 1
2 275
1 70
2 341
2 469
2 481
2 212
1 130
1 23
1 195
2 193
2 177
2 437
1 24
1 288
1 72
2 58
1 258
2 400
1 98
1 151
1 438
1 440
1 347
1 319
2 265
2 427
2 124
2 246
2 374
1 39
1 26
1 495
2 75
2 84
1 114
1 101
1 95
1 471
2 354
2 334
1 4
1 410
2 179
1 477
1 393
2 201
1 315
1 404
2 294
2 60
2 221
1 162
2 52
1 460
2 125
2 374
1 108
2 458
1 142
1 42
1 153
1 155
2 141
1 355
1 397
1 45
2 277
1 135
1 190
1 84
1 90
2 145
1 444
1 187
2 387
1 471
2 174
2 357
1 35
2 452
2 328
1 251
2 405
2 136
1 183
1 111
1 232
2 173
2 356
1 112
2 439
1 133
1 410
1 482
1 52
2 78
1 132
1 40
1 65
2 482
2 98
1 370
1 199
2 356
1 254
2 148
1 252
2 360
1 122
2 161
2 125
2 108
1 418
2 143
1 174
1 80
2 420
1 100
1 196
1 23
2 126
2 344
1 155
2 243
1 395
2 4
2 345
1 126
2 258
2 448
2 96
1 54
2 181
2 336
1 312
2 176
1 233
2 167
2 426
2 366
1 15
2 43
1 332
1 474
1 140
2 224
1 300
2 306
1 134
1 207
2 352
1 382
1 457
1 174
1 308
2 405
2 111
2 386
2 171
2 236
1 131
2 249
2 88
2 114
2 48
2 165
2 258
2 186
1 298
2 299
1 101
1 132
2 206
2 5
1 227
1 186
2 51
1 491
1 192
2 210
2 481
1 341
1 124
1 156
1 236
1 379
1 361
1 399
2 378
2 442
1 495
2 312
2 265
2 34
1 111
2 399
2 172
2 32
1 117
2 69
1 493
2 40
2 160
1 419
2 192
2 140
1 339
2 82
2 457
2 263
2 413
2 361
2 103
2 232
2 431
1 423
2 450
1 276
2 103
1 145
1 406
1 184
2 438
2 199
2 436
2 313
1 325
1 284
1 66
2 498
1 166
1 271
2 85
1 223
2 91
2 185
2 354
1 241
1 188
2 38
2 104
1 175
1 23
1 59
1 473
2 288
1 328
1 105
2 455
2 303
2 46
2 41
2 410
2 42
1 276
2 424
2 281
1 10
2 56
2 95
1 477
1 369
1 143
2 420
2 152
2 141
2 413
1 299
2 166
2 124
2 271
2 171
2 145
2 58
1 453
1 431
2 237
2 436
2 476
1 475
2 430
2 27
1 500
2 368
1 17
2 310
1 390
2 42
1 365
2 437
2 102
2 97
1 17
1 68
1 239
1 470
1 213
1 214
1 173
2 433
2 424
2 32
2 75
1 50
2 24
1 459
1 352
2 167
1 438
2 64
2 332
2 196
1 233
2 460
2 194
1 149
2 486
2 133
1 106
1 202
2 167
1 458
1 66
2 89
1 415
1 384
1 241
2 494
2 192
2 433
2 196
2 353
1 113
2 93
1 18
2 403
1 306
1 405
1 188
2 431
1 201
1 52
2 96
2 265
2 349
2 23
1 129
2 77
1 63
1 15
1 316
2 467
2 277
2 196
1 68
1 270
1 439
2 60
2 217
1 173
2 224
1 460
1 274
2 149
2 58
1 120
2 80
2 345
1 161
2 24
1 166
2 199
2 317
1 343
2 137
2 301
1 62
1 416
1 500
1 24
2 227
2 281
2 81
1 366
1 18
2 321
2 385
1 343
2 481
2 437
1 52
2 181
2 201
1 300
1 12
2 461
1 318
2 248
1 70
1 491
2 354
1 474
2 35
1 291
2 353
1 336
1 168
2 368
1 112
1 272
2 490
1 65
2 324
1 57
1 277
2 332
2 210
2 369
1 473
2 111
2 90
1 80
1 314
2 477
1 114
1 252
1 479
1 114
2 332
1 48
1 69
2 90
1 388
1 374
1 321
1 388
1 133
2 167
2 117
1 224
2 243
2 38
1 143
2 228
1 25
2 433
2 357
2 370
1 184
2 307
1 430
1 266
2 216
1 9
2 279
1 267
1 58
1 95
1 158
1 25
1 448
1 274
1 184
1 400
2 90
1 223
1 456
1 434
2 123
1 207
1 25
2 275
1 276
2 134
1 190
1 467
2 319
2 292
1 236
2 73
2 453
2 196
1 338
2 282
1 422
2 213
1 461
2 380
2 207
2 374
1 374
1 236
2 432
1 398
2 422
1 196
1 320
2 133
2 224
2 469
2 255
2 295
2 20
1 155
1 38
1 326
2 72
2 307
2 292
2 374
1 230
2 439
1 163
1 206
1 42
1 383
1 207
2 214
1 202
2 7
2 100
1 205
2 97
1 378
1 420
2 453
2 23
1 198
2 19
1 275
1 281
2 207
2 37
1 416
1 492
2 32
1 458
1 466
1 99
2 294
1 297
1 167
2 341
1 60
2 323
1 122
1 194
1 442
1 100
1 171
2 484
1 34
2 289
1 495
1 194
1 257
2 237
2 13
1 491
1 140
2 257
1 268
1 441
1 383
1 271
2 483
1 458
1 46
2 15
1 486
2 31
1 403
1 369
2 197
2 339
1 375
2 449
2 249
1 204
2 281
1 36
2 431
2 279
1 443
2 220
1 205
1 374
2 369
1 226
2 304
1 105
1 10
2 172
1 294
2 241
2 404
1 337
1 472
2 162
2 112
2 46
1 482
2 479
2 216
1 119
2 119
2 49
1 480
1 90
2 151
1 199
1 457
1 240
1 206
2 46
2 485
1 337
1 66
2 20
1 370
2 152
1 65
1 467
1 124
1 21
1 237
2 179
2 310
1 325
1 170
1 184
1 17
1 472
2 186
2 68
2 481
2 246
1 271
2 293
1 472
2 19
2 236
2 253
2 467
2 60
1 151
1 494
2 467
2 453
2 307
1 411
1 91
2 37
2 221
2 106
1 346
1 400
2 24
2 329
1 433
2 330
2 336
2 454
1 139
1 306
2 278
2 436
1 373
1 80
2 5
2 136
1 12
1 134
2 392
1 229
1 202
1 111
2 232
1 191
1 173
1 18
1 64
1 21
1 277
1 232
2 488
1 482
2 107
2 238
1 281
1 377
1 227
2 223
1 254
2 31
2 260
1 80
1 1
2 463
1 52
2 58
1 414
1 390
1 210
2 73
1 444
2 176
1 288
1 479
2 162
2 319
2 57
2 96
2 499
2 186
1 457
1 89
1 339
2 93
1 457
2 390
2 465
2 422
1 314
2 293
2 113
2 247
2 9
2 78
2 105
2 409
2 210
2 282
1 179
1 448
1 242
2 92
1 105
2 310
1 117
1 392
1 416
1 250
2 184
2 135
1 294
2 200
2 244
2 255
1 58
1 113
2 242
1 357
1 69
1 115
2 119
1 266
1 347
1 162
2 46
2 22
2 43
1 46
1 54
1 412
1 353
1 262
1 80
1 143
1 135
2 184
2 466
1 491
1 317
1 194
1 152
1 53
2 289
1 332
1 249
2 157
2 323
2 250
1 240
1 401
2 500
1 331
2 237
2 128
2 177
1 119
1 241
2 374
2 120
1 74
1 4
2 172
1 353
2 79
1 164
2 318
2 119
2 479
2 173
1 464
2 131
1 381
2 104
1 103
2 163
2 146
2 111
2 196
2 441
2 406
1 457
1 470
2 76
1 134
1 257
2 449
1 30
2 462
2 286
2 59
2 93
1 319
2 224
1 17
1 140
1 119
2 497
1 375
1 387
1 320
2 104
1 234
2 300
1 117
2 112
2 89
1 82
2 258
2 125
1 468
1 195
1 64
1 25
2 115
2 298
1 406
1 405
2 386
1 38
2 345
2 233
2 56
2 192
2 119
1 438
2 431
2 24
2 28
2 285
1 311
1 280
1 335
1 59
2 92
1 427
1 449
2 368
1 325
2 21
1 226
1 382
2 294
2 3
2 305
2 19
1 368
1 183
2 481
2 127
1 41
2 359
2 415
2 344
1 137
1 183
2 174
1 371
2 320
2 344
2 11
1 240
1 159
1 284
2 15
1 415
2 166
2 395
2 203
1 320
1 454
1 406
2 417
1 297
1 500
1 360
1 353
2 91
2 373
2 2
2 136
1 145
1 392
2 382
2 128
2 286
2 54
2 411
1 318
1 57
2 51
2 30
1 367
1 414
2 346
2 329
1 386
2 487
1 363
1 224
2 272
2 275
2 403
1 498
1 97
1 240
2 174
2 50
2 240
1 483
1 434
1 123
1 488
2 449
2 180
1 45
2 384
2 479
1 356
1 357
1 233
1 451
2 216
1 299
2 315
2 96
2 296
1 420
1 178
1 486
2 243
1 159
1 200
2 263
1 464
2 211
2 66
2 455
2 13
2 439
2 385
2 279
2 104
1 316
1 121
2 138
2 34
2 340
2 285
1 344
2 72
2 149
2 67
2 473
2 207
1 462
2 150
1 475
2 142
1 386
1 294
1 477
2 172
1 264
1 270
2 260
2 13
1 182
1 362
1 362
1 269
2 363
1 267
2 23
1 331
1 21
1 283
2 155
1 165
1 466
1 376
2 126
2 133
2 172
1 165
2 266
2 60
1 203
1 316
2 85
1 336
2 122
2 454
1 276
1 45
2 51
1 466
1 160
1 187
2 295
2 216
1 487
2 39
2 452
2 117
1 352
2 492
2 423
2 100
1 414
1 291
1 416
1 344
2 409
1 258
2 84
2 115
1 99
2 463
1 359
2 289
2 383
1 35
2 429
2 207
1 482
2 10
2 456
2 176
1 438
2 418
2 257
1 294
2 37
1 108
2 187
1 105
2 27
1 226
2 330
1 149
2 132
1 412
2 214
2 302
2 371
2 23
2 103
1 333
2 72
1 33
1 187
1 178
2 333
2 372
1 38
1 176
2 381
2 107
1 377
1 448
2 331
1 225
2 137
2 423
1 200
2 169
1 296
2 303
1 453
1 141
2 249
2 363
2 107
1 426
1 81
2 82
2 194
2 47
1 215
2 390
2 276
1 4
2 256
1 403
2 183
2 403
2 63
2 411
1 438
1 5
2 412
1 133
2 244
1 435
2 500
1 77
2 233
1 402
2 238
1 401
1 50
2 203
2 419
2 134
2 153
1 79
1 75
2 169
2 94
2 333
1 482
2 424
1 340
2 406
2 332
1 349
1 108
2 198
2 15
2 87
2 172
2 83
1 79
2 268
2 409
1 322
1 360
2 455
1 274
2 128
2 166
1 190
1 378
2 4
2 69
1 263
1 106
2 338
1 151
2 412
2 57
2 152
1 330
2 467
2 319
2 411
1 422
2 461
1 487
1 44
1 257
1 147
1 355
1 250
2 293
2 268
2 246
2 116
2 377
2 233
2 29
2 383
1 95
2 101
1 11
1 489
2 154
2 333
1 323
1 216
2 94
2 315
2 106
1 469
1 216
2 381
1 196
2 398
1 309
1 371
2 494
2 290
2 50
1 358
1 203
2 486
1 112
1 191
2 433
2 402
2 360
1 244
2 248
2 344
2 343
2 227
1 129
1 186
1 489
2 49
2 319
1 43
1 37
2 498
1 391
1 470
1 33
2 156
2 58
1 189
1 270
2 87
1 135
1 428
2 18
1 18
1 214
1 118
1 292
2 423
1 218
1 136
2 309
2 235
1 494
2 469
2 189
2 365
2 30
1 150
2 119
2 234
1 226
2 138
2 170
1 402
2 156
2 489
1 180
2 33
2 497
2 140
1 259
1 212
1 147
2 38
2 379
2 153
1 326
1 324
2 201
1 381
1 262
1 171
2 444
2 318
2 407
2 478
2 312
2 156
1 254
2 426
1 168
1 88
2 367
2 487
1 340
2 275
1 440
1 246
1 500
2 176
2 371
2 423
1 45
2 491
1 327
2 282
1 494
2 338
2 335
1 280
2 395
1 128
1 351
2 69
2 288
1 109
1 452
2 192
2 165
1 498
1 450
2 337
1 351
2 156
1 202
2 212
1 192
2 282
2 415
1 97
1 150
2 64
2 439
1 301
1 140
2 447
1 281
2 385
1 161
1 21
2 178
1 310
2 274
2 263
1 145
2 446
1 415
2 246
1 467
2 309
1 49
2 47
2 241
1 312
1 322
1 116
2 267
2 368
1 368
1 284
1 341
2 9
2 89
1 460
2 4
1 364
1 226
2 233
2 193
1 72
2 80
2 365
1 315
1 90
1 66
2 397
1 453
2 12
2 363
1 299
1 91
1 122
2 424
1 487
2 249
1 335
1 448
2 378
1 283
2 148
1 191
1 105
2 153
1 35
2 439
2 84
1 346
2 50
1 410
1 442
2 297
1 190
1 474
2 209
1 385
1 455
2 104
2 69
1 27
2 326
2 139
2 346
2 318
2 458
2 134
2 237
1 26
2 25
2 197
1 459
1 293
2 8
1 324
2 207
1 383
1 166
1 293
1 358
1 110
2 188
1 417
2 25
1 55
1 292
2 487
1 332
2 163
1 379
1 120
2 39
1 117
1 23
2 419
1 370
2 46
2 124
1 333
1 255
2 49
2 490
2 296
2 166
1 364
1 147
2 128
2 337
1 93
2 356
2 443
2 243
1 134
1 154
1 366
1 57
1 454
1 301
1 218
1 411
1 361
1 268
1 298
1 436
1 167
2 105
2 368
2 300
2 417
2 318
1 361
1 47
1 123
2 267
2 16
1 126
1 439
2 68
1 201
2 330
2 145
1 179
1 484
1 12
1 283
1 385
2 259
1 160
1 482
2 74
1 308
2 77
1 443
1 185
2 350
1 213
2 151
2 6
2 221
1 238
2 403
2 497
2 406
1 42
2 434
2 440
2 165
2 338
1 364
2 102
1 240
2 208
2 57
2 377
2 286
1 131
1 236
2 201
2 135
1 84
1 209
2 161
2 391
1 184
2 224
1 320
1 304
2 206
1 443
1 341
2 195
2 268
2 98
1 275
1 62
1 151
1 381
2 346
2 13
1 377
1 19
1 51
1 74
1 237
2 189
2 449
1 48
1 18
2 184
1 80
2 2
1 218
1 245
2 356
2 296
2 196
1 280
2 339
1 206
1 74
2 4
1 130
2 237
2 399
1 290
1 368
2 412
2 24
1 148
1 468
2 464
2 461
2 261
2 300
2 78
2 65
1 246
1 484
2 44
2 106
2 212
1 476
2 58
2 334
2 82
2 352
2 316
1 492
1 314
2 246
1 16
1 325
2 207
1 95
1 190
2 435
1 26
1 80
2 464
1 140
1 66
2 146
2 6
2 161
2 132
1 62
2 68
1 259
1 194
1 228
2 258
1 340
2 275
1 365
1 37
1 339
1 198
2 187
2 325
2 374
1 252
2 454
2 173
2 149
1 418
1 452
2 389
1 309
2 63
2 104
2 381
2 404
1 131
1 133
2 436
1 411
1 144
1 62
1 428
1 33
2 85
2 371
2 128
2 339
1 204
2 492
1 89
2 13
2 485
2 25
1 206
2 163
1 151
2 17
1 286
1 127
2 238
2 47
2 380
1 258
2 180
2 18
1 143
1 190
2 231
1 103
1 1
2 137
2 341
1 284
2 407
1 201
1 259
2 212
1 132
2 424
2 217
2 430
2 174
2 190
1 185
1 192
2 260
1 39
2 185
1 79
2 84
2 438
1 25
2 331
2 117
1 319
2 46
1 396
2 71
1 327
2 80
1 291
2 49
1 291
1 355
2 28
1 499
1 131
1 466
2 384
2 418
1 119
2 154
1 385
2 450
2 331
2 432
1 72
2 154
1 214
1 83
2 445
2 58
1 160
1 239
2 458
1 449
1 470
1 90
2 30
2 269
2 124
2 334
1 181
2 56
1 495
1 338
2 423
1 218
1 271
1 329
1 112
2 155
2 82
1 139
1 487
1 324
1 460
2 304
1 143
2 237
2 201
1 280
2 321
2 408
2 452
1 170
2 364
2 200
1 420
1 409
1 449
1 367
1 388
1 399
1 233
2 371
2 61
1 259
2 498
1 324
2 106
2 68
2 169
2 266
2 308
1 346
2 109
2 164
1 86
2 230
1 49
1 102
2 453
1 342
1 230
2 102
2 9
2 155
1 287
2 118
2 298
2 203
1 379
1 106
2 132
2 282
1 138
1 493
1 447
1 243
1 202
2 362
2 365
2 92
1 141
2 450
1 375
1 196
1 221
1 218
2 488
2 385
1 438
2 67
2 415
1 264
1 6
1 30
1 494
2 77
1 385
1 423
1 381
2 365
1 272
1 306
2 284
1 88
1 270
2 310
1 168
2 4
2 50
2 246
2 210
2 176
1 404
2 353
2 69
2 238
1 150
2 154
1 232
1 211
2 248
1 389
2 444
1 291
1 128
1 36
2 62
1 431
1 14
2 102
1 352
2 125
2 381
1 490
1 371
1 316
1 219
1 236
2 447
1 8
2 414
2 263
2 458
2 144
2 328
2 404
2 435
1 383
2 158
2 130
1 424
1 350
2 353
2 9
1 463
1 78
1 262
1 54
1 33
1 190
1 146
1 242
2 473
1 99
1 200
2 362
1 378
2 322
1 295
1 381
2 401
1 484
1 298
1 381
1 439
2 393
1 368
1 368
1 461
2 174
2 47
2 340
1 245
2 153
2 46
1 148
1 343
2 107
1 20
1 173
1 262
2 246
2 402
2 320
2 79
2 227
2 27
1 400
2 430
2 162
2 290
2 272
1 291
1 124
2 69
1 472
1 65
2 310
1 182
1 32
1 474
1 237
2 175
1 475
1 392
1 430
2 148
2 313
2 431
1 305
2 287
1 181
2 345
1 169
1 471
1 137
2 310
2 149
1 213
2 440
1 463
-1
