1 303
1 395
1 252
1 23
1 9
2 184
2 187
2 164
2 371
2 112
2 104
1 16
1 327
1 473
1 403
1 27
1 268
2 337
2 56
2 290
1 294
1 149
1 332
1 291
1 383
1 472
1 95
1 17
2 277
1 336
2 435
1 236
1 282
1 72
1 283
1 105
1 187
2 259
1 269
2 423
2 302
2 340
2 234
1 169
1 197
2 188
1 218
1 185
1 347
2 41
2 118
2 56
1 102
2 173
1 363
2 372
2 341
2 265
1 418
2 435
2 141
2 450
2 398
1 210
1 242
1 225
2 98
1 366
2 446
1 272
2 337
2 177
2 57
2 103
2 77
2 145
1 363
1 428
1 79
2 208
2 90
1 383
2 63
2 90
2 138
2 169
1 208
2 3
1 137
2 442
2 197
1 282
1 31
2 171
1 197
1 134
1 161
1 177
1 264
1 84
1 330
1 79
2 300
2 153
1 241
1 352
1 384
1 497
1 46
2 375
2 249
1 232
2 376
1 336
2 25
2 244
2 374
2 243
2 107
2 312
1 193
1 285
1 1
2 193
1 151
1 140
2 427
1 160
1 483
2 145
1 266
1 66
2 414
1 16
2 55
2 368
2 194
1 26
1 136
1 92
1 137
2 185
1 306
1 69
2 190
2 148
2 453
2 298
1 372
2 238
1 343
2 376
2 460
2 82
2 323
2 381
2 256
2 78
2 112
2 201
2 211
1 460
2 264
2 233
1 273
1 413
2 279
2 3
1 245
2 185
2 109
1 230
1 333
2 129
1 305
2 448
1 381
2 382
1 15
1 131
2 288
1 254
1 36
1 303
1 192
2 199
2 255
1 368
2 234
1 234
2 29
1 406
2 88
2 256
2 105
2 241
1 282
1 457
2 250
2 96
2 450
1 445
1 73
2 495
2 12
1 197
1 113
1 152
2 92
1 155
1 146
2 87
2 241
2 95
1 6
1 134
2 188
2 362
1 243
1 418
1 288
1 498
1 67
2 304
2 112
1 354
2 57
2 387
2 187
2 490
1 375
2 350
1 53
1 321
2 271
2 105
1 204
1 162
2 454
2 133
1 275
1 174
2 130
2 479
2 393
1 212
2 442
1 180
2 125
1 345
2 443
1 9
1 402
1 120
1 486
1 273
1 90
1 294
2 210
1 387
2 443
2 73
2 12
2 435
1 105
2 234
2 228
1 44
2 115
1 188
2 267
1 64
1 110
1 427
2 333
2 125
1 115
1 364
1 302
1 465
1 76
2 156
2 144
2 488
2 214
2 211
2 487
1 188
1 483
1 118
1 131
2 295
2 292
1 75
2 307
2 202
1 89
2 241
2 407
1 343
2 402
2 453
1 178
1 335
2 106
2 328
1 47
1 332
1 483
1 134
2 297
2 374
2 395
1 321
2 341
2 273
2 67
1 334
2 217
1 257
1 473
1 57
2 409
1 60
2 498
2 31
1 231
1 234
2 370
2 129
1 421
1 156
1 330
1 436
1 10
1 219
1 479
2 204
2 367
2 481
1 159
2 213
2 118
1 217
2 352
2 49
2 450
1 464
1 193
2 177
1 294
1 35
1 374
1 214
1 352
1 307
1 408
2 250
2 465
1 364
1 15
1 292
1 115
2 447
1 5
1 361
1 223
1 273
1 485
1 188
2 31
1 50
1 365
1 167
2 117
1 348
2 441
1 299
2 246
2 214
2 220
2 252
1 322
2 390
1 362
2 198
2 274
1 34
1 47
1 318
2 229
1 498
2 157
1 76
1 392
2 356
1 215
1 257
1 484
1 46
2 426
2 89
1 342
2 337
1 26
2 255
2 24
1 275
1 399
1 433
1 491
2 253
2 248
1 93
2 359
1 427
2 84
1 484
1 342
1 165
2 178
2 473
2 374
1 232
1 301
2 414
2 157
1 200
1 379
1 338
1 133
1 22
1 131
2 345
1 176
1 43
1 132
2 258
1 466
1 129
2 210
1 261
1 60
1 473
1 103
1 27
2 425
1 155
1 404
2 231
1 360
2 137
1 140
1 201
2 87
2 75
1 223
1 365
1 295
2 423
1 498
1 484
2 349
1 182
2 137
1 36
1 389
1 191
1 269
2 336
1 72
2 355
1 246
1 279
1 408
2 437
1 354
2 32
2 410
2 307
1 328
1 246
1 217
1 95
2 31
2 44
1 341
2 99
1 118
2 477
2 281
1 134
2 38
2 189
2 81
2 345
2 392
1 476
1 229
2 444
2 1
1 64
2 238
1 130
2 390
1 435
2 75
2 157
1 85
2 411
1 43
2 278
1 400
2 393
1 323
1 239
2 27
1 367
1 316
1 174
2 306
2 227
1 29
2 344
2 431
1 482
2 64
2 110
2 12
1 442
1 42
1 361
1 186
2 388
2 75
2 57
1 21
1 111
2 370
1 366
2 411
2 329
1 458
2 288
2 144
1 6
2 113
1 457
1 445
1 150
2 108
2 102
2 194
1 381
2 18
1 419
1 445
1 106
1 38
2 222
2 474
2 218
2 297
1 236
2 221
1 111
1 296
1 160
2 275
2 255
1 286
1 424
1 421
2 483
1 273
1 490
2 135
2 389
2 84
1 23
1 213
2 188
1 196
2 348
1 239
2 466
2 276
2 106
1 269
2 209
2 496
1 343
1 109
2 264
1 207
1 52
2 270
2 279
2 85
1 139
1 80
1 200
2 344
2 254
1 449
1 356
2 364
2 278
1 281
1 367
2 179
1 258
2 156
1 117
2 13
2 268
2 210
2 299
2 475
2 16
1 218
1 220
2 274
2 404
1 242
2 393
2 188
1 221
1 389
2 288
2 444
2 345
2 373
1 58
2 400
2 122
2 500
2 50
2 42
2 179
2 75
2 55
2 276
2 458
1 316
2 64
2 151
2 115
2 404
1 369
2 449
2 271
1 35
1 73
1 477
2 63
2 25
2 165
1 96
1 463
2 218
1 21
1 138
2 390
2 159
2 47
2 453
1 258
2 341
1 119
2 432
2 368
1 149
1 107
1 358
2 6
2 151
1 147
1 365
1 33
2 498
2 333
1 396
1 493
2 272
2 405
2 143
1 363
2 8
2 387
2 242
1 291
1 122
2 31
1 325
2 212
1 142
1 476
2 337
1 477
1 430
1 15
1 5
2 214
1 197
1 376
1 196
2 181
2 455
1 6
2 274
2 453
2 112
1 156
1 451
1 260
1 365
1 303
1 150
1 233
1 320
2 136
2 479
1 35
2 379
1 64
2 108
1 271
2 499
1 370
2 410
2 180
1 402
1 495
2 201
1 101
1 40
1 238
1 255
1 302
1 163
2 490
1 84
1 340
1 38
1 382
2 190
2 72
1 394
2 346
2 498
1 466
2 385
1 54
1 475
2 477
1 424
1 259
2 77
2 441
1 12
1 412
2 235
1 144
1 254
1 74
2 287
1 139
1 243
1 367
2 250
2 58
2 12
2 180
1 119
1 54
1 293
2 182
2 4
1 7
2 167
1 359
2 471
2 328
2 392
1 134
1 388
2 314
2 63
2 339
2 316
1 162
2 412
1 339
1 21
2 24
2 129
2 343
2 83
2 164
2 68
2 116
1 191
2 206
1 126
1 286
2 139
1 253
2 495
1 318
2 140
2 405
1 427
2 367
1 121
1 336
2 30
2 496
1 83
2 325
1 449
2 353
2 262
2 341
1 252
1 474
1 203
1 11
2 476
2 490
2 110
2 137
2 127
1 63
1 36
2 121
1 201
2 275
1 134
2 69
2 125
1 128
2 271
2 307
2 219
2 195
2 473
2 171
1 314
2 13
2 324
2 185
1 162
2 338
2 73
1 31
2 152
2 375
1 353
1 20
2 182
1 103
1 396
1 457
2 210
2 410
2 306
1 409
2 404
1 113
1 355
2 377
1 357
2 280
2 136
2 484
2 217
1 323
1 63
2 25
2 100
1 157
2 379
2 223
1 162
2 461
2 33
2 226
1 292
2 450
2 360
2 448
1 371
1 39
2 252
2 409
2 348
1 459
1 482
2 63
1 71
1 216
1 212
2 345
2 150
1 486
2 431
2 436
2 406
1 437
2 241
1 64
1 263
1 18
1 259
1 443
2 455
1 284
2 451
1 373
1 478
1 460
1 494
2 60
2 220
1 260
1 193
2 400
2 48
2 403
1 200
2 487
2 355
1 173
2 454
2 108
2 107
2 190
1 313
2 351
1 96
1 196
2 136
2 447
2 215
2 193
1 46
2 420
1 152
1 56
2 193
2 387
2 229
1 250
2 176
1 276
1 413
2 264
1 417
1 435
2 411
2 397
1 157
1 207
1 112
1 117
1 424
2 454
1 283
2 396
1 7
2 433
2 346
1 171
1 110
2 245
1 83
2 179
2 12
2 250
2 498
1 130
2 73
2 276
2 490
2 164
1 397
2 118
1 144
1 356
2 392
1 476
1 296
1 64
2 390
1 282
2 383
2 11
2 346
1 161
2 12
2 34
2 421
1 2
1 291
2 21
1 160
1 8
2 2
2 114
2 88
1 130
2 9
1 277
1 130
1 392
2 114
2 401
1 428
2 449
1 463
2 251
2 317
1 281
1 385
1 60
1 492
2 294
2 33
2 58
1 212
1 6
2 78
2 358
2 13
1 426
2 479
1 301
2 490
1 464
1 327
2 198
2 416
1 23
1 265
1 313
1 233
1 152
2 76
2 371
1 19
2 267
2 177
2 495
1 148
1 392
2 184
2 497
2 283
1 46
1 302
1 375
2 28
2 49
2 387
1 395
2 67
1 457
2 79
1 261
2 112
1 53
1 92
2 246
1 271
1 125
1 353
1 458
1 230
1 187
1 425
2 225
2 93
2 438
2 336
1 249
2 201
2 446
1 53
1 221
2 335
1 395
2 197
1 419
1 210
2 393
1 37
2 328
2 2
2 151
2 314
1 487
1 404
2 361
2 476
1 131
1 427
2 200
2 229
1 400
1 74
1 275
1 113
1 90
1 219
2 154
1 492
1 250
2 424
1 203
2 191
1 412
2 210
1 443
1 229
1 227
2 338
2 264
1 455
1 267
2 298
1 408
2 411
2 35
2 267
1 85
2 423
2 278
1 108
1 422
1 266
1 342
2 353
1 256
2 311
1 183
1 293
1 248
2 99
1 389
2 223
1 25
2 174
1 277
2 78
1 320
2 49
1 149
2 119
1 59
2 481
2 240
2 183
2 327
2 472
1 497
2 245
2 191
1 379
2 198
1 368
2 150
2 30
1 317
1 257
1 132
2 320
2 361
1 61
2 486
2 106
1 431
1 207
2 267
2 292
1 392
2 185
2 427
1 42
1 418
1 323
2 386
1 420
1 348
1 284
2 364
1 167
1 91
2 267
1 161
1 25
1 68
2 296
2 127
2 442
1 338
1 444
2 109
2 468
1 47
2 141
1 492
2 56
2 235
1 144
2 83
1 298
1 81
2 348
2 133
2 454
1 404
2 44
2 112
2 172
1 113
1 419
2 174
1 391
1 351
1 154
2 201
2 435
2 247
1 339
2 423
1 52
1 41
2 42
1 309
1 161
1 229
2 230
2 257
1 310
2 153
1 392
2 266
1 486
2 311
1 95
2 320
2 411
1 445
1 363
1 369
2 27
1 305
1 352
2 375
2 372
2 328
2 231
1 292
1 310
1 96
1 335
2 254
2 126
2 252
1 304
2 66
1 70
1 437
2 135
2 285
1 189
2 472
2 410
2 339
2 364
1 326
1 200
1 498
2 130
1 16
2 370
2 466
2 302
1 415
1 64
2 293
1 15
1 22
1 378
1 494
1 145
1 143
1 251
2 20
1 390
2 16
2 467
2 401
2 234
2 408
2 217
2 400
1 168
2 7
1 133
2 287
2 24
2 121
1 421
1 5
1 27
1 420
2 204
1 317
2 338
2 85
2 129
1 490
1 256
1 341
1 348
2 165
2 260
2 496
1 276
1 342
1 223
2 351
1 137
2 66
1 243
1 232
2 485
2 167
2 217
2 128
1 338
1 139
2 428
1 128
1 486
2 357
1 82
2 338
1 226
2 395
1 257
2 191
2 347
2 333
2 67
2 183
1 456
2 204
1 306
1 439
2 152
2 203
2 206
1 154
2 146
2 102
1 175
1 347
2 352
2 140
2 491
1 26
2 142
1 182
2 413
1 90
1 118
1 1
2 35
1 105
1 54
2 286
1 350
1 305
1 310
1 472
2 265
2 303
1 78
1 204
1 455
2 258
1 436
1 247
1 115
2 354
2 409
2 100
2 270
1 312
2 199
2 435
2 131
2 72
2 72
1 254
1 420
2 450
1 120
1 177
2 250
1 255
2 20
1 417
2 462
1 72
1 362
1 475
1 95
1 256
1 173
1 44
2 20
2 300
1 392
1 226
2 210
1 151
2 37
2 370
1 146
2 158
2 298
1 203
1 381
1 410
1 319
2 146
2 149
2 182
1 124
2 32
2 90
2 62
1 453
2 124
2 223
2 309
1 468
2 264
1 173
2 401
2 125
1 33
2 46
1 164
1 176
2 2
2 433
2 243
1 197
1 336
2 350
1 291
2 7
1 16
2 78
2 373
1 18
1 178
1 323
2 85
2 239
1 115
1 353
2 409
2 74
1 320
2 239
1 295
2 15
2 275
1 431
1 145
1 405
1 215
2 14
2 77
1 237
1 127
2 400
2 489
1 130
1 452
2 269
2 465
2 409
1 78
2 91
1 490
2 395
2 425
1 3
1 216
2 45
1 179
1 433
1 121
1 327
2 282
1 171
2 82
2 42
1 269
1 233
1 330
1 314
1 91
2 107
1 407
2 204
1 299
1 105
2 49
2 343
2 378
2 133
1 443
1 471
2 9
2 321
1 386
1 443
2 154
1 486
2 404
2 350
1 176
1 473
2 384
2 259
1 180
2 425
1 416
2 333
1 153
2 113
2 342
2 367
1 456
1 408
1 393
2 413
1 62
2 496
2 52
1 410
2 144
1 204
2 432
1 334
2 392
1 475
1 353
2 81
1 44
1 19
1 448
1 208
2 168
2 305
2 309
2 153
1 252
2 215
1 244
1 472
1 346
1 73
1 138
2 357
2 492
1 321
2 159
1 299
1 434
2 249
1 21
2 398
2 109
1 12
2 11
2 44
1 280
1 53
2 268
1 301
2 137
2 401
2 204
2 324
1 5
1 83
1 177
1 2
2 443
2 341
1 199
1 309
1 499
1 98
1 475
1 80
2 75
1 257
1 382
1 119
2 4
1 264
1 33
2 168
1 481
2 281
2 244
2 360
2 6
2 64
1 58
1 294
1 327
1 262
2 482
1 95
2 433
1 368
1 178
2 145
1 395
2 40
2 69
2 85
2 59
1 258
1 495
1 452
1 453
2 30
1 444
1 122
2 185
2 46
1 228
1 371
1 318
1 316
1 12
1 312
1 252
1 241
1 473
1 67
2 256
1 211
1 423
1 132
2 25
2 320
1 70
1 429
2 155
2 476
1 496
1 439
2 61
1 493
2 223
2 309
2 7
2 234
2 203
2 388
2 393
2 182
1 453
1 52
2 206
2 125
1 18
2 448
1 94
1 462
2 351
2 499
2 141
1 137
2 96
1 421
1 435
1 5
2 416
1 345
2 434
2 174
1 236
1 233
2 265
2 349
2 169
2 175
2 430
1 4
2 39
1 216
2 230
1 211
2 127
1 117
2 80
2 216
2 264
1 348
1 346
1 347
1 395
2 175
1 36
1 201
2 453
1 399
1 340
1 178
1 221
2 230
1 437
2 467
1 97
1 431
1 361
2 160
2 150
1 431
2 11
2 111
2 250
1 497
2 323
1 407
2 320
1 194
1 433
1 159
2 325
1 26
1 218
2 440
2 18
1 52
1 352
1 343
1 23
2 190
2 364
1 239
1 84
2 143
1 444
1 248
2 243
2 454
1 458
2 327
2 467
1 207
1 391
2 271
1 91
2 462
1 260
2 489
2 337
1 210
1 285
2 400
2 230
2 486
2 302
1 217
1 393
2 289
1 27
1 401
2 224
1 423
2 266
2 326
1 246
2 86
1 344
2 408
2 42
1 315
2 261
2 314
1 306
1 141
1 13
2 301
1 106
2 219
1 337
1 177
2 282
1 316
2 99
1 401
1 321
2 334
2 98
2 86
2 100
1 438
2 118
1 200
1 164
1 299
2 165
2 287
2 89
1 275
2 177
1 178
2 242
2 430
2 361
2 93
1 241
2 424
1 120
1 285
1 245
2 136
1 262
1 60
1 375
1 36
1 361
2 400
2 427
2 293
2 196
1 98
1 268
1 497
2 349
1 374
2 68
2 354
2 134
2 178
2 99
2 412
2 129
2 413
2 492
1 193
2 443
2 474
1 16
1 448
1 103
1 160
2 34
1 351
1 278
2 176
1 445
2 39
1 101
2 332
1 8
2 130
1 19
2 159
1 425
2 101
2 132
1 49
2 125
1 332
2 132
2 482
1 149
1 353
1 323
2 341
1 413
2 280
2 425
1 316
2 100
1 376
2 379
1 248
1 27
2 110
1 142
2 438
1 463
1 39
2 326
1 466
1 202
2 20
1 387
2 327
1 306
1 69
2 329
1 392
1 98
2 217
2 443
1 381
2 296
2 393
2 150
2 63
2 307
1 181
2 121
2 31
1 60
2 462
1 118
2 95
2 205
1 158
1 317
1 256
1 308
2 85
1 63
2 364
2 80
1 414
1 402
1 126
2 246
2 201
2 292
2 281
1 310
1 347
2 179
2 90
2 307
1 500
2 172
2 237
1 259
1 303
1 297
1 325
1 219
2 108
1 23
2 209
2 30
1 311
2 362
1 399
1 426
1 36
2 260
1 200
1 126
2 234
1 134
1 316
1 82
2 213
1 15
1 288
2 329
1 105
1 350
2 209
2 400
1 223
2 367
2 233
1 129
1 266
1 23
2 466
1 355
1 411
1 303
2 266
2 500
1 24
2 224
1 327
2 327
1 337
1 176
2 37
1 386
1 269
1 234
1 67
2 116
1 310
1 232
2 253
2 148
1 284
2 212
1 49
1 363
2 83
1 158
1 45
2 421
1 155
2 251
2 95
1 402
1 488
2 34
1 68
2 219
2 255
1 164
2 320
2 391
1 268
1 21
2 295
1 330
2 300
1 373
1 150
2 353
2 111
1 228
1 418
1 380
1 80
1 178
2 274
1 300
2 320
2 57
1 318
1 414
2 170
1 66
2 264
1 307
2 303
1 404
1 183
1 243
1 31
1 12
1 191
1 196
1 336
2 475
2 342
1 473
2 26
1 33
2 455
2 15
2 428
2 328
2 54
1 76
1 193
1 239
2 251
1 97
1 390
2 442
1 311
1 446
1 303
2 476
2 21
2 217
2 261
1 263
1 169
1 101
2 425
2 447
2 124
2 112
1 466
2 449
1 170
1 111
1 76
1 432
2 280
1 249
1 395
2 409
2 348
2 275
2 347
1 299
2 116
2 188
2 167
1 356
2 381
1 160
2 108
1 257
2 239
2 131
1 367
2 48
1 400
2 338
1 396
2 420
2 251
2 296
2 94
2 253
2 321
2 135
1 356
2 18
1 247
1 79
2 391
2 178
1 153
1 387
1 4
2 262
1 117
2 170
2 60
2 241
1 39
2 11
1 117
1 339
2 380
1 179
1 248
1 411
1 223
2 151
1 307
1 331
1 321
2 338
1 479
1 315
2 304
2 262
1 204
1 338
2 73
1 204
1 223
1 423
1 115
2 23
2 337
1 48
2 58
2 240
1 166
1 404
2 230
2 92
2 468
2 220
2 444
2 64
2 93
2 316
2 411
1 331
2 395
2 107
1 467
1 339
2 103
1 453
1 258
2 469
1 473
1 470
2 314
2 139
1 371
1 464
1 143
2 232
1 25
2 341
2 388
1 475
2 273
1 26
2 324
1 460
1 385
2 416
2 313
1 308
1 359
1 21
1 418
1 243
1 294
2 136
1 466
2 376
2 242
2 121
2 99
1 212
2 360
1 237
1 33
2 411
1 168
2 245
2 35
2 230
1 273
2 361
2 179
1 329
1 193
2 336
2 380
1 477
2 175
1 114
2 110
2 450
2 307
1 213
2 384
1 21
2 10
2 247
2 321
2 312
2 375
1 155
1 195
2 48
2 48
2 279
2 37
2 285
1 126
2 36
1 290
1 18
1 141
1 340
2 338
2 325
1 150
2 21
1 165
1 416
2 80
2 221
2 127
1 164
1 2
2 465
1 107
1 443
2 245
1 59
1 136
2 497
1 65
2 333
2 436
2 293
1 147
1 484
2 371
2 228
1 197
2 367
2 26
2 253
2 294
2 204
1 397
2 419
2 421
2 394
2 351
1 224
2 51
2 473
2 57
2 145
2 97
2 112
1 172
1 244
2 379
1 98
2 204
1 440
1 267
2 184
2 370
2 318
2 317
1 193
2 194
2 182
1 348
2 264
2 360
2 187
1 158
2 365
2 300
1 337
1 340
1 387
2 279
1 481
2 345
1 24
2 10
2 180
2 201
2 79
1 302
1 150
2 50
1 320
2 21
1 471
1 379
2 420
2 264
2 456
1 74
2 498
2 387
1 144
2 472
1 146
2 339
2 84
1 160
2 293
1 114
2 391
1 323
2 1
1 63
1 45
1 286
2 422
1 424
2 258
2 491
2 372
2 402
2 421
2 413
2 445
1 179
2 17
2 349
2 438
2 324
1 250
2 80
1 132
2 88
2 102
1 496
2 111
2 131
2 161
2 299
1 420
2 144
1 329
1 157
1 255
1 303
1 293
2 27
1 237
2 17
1 396
1 14
1 112
1 240
1 390
1 377
2 366
1 449
1 363
2 163
2 140
1 325
1 200
2 208
1 169
1 126
2 439
2 126
1 135
1 321
1 255
2 185
2 420
2 18
2 293
2 103
1 350
2 364
2 482
2 336
1 498
2 270
1 304
1 485
1 465
2 313
2 206
2 43
2 333
2 111
2 297
1 409
1 344
1 398
2 46
2 179
2 250
1 478
2 47
1 490
2 470
1 82
2 151
1 152
2 388
1 460
1 327
1 33
2 491
1 347
1 15
2 430
1 29
2 168
2 72
2 86
2 310
2 420
1 494
2 147
1 184
1 417
2 177
1 33
2 231
2 54
2 460
2 212
1 93
2 62
1 387
2 408
1 369
2 212
1 249
1 96
2 167
1 147
2 165
2 361
1 261
1 344
1 248
1 207
1 286
2 207
2 471
2 73
1 145
1 54
1 346
2 30
1 364
1 207
2 206
2 128
1 333
2 38
1 230
1 124
1 216
1 392
2 500
1 378
2 451
2 94
1 283
2 160
1 2
1 378
2 284
2 24
1 180
2 48
2 157
2 128
1 204
2 410
1 38
2 52
2 421
2 488
2 119
2 53
1 216
1 178
1 491
2 115
1 114
1 282
1 36
1 493
1 132
2 147
1 245
1 10
1 46
2 72
1 496
1 487
2 110
1 62
1 68
2 121
2 394
1 302
1 15
2 373
2 253
2 316
2 272
2 14
2 25
1 332
1 413
1 435
1 333
1 473
1 24
2 433
1 199
1 199
2 84
2 211
1 293
1 333
1 54
1 232
2 283
2 450
1 232
1 69
1 380
1 167
2 338
2 24
1 389
1 101
1 496
2 160
1 189
1 55
1 189
1 320
1 200
1 371
2 5
2 198
1 184
2 343
1 19
1 261
2 292
2 231
2 376
1 279
1 233
2 157
2 471
2 96
1 450
1 453
1 257
1 42
1 218
1 313
2 101
1 495
1 286
2 31
2 466
2 76
1 493
2 323
2 413
1 485
1 384
2 19
1 438
1 431
1 295
1 244
1 169
1 139
1 315
2 467
1 329
1 182
1 478
1 488
1 421
1 455
1 260
1 147
1 385
1 205
1 173
1 427
2 37
2 498
2 86
1 335
1 210
1 87
2 19
2 429
2 398
2 447
1 208
2 207
2 374
2 124
1 210
1 90
1 466
1 301
2 255
2 465
1 150
2 3
1 329
2 162
2 165
1 236
2 405
1 317
1 204
1 28
2 341
2 362
1 56
1 357
2 148
2 126
2 427
1 168
1 262
1 186
2 141
2 3
2 214
2 175
2 110
1 33
1 170
1 107
1 408
2 240
2 487
2 204
1 197
2 373
1 404
1 88
2 330
1 441
2 112
2 163
2 20
2 22
1 440
2 267
2 443
1 402
1 74
2 47
1 31
2 432
2 180
2 331
2 313
2 255
1 90
2 497
2 315
1 150
1 498
1 101
2 125
1 74
2 310
1 24
1 94
2 126
2 178
1 485
1 431
2 117
1 359
2 332
2 335
1 426
1 101
1 124
1 379
2 480
1 372
2 380
2 310
2 237
2 313
2 32
2 311
1 318
2 465
2 193
2 334
2 482
2 348
1 364
2 6
2 266
1 197
2 342
1 2
2 196
1 3
2 112
1 79
2 186
2 429
2 45
2 201
1 49
1 483
1 126
2 106
1 70
1 240
2 12
2 193
2 258
1 138
2 213
1 297
1 462
1 480
1 340
1 31
1 80
1 3
2 206
1 300
2 113
1 37
1 484
1 35
1 129
1 462
2 239
2 442
1 188
1 57
2 305
2 470
1 304
1 293
2 283
1 487
2 335
1 371
2 309
2 412
2 428
2 481
1 335
1 69
1 399
2 252
1 415
2 291
2 44
2 283
1 379
1 73
2 497
2 383
2 199
1 93
1 19
2 495
2 198
2 227
2 391
1 152
2 51
1 227
1 229
1 124
2 483
1 171
2 490
1 135
1 347
2 17
2 3
2 70
1 277
1 500
2 125
2 175
2 297
1 473
2 115
1 483
2 291
2 427
1 206
2 319
2 491
2 473
2 197
1 396
2 189
1 343
1 398
2 340
1 270
1 70
1 259
1 332
2 57
1 32
1 318
1 18
1 36
2 152
1 384
1 56
2 147
1 386
1 415
2 442
1 241
2 272
2 415
2 252
2 361
2 84
1 133
1 190
1 296
2 252
2 92
2 251
1 205
1 486
2 65
2 358
2 289
2 155
2 232
1 377
1 189
2 473
2 118
1 340
2 355
2 91
1 250
1 36
1 181
2 276
2 299
2 401
2 114
1 346
2 461
1 288
2 386
1 321
2 274
2 267
1 455
1 425
1 403
1 361
2 184
1 180
1 473
1 273
1 487
1 282
1 43
2 448
2 384
2 283
2 133
1 136
2 111
2 347
2 372
2 447
1 399
1 389
2 58
2 308
1 130
2 343
2 213
2 305
1 411
2 105
2 340
1 185
1 152
2 462
1 442
2 431
1 386
2 62
2 184
2 339
2 161
2 189
2 323
2 172
2 284
1 479
2 368
1 73
2 398
1 394
2 146
1 178
1 199
2 178
1 311
1 398
2 49
2 47
2 283
2 308
1 198
1 41
2 153
2 436
2 202
2 389
1 209
2 83
2 361
1 492
1 128
2 494
1 31
2 102
1 315
2 83
1 47
2 429
2 439
1 249
2 248
1 192
1 260
1 418
1 33
2 143
1 2
2 391
1 381
2 49
2 401
1 58
2 106
1 498
2 405
1 389
2 87
1 312
1 353
1 318
2 342
1 249
2 448
2 227
1 483
2 226
1 258
1 182
1 473
2 260
1 277
1 234
2 227
2 61
2 478
1 167
1 41
2 14
2 258
1 20
1 367
1 475
1 233
2 339
2 39
1 286
2 97
2 30
2 268
1 105
2 23
1 268
2 38
1 403
2 225
2 387
2 372
2 419
1 73
2 12
1 207
1 278
2 20
2 478
2 100
1 236
1 353
2 37
2 136
2 389
2 65
2 303
1 192
2 391
1 330
2 375
1 52
2 338
2 163
2 62
2 249
2 88
2 151
1 47
2 415
1 499
2 414
1 267
2 226
1 221
2 263
1 442
1 451
2 89
1 298
1 80
1 446
2 350
1 291
2 234
2 184
1 35
2 237
2 406
1 162
1 220
1 72
2 90
2 291
1 340
1 179
2 485
1 85
2 423
2 83
2 431
1 92
1 66
1 470
2 493
2 96
1 407
1 372
1 246
2 377
2 102
2 355
2 382
2 273
1 166
2 164
1 472
1 117
2 435
2 360
1 69
2 491
1 326
2 322
1 377
1 7
1 252
2 268
2 152
1 141
2 246
1 468
2 59
2 458
1 171
2 125
1 123
2 214
1 329
2 75
1 233
1 387
1 294
1 173
2 194
2 465
2 116
2 360
1 369
2 372
1 485
1 129
2 462
1 111
2 229
1 347
2 119
2 500
1 387
1 61
1 336
2 74
1 161
2 478
2 453
2 419
1 196
1 100
2 241
1 299
2 247
1 485
2 230
2 481
1 8
2 251
1 269
2 147
1 461
1 310
1 176
2 54
2 276
2 379
1 215
1 41
2 175
2 30
1 361
1 372
2 402
1 416
1 298
1 303
2 389
2 24
1 193
2 286
1 82
1 187
1 45
2 108
2 104
2 475
1 498
1 388
2 171
2 273
2 68
2 431
1 39
1 19
2 382
1 50
2 172
2 110
1 315
1 435
1 206
2 86
1 458
2 306
1 480
1 300
2 153
1 355
2 183
2 274
2 381
2 379
1 411
2 267
1 58
2 199
1 313
1 170
1 461
1 250
1 53
2 338
2 131
1 100
2 417
2 81
2 47
1 348
1 152
1 239
2 19
2 175
2 425
2 453
1 172
1 28
1 454
2 133
1 409
1 101
2 308
2 473
1 344
1 367
2 137
2 407
2 246
1 338
1 130
1 110
2 343
2 228
1 205
1 84
2 295
1 289
1 216
2 308
1 284
1 110
2 483
2 75
1 302
1 101
2 53
1 435
2 50
1 395
1 374
1 367
1 13
2 122
1 120
2 343
2 306
2 323
1 173
1 367
1 13
2 108
1 380
1 164
2 55
1 183
1 239
2 448
2 407
2 35
1 349
2 281
1 33
2 294
2 56
1 30
2 479
2 338
1 382
2 139
2 263
2 68
2 73
2 456
2 435
1 357
2 70
2 141
1 443
1 159
2 445
2 419
1 29
1 485
2 108
2 199
1 147
1 75
2 485
1 49
2 223
2 406
1 245
1 246
1 331
2 390
2 445
1 50
2 415
1 383
1 8
2 96
1 51
1 224
2 403
1 305
2 29
1 268
2 459
1 164
2 270
2 416
1 212
2 38
1 498
2 352
2 205
2 362
1 468
2 141
1 356
1 494
1 359
2 361
1 126
1 458
2 281
2 460
1 337
1 470
1 270
2 42
1 267
2 81
1 339
2 455
2 18
1 282
2 412
1 194
1 370
2 136
1 376
1 493
1 445
1 250
1 134
2 39
1 398
2 337
1 192
2 282
2 442
1 437
1 409
1 95
1 485
1 279
1 325
1 423
2 437
1 334
2 315
2 174
1 195
2 447
1 153
2 299
2 144
2 152
1 421
1 182
2 475
1 116
1 435
1 272
1 210
1 146
1 182
2 87
1 329
2 466
1 113
1 132
1 202
2 12
1 28
2 26
1 4
2 5
2 31
2 366
1 234
2 467
2 329
2 142
1 437
2 195
1 222
1 361
1 108
1 45
2 64
2 340
1 63
2 62
2 121
2 36
1 289
1 120
2 406
2 478
2 220
1 448
2 497
1 364
1 180
2 442
2 331
1 366
2 478
2 190
1 205
2 303
2 431
1 462
1 386
2 382
2 463
2 46
2 489
2 267
1 169
1 466
2 341
1 96
1 110
2 267
2 213
2 11
2 194
1 183
1 115
1 36
2 97
2 387
2 194
2 456
1 213
2 65
2 104
1 75
1 148
2 84
1 262
1 355
2 270
2 90
1 452
1 164
1 410
1 336
2 407
2 21
2 64
2 375
2 96
2 84
2 142
2 454
2 113
1 413
1 196
2 469
1 480
1 251
2 385
2 48
2 377
1 113
1 152
1 459
2 140
1 341
2 61
1 387
2 454
1 258
2 154
1 352
2 61
2 77
2 189
1 440
2 191
1 209
1 243
2 144
2 412
1 367
1 482
1 348
2 257
2 287
1 34
2 98
1 93
1 95
2 150
1 401
1 289
2 386
1 479
2 118
2 217
1 66
1 441
1 484
2 370
1 310
1 112
2 201
1 433
2 188
1 180
2 273
2 49
1 204
1 391
2 270
2 8
2 156
2 100
2 349
1 260
2 77
1 269
2 427
2 424
2 486
1 55
2 275
1 120
1 130
1 2
2 320
1 86
2 162
2 465
1 358
2 224
1 448
2 211
1 397
1 340
2 292
1 493
2 349
1 248
1 178
1 81
2 111
1 176
1 54
1 337
1 68
2 345
2 405
2 241
2 392
1 387
1 326
2 454
1 47
2 3
1 302
2 72
1 100
2 387
1 239
1 417
1 136
2 321
1 168
2 396
2 492
2 446
2 365
2 194
2 452
2 134
2 131
1 369
2 304
1 88
1 330
1 348
2 116
1 60
2 432
1 194
2 90
2 444
1 242
2 365
2 185
1 297
1 407
2 250
2 272
1 252
2 44
1 122
2 470
1 442
2 136
1 28
2 329
1 31
1 459
2 114
1 96
2 311
2 279
1 65
1 452
1 207
2 471
1 153
1 8
1 45
1 284
1 72
2 394
1 182
1 200
1 495
1 410
2 2
1 420
1 442
2 437
1 365
2 475
1 51
1 315
2 181
2 18
2 211
2 206
1 262
1 243
2 405
1 117
1 44
2 175
2 407
2 132
1 222
1 345
1 291
2 218
1 109
2 428
2 145
2 267
1 242
2 366
1 13
2 255
1 371
2 40
2 244
2 104
2 480
1 440
1 459
2 445
2 391
1 90
2 209
1 144
1 364
1 448
1 48
1 283
1 335
1 398
1 196
1 98
2 301
2 149
2 193
2 178
2 317
2 173
2 474
1 326
2 29
2 417
1 31
2 345
2 225
2 498
1 448
2 299
1 483
2 211
2 391
1 461
2 6
2 435
2 300
2 19
1 89
2 108
1 486
2 187
1 399
1 333
1 130
2 297
1 429
2 138
1 98
1 82
2 82
2 285
1 481
1 414
2 90
2 392
2 177
1 136
2 114
2 124
1 303
2 207
1 131
1 255
2 294
1 183
2 204
1 108
1 123
2 309
1 246
1 139
1 481
1 349
1 446
1 41
2 244
2 184
2 90
1 103
2 125
2 110
2 456
2 68
1 294
1 142
2 279
1 312
1 405
1 57
2 484
2 303
2 195
1 453
2 275
2 371
2 44
1 283
2 401
2 429
1 430
1 84
2 201
2 320
1 259
1 159
1 177
2 320
2 298
2 359
1 31
1 175
1 413
2 425
2 159
2 358
1 126
2 297
1 188
1 134
1 47
2 39
2 105
1 446
2 334
1 326
2 237
1 290
1 309
1 314
2 270
1 55
2 316
2 72
2 22
1 152
2 498
1 143
1 252
1 356
2 96
1 153
1 385
2 185
2 8
2 160
1 374
1 24
2 269
1 44
1 301
2 210
1 237
2 103
1 292
2 276
2 344
2 423
1 223
2 421
1 457
1 211
1 497
2 371
2 182
1 407
1 460
1 131
1 320
2 387
1 43
2 350
1 443
1 466
2 83
1 450
2 169
2 73
2 99
2 282
1 208
1 261
2 155
2 215
2 327
2 86
1 115
2 459
2 263
1 277
2 13
2 87
1 91
2 198
1 305
2 320
1 18
1 383
1 174
2 146
1 401
2 73
1 222
1 128
1 455
2 180
1 335
1 500
2 277
2 317
2 379
1 445
1 419
2 420
1 275
2 295
2 148
1 394
2 399
1 204
2 278
2 24
1 500
1 388
1 424
1 61
2 191
2 50
2 35
2 52
2 386
1 187
2 213
2 105
1 102
1 168
2 42
2 490
1 66
2 373
1 284
2 496
1 141
2 434
1 218
2 335
1 182
2 487
1 453
2 357
1 250
1 284
2 215
2 35
1 353
2 325
1 43
1 461
2 69
1 357
1 230
2 240
1 416
1 306
1 20
1 422
2 38
2 115
1 182
2 87
1 260
1 22
1 435
1 485
2 80
2 492
2 236
2 220
2 160
2 18
2 391
2 151
1 348
2 235
1 266
2 266
1 436
2 178
1 473
1 225
1 355
2 212
1 299
1 92
2 160
2 341
1 104
1 33
2 460
2 183
2 292
1 453
2 439
2 449
1 144
1 166
1 94
2 291
1 160
1 202
1 195
2 73
1 90
1 452
2 224
1 478
2 433
1 94
2 264
1 485
1 67
1 109
1 379
1 404
1 485
2 209
2 351
1 180
1 239
2 341
1 116
1 329
2 451
1 271
2 463
1 474
1 257
1 393
2 333
1 173
1 105
2 200
2 366
1 99
1 214
2 270
1 460
1 230
1 19
1 124
2 459
2 66
1 31
2 350
2 106
1 32
1 459
1 17
1 315
2 132
1 257
2 209
1 350
1 477
1 142
2 52
1 401
1 167
2 428
2 146
2 94
2 95
1 112
2 80
1 429
2 306
2 315
1 104
1 304
1 235
2 32
1 396
2 255
2 215
1 283
1 419
1 389
2 280
1 327
2 278
2 273
2 143
2 96
1 102
2 177
1 195
2 325
2 493
1 5
2 465
2 419
2 162
2 395
2 10
2 151
2 179
2 369
2 361
2 66
1 215
2 353
1 303
1 352
2 109
1 57
2 142
2 308
2 485
1 448
2 127
1 281
2 225
1 126
2 318
2 251
1 137
2 145
2 132
1 437
1 351
1 165
1 320
1 499
2 25
1 151
2 395
2 308
2 284
2 56
2 475
1 337
1 112
2 402
1 329
2 335
2 184
2 375
2 322
2 11
2 318
1 201
1 444
1 183
2 292
1 32
2 395
1 230
1 200
2 249
1 321
1 59
1 286
2 211
1 157
2 158
1 382
1 389
2 70
2 255
2 160
1 479
1 5
1 412
2 191
1 436
2 447
1 219
2 130
2 192
1 149
2 315
1 410
1 58
2 126
2 44
1 154
1 191
2 82
1 67
1 114
1 486
1 200
1 144
2 484
2 319
2 35
2 366
2 40
1 127
1 292
1 155
2 44
2 455
2 299
2 100
1 227
2 175
1 493
2 106
1 5
1 164
1 261
1 188
1 9
1 317
1 188
2 96
2 168
2 59
1 127
1 81
2 446
2 130
1 277
1 470
1 215
2 321
2 14
1 127
1 25
2 25
1 266
2 442
2 227
1 102
2 361
1 58
2 140
2 448
2 126
2 50
2 402
1 167
2 81
2 141
2 88
2 317
2 137
1 137
2 462
1 68
1 123
2 480
1 163
1 382
2 48
2 481
2 152
2 216
1 292
1 337
2 372
2 435
2 114
1 223
2 12
1 249
1 266
1 247
2 359
2 421
2 411
1 207
2 251
1 294
1 481
1 124
2 486
1 65
1 332
2 26
2 281
1 476
1 354
2 178
1 55
1 322
2 350
2 379
2 154
2 346
2 6
1 191
1 231
2 443
2 245
1 405
2 242
1 275
2 159
1 10
2 50
1 29
2 212
1 351
2 284
1 351
2 18
1 132
1 147
1 162
1 42
2 268
2 151
1 81
2 494
1 373
2 125
2 145
1 12
1 53
2 44
2 436
2 444
1 12
1 345
1 333
1 444
2 372
1 494
1 402
2 97
1 85
1 378
1 409
1 225
2 184
1 216
2 32
2 390
2 100
1 420
2 323
2 385
1 456
1 349
2 421
2 186
2 18
1 234
2 453
1 239
1 281
1 459
1 464
1 59
1 285
1 348
2 193
1 152
1 165
1 61
2 296
1 442
1 309
2 444
2 189
1 453
2 340
2 133
2 462
2 70
1 20
2 352
1 352
2 212
2 354
1 453
2 17
1 166
1 273
2 142
2 495
1 429
1 356
2 488
2 103
1 62
2 326
2 334
1 119
2 398
1 168
1 177
2 96
1 66
1 155
2 328
2 153
1 186
1 21
2 325
2 434
1 245
1 3
2 141
2 327
1 149
2 239
2 383
1 370
1 201
1 6
1 376
1 340
2 166
1 438
1 482
2 79
2 482
2 9
1 258
2 363
1 33
1 82
2 287
2 214
1 327
1 219
1 229
1 467
1 417
1 87
2 126
1 181
1 98
2 285
2 375
1 112
1 101
2 174
2 496
1 226
1 459
2 79
2 354
2 433
2 300
2 225
1 36
2 237
1 445
2 192
2 20
1 78
1 200
1 7
2 343
1 72
2 28
2 339
1 47
2 356
2 494
1 476
2 484
1 218
1 84
1 98
1 417
1 223
1 131
2 15
2 313
1 125
1 88
2 73
2 438
1 185
2 7
1 15
1 223
2 269
1 494
2 409
1 394
1 229
1 64
2 200
1 181
1 216
1 490
1 254
2 216
1 413
1 449
1 416
2 160
1 477
2 50
2 266
2 220
1 22
1 89
2 11
2 100
1 388
1 366
1 220
2 431
2 6
1 412
2 402
2 457
1 427
1 319
1 5
1 37
1 173
2 451
1 393
1 261
2 491
1 274
2 262
1 47
1 287
1 392
2 380
1 270
1 58
1 497
1 478
2 439
1 10
2 37
1 143
1 34
2 127
2 47
2 215
2 8
2 50
2 393
2 99
2 86
1 250
1 69
2 319
2 229
1 100
2 81
1 266
2 226
2 477
2 133
2 217
1 396
2 242
1 399
1 450
2 199
1 270
2 278
1 478
1 267
2 475
1 170
1 18
2 484
1 19
1 37
1 311
1 206
2 423
1 96
2 440
2 276
1 413
2 149
1 263
1 318
2 467
2 180
1 234
1 329
1 335
2 191
1 500
1 50
2 204
2 499
2 143
1 56
1 178
2 297
1 176
2 232
1 305
1 477
1 279
2 346
2 22
1 110
2 136
2 147
2 8
2 185
1 418
2 57
1 149
1 91
1 24
2 317
1 86
2 70
1 449
2 180
1 302
1 47
2 300
2 479
2 338
1 309
2 108
2 406
1 422
2 431
2 171
2 125
1 243
1 323
2 460
1 365
2 291
2 402
2 455
1 101
1 247
2 103
1 478
1 313
2 356
2 344
1 193
1 133
2 13
2 478
1 309
1 84
2 456
2 245
1 69
1 406
2 106
1 373
2 367
2 334
2 280
2 100
1 496
2 259
1 391
1 331
2 133
1 2
1 251
1 349
2 443
1 337
2 113
2 335
1 246
1 54
2 196
2 200
2 441
1 50
1 249
1 382
2 146
2 468
1 481
2 66
2 422
1 175
2 463
1 218
1 177
2 436
2 127
2 415
1 149
2 251
2 48
1 278
2 219
2 292
2 265
2 473
2 463
1 425
2 157
1 484
2 116
2 57
1 257
1 13
2 288
2 154
2 99
2 232
2 379
2 15
1 84
2 386
1 486
1 470
1 303
2 327
1 427
2 363
2 206
1 440
2 342
2 32
1 227
2 256
2 489
1 452
1 461
2 117
1 498
1 440
1 94
1 421
1 352
1 55
1 215
1 254
1 290
2 496
1 251
2 324
1 225
1 163
2 316
1 130
1 421
2 317
2 390
1 386
1 77
1 151
2 137
1 346
1 393
2 293
2 296
2 86
1 244
2 56
2 232
2 224
1 458
2 18
2 482
1 292
1 195
1 348
1 50
2 109
1 238
1 288
2 370
1 256
2 326
2 23
2 347
2 60
1 491
1 355
1 333
1 381
2 440
1 210
2 124
2 134
2 72
2 97
2 498
1 257
2 14
2 83
2 229
2 368
2 276
1 42
1 220
1 338
2 1
1 351
2 70
1 337
2 108
1 285
1 137
2 484
2 171
2 11
1 413
1 322
1 304
1 147
2 489
1 385
1 235
2 466
1 422
1 296
2 87
1 338
1 472
1 226
2 240
1 246
1 317
2 43
1 282
2 494
2 376
1 112
2 464
2 266
2 82
1 266
2 345
2 244
2 276
2 311
2 56
1 370
1 474
1 344
1 304
2 230
1 215
2 142
1 121
2 415
1 24
1 222
2 486
2 37
1 285
2 480
1 106
1 416
2 465
2 38
2 95
2 300
2 163
2 339
2 51
2 337
2 284
1 147
2 227
2 382
2 233
1 55
1 415
1 120
2 80
1 147
1 128
1 335
2 90
2 425
2 277
2 419
1 375
2 32
2 99
1 315
2 331
2 372
2 42
2 123
2 352
1 147
1 419
2 122
2 5
1 353
2 363
2 396
2 39
2 189
2 396
2 171
1 76
1 470
2 236
2 442
1 418
1 419
1 420
1 48
1 141
1 260
2 226
2 239
1 285
2 104
2 134
1 406
2 19
1 177
2 172
1 194
2 57
1 128
1 355
1 103
2 279
1 498
2 220
1 120
2 367
1 37
1 201
1 60
1 21
1 326
1 206
2 484
1 482
1 442
1 287
1 182
2 110
2 421
2 119
2 37
2 116
2 336
1 367
2 387
2 482
1 283
2 434
1 153
2 377
1 102
2 341
1 432
1 314
1 335
1 244
2 120
2 444
2 27
1 201
2 48
2 329
1 425
1 448
2 29
1 374
1 191
2 265
1 220
2 325
1 214
2 425
1 279
1 492
2 29
2 422
1 79
1 110
2 363
2 432
2 232
2 373
1 223
2 395
2 419
1 348
2 492
1 170
1 343
2 279
2 205
1 151
2 153
1 490
2 20
2 258
2 429
1 25
1 470
2 298
2 342
2 225
2 121
1 455
2 258
2 38
2 136
1 449
1 151
1 154
1 210
2 272
2 244
1 494
1 67
2 158
1 139
1 93
2 479
2 74
1 131
2 50
1 150
2 405
1 288
1 321
1 173
1 488
1 240
2 333
1 123
1 65
2 223
2 372
2 55
2 141
2 407
1 302
1 40
1 59
1 116
2 177
1 322
1 407
2 496
1 218
1 81
2 230
1 291
2 208
1 45
1 382
2 390
1 210
2 241
1 108
1 498
1 347
1 299
1 232
1 345
1 263
2 436
2 432
1 93
1 275
1 191
2 292
1 340
1 213
1 121
1 140
2 456
1 290
1 239
2 400
2 174
1 360
2 6
2 39
2 486
2 292
2 321
2 108
1 288
1 444
2 492
2 27
2 68
1 52
2 188
2 241
1 317
1 26
1 447
1 124
1 229
2 108
2 202
1 61
2 387
1 397
1 438
2 28
2 90
1 163
1 234
1 343
1 207
1 224
2 284
2 437
1 114
1 264
2 463
1 303
1 31
1 431
1 474
2 325
1 390
2 45
2 94
2 25
2 458
1 157
2 446
2 456
2 341
1 225
2 99
1 356
1 79
2 449
1 97
2 319
1 464
2 312
2 453
1 61
2 435
1 355
2 14
2 143
1 86
1 9
1 247
1 313
2 2
1 80
1 90
2 287
2 465
2 166
1 138
1 384
2 147
1 157
2 252
2 366
2 18
1 21
1 90
2 440
2 150
1 393
1 474
2 496
1 481
2 411
2 239
1 395
2 384
2 397
2 53
2 472
2 340
1 186
2 28
1 224
1 349
1 269
1 498
1 463
2 277
1 301
2 19
2 103
1 449
1 37
2 466
1 71
2 203
2 438
1 86
2 111
1 128
2 459
2 347
2 455
2 498
2 341
2 301
2 270
2 146
1 102
2 17
1 120
2 132
2 153
2 69
2 354
1 346
1 320
1 437
2 18
1 381
1 302
1 356
1 134
1 229
2 464
1 111
2 168
1 343
1 311
2 139
1 106
1 180
1 379
1 404
1 253
1 309
2 169
1 478
2 165
1 389
2 155
2 415
2 93
1 198
2 20
1 122
1 171
2 255
2 120
1 148
2 497
1 279
1 472
1 320
1 165
1 468
1 411
2 198
2 344
2 109
2 83
1 192
2 383
1 358
1 159
2 226
1 313
1 173
1 463
1 123
1 403
2 3
2 177
1 19
1 446
2 86
1 61
1 485
2 427
1 148
1 198
1 241
1 81
2 497
1 256
1 375
1 62
2 323
1 76
2 461
2 320
1 253
1 175
2 174
1 282
2 187
2 46
2 193
2 191
2 22
1 12
1 103
2 476
2 14
2 470
1 275
2 372
2 20
1 115
2 147
1 365
2 227
2 111
2 389
2 163
1 246
2 361
2 451
1 329
2 238
1 290
1 86
2 391
2 59
2 149
2 105
1 38
2 128
1 453
1 301
2 481
1 141
2 450
1 176
2 260
2 76
2 128
1 62
1 470
1 227
2 176
2 336
2 13
2 65
2 182
2 431
1 114
1 354
1 367
2 194
1 145
2 26
1 134
2 494
1 58
1 278
1 50
2 298
1 279
1 378
1 430
1 473
1 83
1 459
2 206
1 74
1 272
1 325
1 38
1 213
1 37
1 33
1 454
1 203
1 396
1 43
2 92
2 368
1 44
1 123
2 329
1 302
2 147
1 358
2 296
1 484
1 411
1 122
1 197
1 299
1 108
2 417
2 59
1 372
1 314
1 202
1 394
2 94
1 332
2 76
2 372
2 311
1 74
1 349
2 459
2 214
1 339
1 264
2 118
1 202
2 333
2 276
1 109
1 118
2 320
2 419
1 456
2 29
2 12
1 3
2 376
2 388
2 50
1 315
2 139
2 153
2 123
2 401
1 298
1 376
2 266
1 364
2 375
2 102
1 122
1 60
2 376
1 63
1 99
1 296
2 450
2 263
1 229
2 7
1 384
1 346
1 380
1 222
1 102
2 491
2 131
2 71
1 350
1 283
1 67
2 240
1 231
1 439
2 17
1 336
1 31
2 401
1 242
2 163
2 297
1 269
2 408
1 137
2 177
2 408
2 201
2 258
2 500
1 93
1 493
1 120
1 461
1 285
1 494
1 101
2 305
2 273
1 60
2 172
1 180
2 330
1 429
2 15
1 487
2 500
2 387
2 206
2 490
2 104
1 438
1 478
1 425
1 157
1 159
1 72
1 462
2 273
1 340
2 21
1 246
1 156
1 490
1 34
1 204
2 315
2 193
1 86
2 393
1 100
2 273
2 92
1 276
2 475
2 355
2 292
1 219
2 435
1 12
1 39
2 309
2 207
2 348
1 117
2 385
1 143
2 443
2 94
1 155
1 332
2 267
2 461
2 273
2 44
2 67
2 351
2 139
1 375
2 349
2 79
1 262
2 446
1 11
1 421
2 459
1 174
2 430
1 413
2 380
2 339
1 243
2 320
2 98
1 71
2 240
2 384
1 74
2 57
1 220
1 101
2 285
1 459
2 259
1 269
1 32
2 436
1 499
2 358
2 5
2 395
1 281
1 449
1 310
1 142
1 187
1 264
2 219
1 37
2 445
2 466
1 115
2 101
1 212
2 62
1 91
1 163
2 437
1 429
1 117
1 127
2 15
1 477
2 464
1 61
1 22
1 384
2 483
1 306
1 146
2 261
1 174
2 163
1 34
2 207
1 364
1 8
1 427
2 314
1 202
1 150
2 103
2 415
2 220
1 130
1 438
1 305
2 165
2 424
1 409
2 404
1 168
2 353
1 99
1 188
1 391
2 227
1 221
2 78
1 213
1 9
1 301
1 465
2 132
1 367
2 370
1 16
2 384
2 335
2 386
1 282
2 210
1 122
1 353
2 73
2 110
1 66
2 99
1 227
1 418
2 474
2 66
1 176
1 62
1 432
2 383
2 427
1 425
1 225
2 99
2 193
1 434
1 322
1 492
2 114
2 493
2 47
2 428
1 8
2 435
2 288
2 355
1 112
2 114
1 407
1 189
2 123
1 61
2 6
1 345
2 312
2 57
1 99
2 136
1 325
1 248
1 91
2 30
1 85
2 94
1 206
1 294
1 107
1 476
1 257
1 434
1 361
2 130
2 327
2 269
2 38
1 467
1 322
1 34
2 490
2 398
2 112
2 226
1 397
1 182
2 225
2 73
2 457
1 248
2 170
1 138
2 383
1 335
2 303
1 111
1 198
1 338
2 402
2 378
1 116
2 303
2 26
2 277
1 280
1 321
2 39
1 7
1 265
2 478
2 412
1 210
2 299
2 269
1 109
2 350
2 57
1 417
1 82
2 120
2 69
1 13
2 249
2 232
2 64
2 283
2 500
1 436
1 38
1 350
1 202
2 74
2 406
1 396
2 35
2 199
2 454
2 413
1 433
2 418
1 57
1 323
2 43
1 206
1 165
2 430
2 309
2 181
1 345
1 200
2 91
1 37
1 164
2 302
2 445
2 444
1 271
1 410
2 375
2 245
1 374
1 110
1 28
1 248
1 217
2 306
2 401
1 55
1 143
1 12
2 426
1 292
1 221
2 213
1 20
2 339
2 482
1 278
2 441
2 233
2 176
1 168
1 232
1 491
1 429
2 312
1 458
1 106
1 8
1 477
2 274
2 475
2 466
2 115
1 481
2 267
1 89
1 83
1 7
1 45
2 76
1 344
2 15
2 62
2 266
2 253
2 57
1 497
2 332
1 132
1 310
1 320
1 183
1 421
2 327
2 327
1 25
2 286
2 119
1 413
2 90
1 479
1 245
1 20
1 439
1 91
1 401
1 350
1 164
1 124
1 87
2 244
2 121
2 353
2 80
1 179
2 283
1 167
2 485
1 306
2 41
1 374
1 158
2 377
2 197
1 162
2 302
2 97
1 138
2 217
2 66
2 238
1 404
1 226
1 293
2 14
1 279
1 127
1 314
2 108
1 354
2 496
1 378
1 281
2 393
2 83
1 244
1 158
2 427
2 239
1 266
1 257
1 343
2 479
2 89
1 370
1 58
1 301
2 309
1 301
2 430
1 363
2 407
1 172
1 254
1 257
2 365
2 414
1 99
1 216
2 33
2 332
2 302
2 229
2 418
1 15
2 117
2 224
2 100
2 208
1 156
1 76
1 476
1 79
1 85
1 112
1 83
1 60
1 280
1 198
2 169
2 247
2 293
1 160
2 216
2 98
2 331
2 95
1 14
2 232
2 171
2 420
2 490
2 488
2 470
1 169
2 250
1 275
1 385
1 434
2 153
2 323
2 56
2 492
2 442
2 223
1 270
1 216
2 324
2 380
1 240
1 284
2 315
1 235
1 196
1 152
1 403
1 34
1 95
2 230
1 100
2 499
2 446
1 331
1 268
1 63
1 462
1 200
1 107
1 327
1 454
1 353
1 156
1 165
1 263
1 137
1 198
2 82
1 200
1 413
2 474
2 326
2 24
1 62
1 459
2 284
1 70
1 119
2 374
2 178
1 177
1 497
1 152
1 17
2 193
2 170
1 107
2 452
1 372
1 112
2 106
2 446
2 382
2 104
2 347
2 242
2 447
1 249
1 19
2 301
1 398
1 229
1 316
2 190
1 398
2 222
2 399
2 381
1 231
1 239
1 265
1 452
2 218
1 12
1 317
1 299
1 133
1 273
2 412
1 340
2 114
2 15
1 79
2 144
1 379
1 239
2 361
1 409
1 242
1 18
1 84
1 475
1 47
2 220
1 61
2 118
1 471
1 38
1 379
2 359
2 266
2 455
1 490
2 408
2 134
2 140
2 296
1 489
2 65
1 300
2 267
1 2
2 253
2 138
2 423
1 443
1 296
2 166
1 463
2 368
2 201
1 369
1 473
2 190
2 417
1 365
2 463
2 123
2 257
2 50
1 460
1 367
1 93
1 393
2 456
1 355
1 119
1 356
1 432
2 184
1 238
2 382
1 267
2 267
2 117
1 202
1 11
2 183
2 452
2 362
1 39
1 267
2 291
1 304
2 19
1 422
1 36
1 456
1 308
1 176
1 389
1 351
2 298
1 206
2 312
2 8
1 486
2 211
2 248
1 351
1 353
1 226
1 427
2 41
1 254
2 361
1 446
1 96
2 449
2 195
1 219
2 314
2 181
1 333
1 241
2 398
1 158
2 333
2 7
1 170
1 294
2 105
2 94
1 185
1 353
2 153
2 433
1 479
2 193
2 393
1 49
1 379
2 116
2 291
1 436
1 233
2 342
2 319
2 240
2 328
1 234
2 367
1 150
2 483
2 360
2 128
1 368
1 114
2 68
1 456
1 68
1 84
2 228
2 48
2 109
2 263
1 59
2 212
2 325
1 403
1 420
1 444
2 239
2 121
1 165
1 161
1 115
2 344
1 499
2 12
2 470
1 301
1 254
1 236
2 409
1 114
1 371
2 466
2 318
1 119
1 365
2 417
2 375
1 24
2 355
2 184
1 161
1 351
1 199
2 492
2 428
1 286
2 366
2 111
2 40
2 368
1 212
1 86
1 396
2 163
1 495
1 425
2 33
2 421
2 65
1 41
2 221
1 495
2 280
2 473
2 186
2 74
2 476
2 186
2 119
1 324
2 397
1 120
2 79
1 215
2 155
2 339
1 432
2 166
2 290
1 29
2 330
1 75
1 464
1 28
1 460
1 47
1 303
1 489
2 409
2 376
2 310
1 290
2 399
2 452
1 297
1 14
1 138
1 283
2 51
2 183
1 366
2 70
1 450
1 253
1 112
1 124
2 193
1 14
2 72
2 278
1 148
2 494
2 82
1 238
2 290
1 494
2 352
2 27
2 472
2 362
1 258
2 208
1 250
2 41
1 389
1 189
2 313
1 25
1 14
1 230
2 33
1 162
1 138
1 240
1 318
2 249
2 86
1 24
2 29
1 8
2 86
2 157
1 434
1 495
2 295
2 102
1 152
2 267
2 302
2 454
2 107
1 193
1 158
1 231
1 484
1 306
2 138
2 318
1 348
1 370
1 240
2 173
2 85
1 384
1 298
2 4
1 39
1 152
1 116
1 437
2 323
1 19
2 408
1 236
2 351
2 101
2 428
2 333
1 416
1 250
2 405
2 173
2 153
1 342
1 409
1 218
2 371
1 395
2 423
1 237
2 87
2 67
1 462
1 229
2 319
1 294
2 83
1 17
2 493
1 354
2 487
2 483
1 158
1 488
1 211
1 408
2 413
2 14
1 226
2 454
1 220
2 119
1 416
2 388
1 345
2 160
2 163
2 188
1 372
2 455
1 103
2 83
2 189
1 240
1 190
2 309
1 144
2 415
2 414
2 467
1 247
1 440
1 120
1 433
2 6
1 277
1 454
2 474
1 306
2 259
1 110
2 257
2 346
2 163
2 177
2 220
1 107
2 185
1 138
2 421
1 208
2 103
2 259
2 6
1 345
1 411
1 183
2 58
1 42
2 342
1 201
2 493
2 71
2 89
2 498
2 204
2 409
1 422
2 438
2 82
2 43
2 88
2 11
1 308
1 218
2 474
1 61
1 281
2 199
2 191
1 229
1 104
2 404
2 155
2 156
1 475
1 80
2 126
2 208
2 346
2 81
2 46
2 341
1 123
2 46
1 86
1 59
2 262
1 418
1 155
2 4
2 122
2 43
2 25
1 31
2 378
2 245
1 103
2 453
2 475
2 390
1 124
2 453
1 114
1 153
1 294
1 249
2 91
2 365
2 245
2 41
1 357
1 249
2 222
1 387
2 52
2 460
2 429
1 412
1 485
2 162
1 72
1 396
1 404
1 481
1 6
2 122
1 306
1 376
1 275
2 428
1 243
2 205
2 151
1 64
2 384
2 265
1 338
1 469
1 124
2 241
2 322
1 195
2 436
1 358
1 184
2 240
1 172
1 448
1 263
1 456
2 88
1 454
1 232
1 19
2 75
2 335
1 325
2 374
1 303
1 321
1 368
1 116
2 355
2 360
1 278
1 116
1 239
2 495
1 342
2 176
1 123
2 163
2 243
2 58
2 472
2 383
2 290
1 378
2 412
2 114
1 256
2 407
2 297
2 316
1 265
1 258
2 58
1 38
1 160
2 197
2 325
2 322
2 428
2 111
2 491
1 232
2 304
1 93
1 242
1 441
1 455
1 97
1 174
1 164
2 228
1 168
2 142
2 19
2 391
2 111
2 56
2 479
2 184
2 310
1 35
1 283
2 4
2 353
2 364
1 361
1 227
1 348
1 368
1 288
1 198
1 491
2 444
2 463
1 244
1 257
1 225
2 118
1 122
1 404
2 337
2 428
2 144
2 282
1 344
2 121
2 171
2 145
1 284
2 297
2 82
2 156
2 296
2 386
2 95
1 253
2 258
2 346
2 159
2 264
2 48
2 43
1 51
1 387
1 498
1 212
1 88
2 386
2 492
2 151
1 264
1 220
2 436
2 126
1 192
2 96
2 477
2 12
1 30
1 213
2 433
2 458
2 143
2 255
1 318
1 423
2 161
2 306
1 59
2 41
1 171
2 192
1 479
2 379
1 453
2 238
2 367
1 257
1 390
1 347
2 417
1 492
2 264
2 24
1 79
1 424
2 404
2 452
1 22
1 93
1 125
2 210
2 378
2 204
2 330
2 178
1 24
2 174
2 169
2 312
2 464
2 51
1 54
2 101
2 184
1 400
1 376
2 3
2 427
1 223
1 460
1 353
2 272
1 473
1 278
2 390
1 223
2 461
1 295
2 54
1 458
2 490
2 266
1 141
1 401
1 152
2 467
1 47
2 234
1 382
2 156
1 104
1 416
1 154
1 329
2 391
1 364
1 323
2 75
2 172
1 178
2 40
2 179
1 87
1 105
1 126
1 295
1 138
1 145
2 271
2 201
1 463
1 393
2 44
1 451
1 147
2 390
1 477
1 271
2 35
1 234
2 339
2 390
1 90
1 322
2 63
2 226
2 438
1 13
1 289
2 401
2 295
1 472
2 414
2 185
1 322
2 108
1 299
2 340
1 235
2 304
2 387
2 173
2 351
2 10
2 351
1 278
1 403
2 268
1 343
2 264
1 223
2 28
2 72
2 464
1 231
1 454
1 500
1 294
1 366
2 193
1 64
1 213
1 70
2 134
2 285
2 428
2 471
2 379
1 25
1 199
1 461
1 373
2 333
1 162
1 468
1 266
2 175
1 348
2 310
2 9
1 229
1 452
1 95
1 93
2 376
1 374
1 147
1 148
1 411
1 29
1 367
1 260
1 476
1 490
2 440
1 231
2 137
1 72
2 216
1 350
2 159
2 278
1 321
1 137
2 87
2 461
2 311
1 346
1 179
2 422
2 184
1 343
2 38
1 51
2 133
1 195
1 475
1 449
2 249
2 377
2 101
2 140
2 409
2 400
2 172
1 261
2 177
2 175
1 220
1 170
2 329
1 496
2 188
1 449
1 232
1 123
1 14
1 447
1 98
1 361
2 19
2 124
1 76
1 261
2 227
2 499
1 146
1 210
2 141
2 121
1 336
2 408
2 208
1 271
2 51
2 426
1 103
2 117
1 50
2 325
2 11
2 184
2 21
2 341
2 403
2 385
1 407
1 439
1 497
2 271
2 43
1 320
2 96
1 175
2 17
2 125
2 25
1 35
2 201
1 410
2 188
1 193
2 437
2 412
2 43
1 35
2 81
2 81
1 494
2 25
1 309
2 241
1 457
2 82
2 2
2 463
1 136
2 340
1 137
2 60
2 285
2 115
2 153
1 245
1 154
2 360
2 417
1 148
2 78
2 233
1 72
1 325
2 202
1 483
2 266
1 221
1 488
1 267
1 383
2 138
1 131
2 498
2 152
2 124
2 78
1 364
2 403
1 207
2 351
2 147
2 83
2 18
1 54
1 414
1 498
2 324
1 251
2 27
1 170
1 334
2 357
1 247
1 237
2 68
1 494
1 56
1 432
2 497
1 61
1 273
1 164
1 38
1 269
1 19
1 213
2 388
2 254
1 32
1 86
2 429
2 312
1 6
1 261
2 433
2 116
2 82
1 153
2 45
2 34
1 62
1 120
2 19
2 82
1 362
2 149
2 450
1 478
2 407
1 161
2 262
2 396
1 260
1 166
1 320
1 219
2 297
1 181
2 210
1 217
1 132
2 66
2 28
2 388
2 133
1 477
1 380
1 293
2 419
2 295
1 10
2 322
1 203
1 325
1 467
2 39
2 109
1 383
1 147
1 422
2 22
2 376
2 122
2 392
2 479
1 482
1 50
1 497
1 9
2 368
1 213
1 278
2 362
1 309
1 134
1 490
2 332
2 259
1 237
1 346
2 335
2 406
2 334
2 488
2 223
2 374
1 113
2 460
1 14
1 333
2 350
1 5
2 390
1 486
2 265
2 45
1 362
2 188
2 353
2 93
2 382
1 66
1 468
1 171
1 293
2 332
1 176
2 27
2 452
1 395
1 47
1 19
1 242
1 306
1 233
2 372
1 216
1 311
1 463
2 369
2 335
1 453
1 388
2 278
2 342
2 259
1 316
2 499
2 187
2 2
2 55
2 236
1 162
1 157
1 378
2 83
1 225
2 73
1 365
1 303
1 226
2 298
2 393
1 449
2 452
1 349
1 175
1 480
1 481
1 312
1 13
1 421
2 428
2 200
1 47
1 349
1 118
1 165
2 294
2 89
2 267
1 103
2 373
1 480
1 69
2 63
2 36
1 317
2 328
2 458
1 74
2 498
1 156
1 202
2 330
1 194
1 79
1 240
1 229
1 9
2 362
2 378
1 406
1 64
1 266
1 311
1 32
1 31
2 173
1 488
2 225
2 450
1 180
1 459
1 261
2 408
1 389
2 223
2 183
2 232
1 160
1 491
2 202
2 377
1 456
1 228
2 248
1 336
2 219
1 38
2 112
1 304
1 82
2 498
1 165
2 416
1 475
1 366
1 279
1 401
1 310
2 266
2 158
2 336
1 394
2 58
2 318
2 357
1 239
1 15
2 435
1 430
2 40
2 436
1 241
1 403
1 316
2 458
2 121
2 200
2 18
2 19
2 470
2 86
1 81
2 167
2 234
1 127
2 243
1 442
2 101
2 384
2 217
2 93
2 486
2 351
2 401
1 41
1 448
2 282
1 431
1 98
1 395
1 141
2 489
1 471
1 130
1 62
1 399
1 35
1 150
2 90
2 458
1 272
1 108
2 489
1 352
2 406
2 14
1 235
2 479
1 296
2 115
2 158
2 214
1 248
1 429
2 266
1 171
2 347
1 294
1 20
2 126
2 95
2 174
1 493
1 239
1 464
2 348
1 218
1 165
2 129
2 6
1 35
1 134
2 9
2 420
1 276
2 156
1 36
2 403
1 185
2 20
1 346
2 473
2 484
1 231
1 286
1 5
1 115
2 53
1 269
1 355
1 369
2 118
1 43
1 283
2 365
1 79
1 373
2 476
1 244
1 468
1 294
1 201
1 314
2 235
2 77
1 330
2 452
2 200
1 171
1 73
2 136
2 96
1 405
2 67
2 276
1 30
2 62
1 181
2 335
2 161
2 356
2 207
2 141
1 153
2 239
2 345
1 79
1 85
2 362
1 335
1 389
1 262
1 446
1 29
1 61
2 190
1 383
1 75
1 153
2 334
2 155
2 117
2 322
2 419
1 408
1 377
2 469
1 450
1 432
1 193
1 19
1 259
2 481
2 276
2 263
1 228
2 492
1 1
2 100
1 52
1 377
1 156
2 418
2 259
2 435
2 192
2 389
1 57
2 487
2 206
2 294
2 18
2 480
1 301
2 141
2 438
2 132
2 362
2 50
1 249
1 126
1 492
1 242
1 87
1 232
1 328
2 428
2 13
2 215
1 337
2 166
2 372
2 71
2 198
1 408
1 307
2 238
1 399
2 50
2 410
2 128
2 158
2 82
1 313
1 335
2 2
1 479
2 1
1 309
1 21
1 143
1 101
1 329
2 62
1 335
2 159
1 208
1 368
2 189
1 288
1 32
2 227
2 14
2 60
1 424
1 242
2 111
1 150
1 44
1 317
1 34
2 339
2 346
1 85
2 237
1 262
1 161
1 130
1 215
2 51
1 121
1 408
2 485
1 22
1 473
2 257
1 17
2 303
2 152
2 101
1 259
1 8
2 349
2 148
2 178
1 53
1 342
1 232
1 369
1 206
2 444
1 199
1 409
2 26
1 239
1 448
2 339
2 119
1 443
1 102
1 316
1 269
2 466
2 334
1 106
2 27
2 353
2 64
2 77
1 172
2 67
2 164
1 277
1 445
1 252
1 339
2 52
1 223
2 312
1 202
2 447
1 169
2 156
1 411
1 173
1 251
1 405
1 349
2 251
2 400
1 190
2 68
2 50
1 461
2 198
2 129
1 94
2 294
1 380
1 37
2 341
2 496
2 404
1 278
2 488
2 156
2 119
1 122
1 217
1 380
1 96
1 261
1 156
1 143
1 313
2 292
1 318
2 250
2 130
2 227
2 56
2 145
1 310
1 194
1 200
2 496
2 433
1 188
1 14
1 327
1 361
1 331
1 256
2 102
2 459
2 353
1 415
1 40
1 467
2 453
1 157
1 165
2 408
1 381
2 386
2 98
1 29
2 127
1 213
1 373
2 408
2 37
1 278
1 397
2 160
1 114
1 353
1 109
1 482
2 32
2 399
1 464
2 410
1 415
1 169
2 144
2 215
1 102
2 107
2 89
1 404
1 434
1 480
1 16
2 382
2 179
1 28
1 263
2 435
2 262
2 167
1 383
2 437
2 225
1 187
2 161
1 367
1 197
1 135
1 10
1 463
1 352
1 181
1 131
2 142
1 69
1 149
1 40
1 140
2 333
1 281
2 267
2 87
2 344
2 27
2 293
2 392
1 330
1 257
1 38
1 204
2 409
1 262
1 141
2 416
2 78
2 466
1 343
1 306
2 328
1 391
1 172
2 115
1 206
2 313
1 120
1 54
1 220
2 328
1 67
2 185
1 291
1 487
1 257
1 24
1 328
1 56
2 48
1 352
1 41
2 349
1 32
1 392
2 420
2 315
1 165
2 481
1 352
2 293
1 314
1 191
2 81
1 492
2 416
2 234
1 211
1 171
2 39
1 197
1 132
2 295
2 361
2 104
1 297
1 319
1 63
1 103
2 107
1 123
1 140
1 33
2 493
1 297
2 265
2 340
2 4
1 45
1 112
1 428
1 247
1 370
2 107
1 303
1 269
1 439
1 337
1 462
1 175
1 212
2 103
1 39
1 389
2 173
2 286
1 464
1 346
2 192
1 8
2 369
1 124
1 388
1 131
2 141
2 459
2 299
2 108
1 370
1 124
1 52
1 494
1 441
2 200
2 494
1 331
2 335
1 22
1 413
1 423
1 12
2 110
1 145
2 147
1 416
2 407
1 32
1 335
1 90
1 308
1 445
1 298
1 443
2 353
1 174
2 261
2 359
1 346
2 290
2 368
2 467
2 24
1 174
1 25
1 96
2 199
1 322
1 171
2 166
1 472
2 2
1 227
2 305
1 215
1 268
2 150
1 357
1 435
1 235
1 145
1 144
2 222
2 190
1 433
2 471
1 249
2 339
2 37
2 251
2 440
1 185
1 456
2 467
1 275
2 201
2 383
1 466
1 13
2 51
2 214
1 201
1 198
2 141
1 386
2 336
2 260
2 118
2 413
1 457
2 137
2 458
2 57
2 326
2 281
1 217
1 101
2 160
1 160
1 31
2 190
2 73
2 239
2 16
2 274
1 190
1 184
2 132
1 273
2 160
2 389
2 251
2 145
1 139
1 61
2 52
1 239
2 402
2 167
2 480
1 444
2 54
1 19
2 367
2 346
2 47
1 107
2 222
2 410
1 259
1 381
1 275
2 434
2 448
1 297
2 244
2 447
2 368
2 333
1 107
1 464
2 263
1 154
2 173
2 196
2 237
1 92
2 399
1 39
1 329
1 124
1 428
1 220
2 386
2 232
1 82
1 348
2 469
2 181
2 416
1 275
1 8
2 162
1 244
2 455
1 388
1 496
2 351
2 313
1 119
1 431
2 443
1 397
1 131
2 256
1 156
2 197
2 249
1 272
1 262
1 267
2 155
1 315
2 181
2 444
2 23
1 203
2 356
2 228
1 231
1 31
2 218
2 253
1 288
2 161
1 102
2 50
2 393
2 465
2 343
2 75
2 486
1 182
2 432
2 326
2 96
1 401
2 286
2 130
1 29
1 475
2 421
1 91
2 388
2 89
2 167
2 447
2 144
1 493
1 241
2 90
1 378
1 353
1 346
1 89
2 476
2 209
1 86
2 60
1 205
1 408
1 162
1 376
1 186
1 85
1 390
1 113
1 15
2 135
1 299
2 86
1 489
1 169
1 444
1 103
2 227
1 224
1 216
2 397
2 170
2 178
1 6
1 383
1 459
2 232
2 443
2 382
2 463
1 208
1 481
2 110
2 320
2 298
2 135
2 491
2 379
1 216
2 162
1 256
1 466
2 228
1 156
2 190
1 10
2 79
1 59
2 400
2 373
2 469
1 95
1 164
1 479
2 358
1 328
2 111
2 452
1 404
2 298
2 428
2 193
1 148
1 46
2 482
2 448
1 130
1 409
2 367
1 375
1 379
1 41
1 198
1 31
2 450
2 45
2 487
2 86
2 340
1 385
2 106
1 475
2 226
2 379
1 474
2 168
2 306
1 46
2 51
1 455
1 404
2 432
2 439
2 229
2 352
2 303
2 297
2 43
1 12
2 465
2 377
1 189
1 43
1 388
2 162
1 296
2 44
2 159
2 96
2 113
2 352
2 256
1 44
1 373
2 423
2 39
2 173
1 37
2 165
1 160
1 470
2 95
2 34
2 347
2 492
2 427
2 226
1 46
2 184
1 323
1 106
2 460
1 292
1 197
2 272
1 134
2 14
1 253
2 481
1 379
1 410
1 370
2 191
2 403
1 332
2 183
2 290
2 271
2 138
2 389
2 26
2 1
2 250
1 438
1 205
1 405
1 473
1 249
1 40
2 389
2 80
1 364
2 66
1 301
2 452
1 464
2 64
1 367
2 69
1 247
2 324
2 387
1 277
2 163
1 341
1 391
1 327
1 140
1 387
2 446
1 334
2 18
2 225
1 61
2 244
2 418
2 310
1 418
1 142
2 105
1 484
2 254
1 100
2 53
1 37
1 27
1 407
1 118
2 484
2 275
2 337
1 497
1 199
1 83
1 346
1 26
2 386
2 490
1 375
1 175
1 392
1 133
1 301
2 132
1 429
1 362
2 302
1 263
1 124
2 44
2 236
2 150
1 51
2 311
2 385
2 336
1 390
2 277
2 71
1 474
2 17
1 115
1 45
2 22
1 426
2 489
2 485
1 486
2 480
1 311
1 485
2 343
1 319
2 64
2 378
1 239
2 77
2 64
2 434
2 493
2 1
2 371
2 174
2 223
2 356
1 221
1 384
2 66
1 182
2 294
2 222
1 305
1 440
2 123
2 305
2 83
1 151
1 494
1 366
2 476
2 454
1 265
2 111
1 94
1 162
2 54
1 122
2 33
2 431
2 286
2 473
1 244
2 377
1 446
1 10
1 315
2 321
2 3
2 260
1 426
2 186
1 156
2 42
2 71
1 195
1 58
1 280
1 290
1 243
1 250
1 361
1 66
2 494
1 464
2 219
2 25
1 220
2 266
2 221
1 84
2 248
1 434
2 147
1 34
2 311
2 492
2 198
2 203
2 180
1 295
1 407
1 5
1 352
1 387
1 457
1 338
1 463
1 82
2 347
1 201
2 250
1 31
1 452
2 490
2 103
2 380
2 456
1 134
2 5
1 82
1 194
2 17
1 394
2 469
1 418
2 452
2 213
1 318
1 419
1 499
2 444
1 381
2 114
1 261
1 238
1 283
2 464
1 290
1 102
1 153
2 279
2 389
2 290
2 6
1 366
1 80
2 234
1 263
2 326
2 20
2 216
2 197
2 306
1 240
2 96
2 129
1 349
2 68
1 75
2 198
1 429
2 452
1 89
1 64
1 236
2 328
2 237
1 482
1 361
2 300
1 465
1 33
2 445
1 451
2 25
1 311
2 276
1 318
1 476
2 129
2 315
1 366
1 183
2 445
1 419
2 351
1 24
1 48
1 335
1 191
2 145
2 15
2 466
1 136
2 416
2 356
2 72
2 486
2 271
1 150
2 378
1 276
1 87
1 425
1 321
2 132
1 319
2 90
2 330
2 429
1 341
1 328
2 208
2 19
1 446
1 19
1 371
1 281
1 469
2 379
1 172
1 107
1 8
1 126
1 272
2 435
2 190
1 229
1 130
2 375
2 266
2 102
1 391
1 445
2 439
2 500
1 37
1 99
1 5
2 85
2 131
2 93
1 484
2 69
2 419
1 392
1 392
2 23
1 79
1 493
2 142
1 478
1 450
1 426
1 4
1 434
1 233
1 158
1 346
1 33
1 373
1 151
2 120
1 46
1 141
1 66
1 382
2 164
2 323
2 488
1 302
1 312
1 447
2 102
2 46
1 260
2 409
2 183
1 84
1 78
1 470
2 209
2 390
1 385
1 164
1 389
1 293
1 499
1 372
1 236
1 85
2 188
2 257
1 373
1 153
1 119
1 296
1 324
2 403
1 100
2 80
2 236
1 392
1 315
1 38
1 385
1 397
1 467
2 145
2 197
2 140
2 123
2 346
1 176
2 358
2 19
2 115
1 12
2 339
2 122
1 228
1 350
1 281
1 129
2 6
2 425
2 343
2 135
2 345
1 289
1 85
2 490
2 412
2 409
1 179
1 478
2 239
2 382
2 494
1 295
2 390
1 347
2 118
2 273
1 143
2 367
2 71
1 129
1 61
1 83
2 419
1 497
1 238
2 28
2 240
2 433
1 394
2 214
2 464
1 177
1 250
2 184
1 251
1 153
2 201
2 401
1 147
1 129
1 128
1 171
2 330
2 200
2 86
2 86
2 102
1 154
2 304
2 374
1 500
1 216
2 113
2 24
2 218
1 346
2 159
1 415
2 323
2 63
1 379
1 308
2 261
2 35
2 1
2 322
1 286
1 404
1 358
2 360
2 430
1 123
2 425
2 281
2 151
2 6
1 343
2 362
2 329
1 371
2 156
2 33
1 434
1 191
2 67
2 69
1 460
2 288
1 227
1 483
1 411
1 259
2 5
1 59
2 367
1 366
2 474
1 316
2 37
1 401
2 260
2 451
2 159
1 455
2 306
2 466
1 276
1 24
1 47
1 317
1 363
1 140
1 283
2 446
2 312
1 274
1 166
1 142
1 313
1 413
1 32
1 37
1 454
1 143
1 494
2 117
1 344
1 396
1 62
2 297
1 39
1 297
1 145
1 232
2 386
1 427
2 373
2 280
1 375
2 30
1 233
1 75
2 254
1 54
2 15
1 40
2 419
1 460
2 478
2 224
2 186
1 483
2 464
2 236
1 185
2 409
2 115
1 345
1 157
2 34
2 100
1 427
2 261
2 285
1 281
1 452
2 9
2 25
2 49
1 14
2 81
2 1
2 258
1 414
1 448
2 289
2 372
2 65
2 305
1 74
1 209
1 52
1 312
1 394
1 391
2 444
2 329
1 17
1 493
1 204
1 229
1 487
1 58
2 436
2 104
1 300
2 387
2 234
1 130
2 261
1 33
1 343
1 499
2 3
1 141
1 283
2 401
2 24
2 24
1 25
2 321
1 143
2 26
1 108
2 354
1 26
2 423
1 304
2 431
1 264
2 216
2 143
1 167
1 426
1 477
1 169
2 273
2 207
1 39
1 304
1 33
1 482
2 401
2 228
2 443
2 253
1 241
2 125
1 413
2 449
2 500
2 390
2 280
1 274
1 114
1 61
1 259
2 305
2 31
1 342
2 226
1 482
2 341
2 374
2 9
1 345
1 291
1 484
1 182
1 239
2 187
2 292
2 397
1 455
1 479
1 252
2 242
1 171
1 44
1 186
1 69
1 411
2 116
2 280
2 152
1 443
1 21
1 134
2 182
1 344
1 236
1 216
2 33
1 410
1 281
2 127
1 328
2 60
2 431
1 443
1 209
2 123
2 471
1 146
1 196
2 163
2 288
2 463
1 116
1 247
2 170
2 98
2 262
2 144
1 348
1 478
2 323
1 137
2 60
1 296
2 475
1 241
1 40
2 434
1 426
1 404
2 405
2 295
1 361
1 61
2 376
1 117
1 342
2 194
2 239
2 7
2 150
2 178
1 449
2 197
1 495
1 320
2 304
1 416
1 404
1 224
2 366
1 180
2 297
2 459
2 213
2 451
1 415
1 403
2 91
2 440
2 402
2 335
2 224
1 221
2 77
1 461
1 340
1 352
1 364
1 374
1 330
1 142
1 303
1 458
2 347
2 329
1 7
2 453
2 264
2 61
2 320
1 134
2 13
1 146
2 351
2 156
2 194
2 276
2 193
1 241
2 334
1 286
2 84
1 275
1 114
2 188
1 60
2 444
2 362
1 153
2 460
1 245
1 105
1 354
2 105
1 187
2 15
1 131
2 414
2 446
2 91
2 164
2 157
1 75
2 49
2 83
1 34
2 365
1 198
1 138
2 164
1 93
1 148
2 128
2 479
2 291
2 261
2 71
1 62
2 140
1 223
1 469
2 400
1 98
2 403
1 103
1 411
2 448
1 121
2 322
2 352
2 372
1 67
1 233
1 291
1 441
2 445
2 325
1 446
2 497
2 362
2 266
1 498
2 34
1 492
2 421
2 467
1 158
2 437
2 216
2 114
1 296
2 417
1 458
1 246
1 62
2 405
1 231
1 244
1 371
2 470
2 281
2 434
2 173
2 181
2 301
1 396
1 56
1 68
1 378
2 171
2 272
2 322
1 180
1 469
2 152
1 45
2 226
2 223
2 53
2 491
2 48
1 153
1 402
1 321
2 384
2 421
2 418
2 212
2 160
1 351
2 470
1 447
2 226
2 149
1 423
2 334
2 377
1 426
1 409
1 408
2 88
1 151
2 422
2 454
2 394
1 244
2 51
1 114
1 211
1 257
2 401
2 455
2 132
1 406
2 477
2 333
2 492
2 421
1 49
1 346
2 382
2 361
1 483
1 60
2 236
1 177
1 462
1 116
1 11
2 134
1 37
1 404
1 152
1 145
2 254
2 347
2 431
2 418
2 33
2 457
1 497
1 107
1 117
1 255
2 298
1 318
1 57
2 65
2 249
1 113
1 200
2 488
1 369
2 247
2 234
2 20
1 40
1 391
1 51
1 135
1 237
1 33
1 377
1 206
2 307
1 478
1 332
2 191
1 369
2 101
1 344
1 35
2 246
1 391
1 423
2 348
2 180
1 304
1 329
2 32
2 30
2 196
2 325
2 61
1 175
2 499
1 280
1 253
2 311
2 377
2 19
1 95
1 455
2 254
1 259
2 474
2 498
1 353
1 408
2 219
1 425
1 100
2 455
1 433
2 346
2 201
1 236
2 265
2 397
1 178
1 7
2 148
1 24
1 325
2 265
1 13
2 317
1 97
2 167
1 239
1 42
2 79
1 437
2 320
1 213
2 341
2 203
1 74
2 339
1 157
2 145
2 496
2 484
1 83
1 473
2 13
2 111
2 144
1 138
2 381
1 15
2 420
2 412
2 443
1 242
1 57
2 120
1 51
1 143
1 105
1 306
1 334
2 412
2 316
2 495
1 250
2 472
2 77
2 13
1 484
2 323
1 197
1 91
2 397
1 232
1 53
1 471
1 158
1 66
2 283
1 224
1 68
2 53
1 77
2 367
1 23
2 100
2 483
1 318
2 275
2 84
2 142
1 64
2 492
2 123
1 188
1 305
2 392
2 103
1 274
2 380
1 362
2 219
1 20
1 426
2 140
1 473
1 119
2 432
1 165
2 235
2 104
1 311
1 248
2 315
2 86
1 373
2 172
2 494
1 330
2 338
2 132
1 454
2 198
1 64
2 292
2 419
2 190
2 242
2 346
2 162
2 250
1 229
1 328
1 317
2 492
1 329
1 167
2 430
2 20
2 431
2 143
2 57
1 429
2 121
1 355
1 56
1 19
1 81
1 209
2 206
2 254
1 28
2 168
2 489
2 301
2 349
1 471
1 127
2 56
2 25
1 232
1 217
1 68
1 299
1 398
1 328
1 242
2 276
2 163
1 300
1 386
1 111
1 257
2 106
1 336
1 73
2 414
1 373
2 291
2 108
1 231
1 43
1 494
1 84
2 285
2 472
1 235
1 377
2 170
2 303
2 168
2 128
2 220
1 265
1 374
2 402
1 12
1 427
2 114
2 13
1 97
1 420
2 417
1 322
2 482
1 295
1 54
1 82
1 273
2 135
2 423
1 102
1 480
2 290
2 391
2 342
2 138
2 318
2 261
2 345
1 318
2 243
2 61
2 496
2 375
2 331
2 166
2 434
2 313
2 441
2 229
2 189
2 247
1 125
2 348
2 249
2 459
2 388
2 371
2 56
2 365
1 245
2 170
1 379
1 105
1 184
2 306
2 51
1 230
2 59
1 495
2 446
1 1
2 324
1 420
2 320
1 117
2 166
1 94
2 120
1 68
2 235
2 379
2 276
2 164
1 242
1 344
2 463
2 224
2 420
2 369
2 278
2 303
1 475
2 44
1 150
2 452
1 335
2 21
1 143
1 148
1 45
2 422
1 39
2 146
1 139
1 197
2 351
2 212
2 99
2 122
2 217
2 484
2 255
1 216
2 243
2 132
1 206
1 295
1 50
1 202
2 157
1 105
2 100
1 35
2 274
1 3
1 433
1 96
2 194
2 288
1 26
2 75
2 324
2 326
1 12
2 62
2 480
1 27
1 37
1 482
1 421
1 3
2 321
1 244
1 260
2 154
2 301
1 219
2 449
2 350
1 275
2 480
2 280
2 186
1 272
2 329
1 2
2 397
1 132
1 392
2 22
2 380
1 124
1 446
1 494
2 236
2 409
2 227
1 73
1 207
1 430
2 388
2 69
1 308
1 127
2 295
1 243
1 469
2 475
2 142
2 413
2 441
1 444
2 361
1 430
1 64
2 454
2 345
2 86
1 222
1 351
1 211
2 393
2 15
1 297
2 188
1 385
1 383
1 498
2 48
2 162
2 489
1 413
2 490
1 336
2 413
1 79
2 483
2 5
2 190
1 5
2 215
1 356
2 421
2 43
1 131
2 282
2 24
1 303
2 43
2 75
2 176
2 429
1 328
1 7
2 439
2 246
2 252
2 453
2 158
2 344
1 255
1 259
1 319
2 142
1 51
2 20
2 73
2 236
1 86
1 269
1 105
1 28
1 466
1 380
2 178
1 263
2 201
2 62
2 433
1 232
1 272
1 62
1 404
2 96
2 391
1 12
2 229
2 202
1 370
1 21
2 9
2 479
2 155
2 79
2 96
2 422
2 266
2 414
2 280
2 157
1 76
1 16
1 58
2 350
2 150
1 325
1 4
1 366
1 48
2 96
2 107
1 65
1 352
1 392
2 191
1 4
1 67
2 70
1 236
2 254
2 140
1 395
2 85
1 152
1 408
2 330
1 468
1 89
1 224
1 302
1 379
1 31
2 176
1 272
2 222
2 500
2 455
1 207
2 357
1 227
2 309
1 482
1 302
2 447
2 402
2 142
2 406
1 225
2 476
2 344
2 373
2 410
2 440
1 70
1 178
1 116
1 351
1 113
1 20
1 380
2 160
2 201
2 45
1 497
1 274
1 68
1 386
2 325
2 297
1 177
1 189
1 311
2 389
2 395
1 334
1 181
2 147
2 261
2 158
1 266
2 301
2 281
2 162
2 67
1 350
2 283
1 35
2 132
2 219
1 35
2 152
2 101
1 447
1 44
2 471
2 239
2 141
2 161
1 475
1 463
1 470
2 65
1 41
2 131
1 74
2 368
2 83
1 226
2 329
2 337
2 429
1 422
1 446
1 427
2 309
1 448
2 486
2 486
2 413
1 490
1 484
2 415
1 324
1 447
2 113
2 155
2 210
1 314
1 158
2 280
1 130
2 96
2 295
1 345
2 49
1 397
2 42
2 450
1 302
1 222
1 383
1 307
1 304
1 451
2 360
1 278
2 309
1 456
2 159
1 162
2 486
1 91
2 220
2 96
2 140
2 287
1 397
2 318
1 212
1 12
1 498
2 412
1 366
2 112
1 371
2 83
1 34
2 438
2 269
1 478
2 406
1 134
1 60
2 205
2 219
1 46
1 209
1 225
1 28
1 302
1 313
1 309
1 112
2 303
2 484
1 493
2 395
1 395
1 77
2 76
2 167
1 214
2 283
1 4
1 477
2 264
2 392
1 487
1 22
2 88
2 68
1 98
1 205
1 119
2 90
1 279
1 19
1 334
2 133
1 463
1 346
1 398
1 1
1 445
2 24
1 379
2 111
1 256
2 319
1 300
2 272
1 368
1 274
1 443
1 243
2 15
1 334
2 177
1 500
2 208
1 152
2 466
1 414
1 429
2 299
1 493
1 157
1 212
1 265
1 188
2 262
1 95
2 318
2 280
1 392
1 341
2 278
1 157
2 231
2 275
1 16
2 303
1 479
1 306
2 19
2 250
1 46
1 78
1 318
1 33
2 401
2 104
1 382
1 368
2 400
2 494
2 261
1 438
2 162
2 334
1 87
2 16
2 130
2 200
2 154
1 8
1 308
2 83
2 426
2 153
2 297
1 239
2 294
1 500
2 123
2 190
2 267
2 397
1 150
1 194
2 31
2 61
1 15
2 27
1 297
2 264
2 177
1 2
1 382
2 480
1 185
2 416
2 226
2 50
2 260
2 233
2 148
2 480
1 140
1 454
1 37
2 381
2 275
1 238
1 86
2 363
1 237
1 424
1 294
2 40
1 419
2 196
1 417
2 284
1 33
2 344
2 9
1 485
2 309
1 142
1 290
1 15
1 486
1 340
2 262
2 184
1 3
2 302
1 258
2 179
1 25
1 62
2 449
1 316
2 119
2 2
1 313
1 285
1 305
1 280
1 355
1 302
2 46
2 128
2 39
2 444
2 32
2 95
2 402
1 89
1 71
2 131
2 106
1 384
2 391
2 180
2 478
2 306
1 83
2 326
2 443
1 387
2 126
1 455
1 95
2 103
2 485
1 399
2 1
1 353
2 297
1 192
1 365
2 297
2 281
2 272
1 96
1 50
2 343
1 452
1 250
-1
