2 445
1 102
1 222
1 423
2 364
2 153
2 374
1 350
2 128
1 208
2 467
1 430
2 13
1 385
1 55
2 485
1 444
1 325
2 43
2 126
2 231
1 271
1 181
1 438
1 428
1 308
1 451
2 330
2 485
1 23
2 106
2 242
1 296
2 66
2 17
2 449
1 320
2 203
1 190
2 159
2 490
1 362
1 406
1 107
1 109
2 133
2 339
1 468
1 292
2 176
2 428
1 408
2 194
1 451
1 306
2 204
2 279
1 235
1 461
2 278
2 321
1 487
2 283
1 144
2 43
1 235
1 147
1 420
2 307
1 428
2 35
2 407
2 400
2 200
1 185
2 281
2 386
1 15
2 425
1 447
2 182
1 288
1 378
2 20
1 133
2 148
2 282
1 331
2 251
1 393
1 359
2 292
1 291
2 116
2 169
1 33
1 446
1 381
2 231
2 359
2 403
1 381
1 264
2 217
2 444
1 302
1 133
2 250
2 251
1 342
2 279
1 324
1 398
2 399
1 161
2 342
2 114
1 247
1 136
2 244
2 423
1 233
2 489
1 329
1 198
1 362
1 248
1 404
2 94
1 124
1 58
2 168
2 38
1 252
2 228
2 251
1 391
2 56
1 168
2 471
1 110
1 45
2 73
1 1
1 101
1 271
1 440
2 385
2 204
1 149
1 131
1 285
2 86
2 104
1 281
1 175
1 110
2 99
1 371
2 200
2 75
1 333
1 112
2 491
1 352
2 451
1 242
2 59
1 279
1 137
2 88
2 153
2 381
2 230
2 349
2 74
2 103
1 289
1 326
2 381
2 121
2 215
2 418
2 394
1 434
1 459
2 192
2 69
1 213
2 175
2 431
1 336
2 357
1 99
1 106
2 62
1 14
1 440
2 48
2 330
1 66
1 206
2 102
2 33
1 277
2 227
2 306
1 444
1 37
1 47
1 224
1 219
2 384
2 19
2 195
2 264
2 488
1 221
1 96
2 255
1 311
2 430
1 394
2 481
1 266
2 127
1 487
1 78
1 356
2 152
1 445
1 366
1 89
2 225
1 191
1 259
1 164
1 469
1 265
1 43
1 328
1 223
1 367
2 35
1 397
2 327
2 306
2 476
1 279
2 281
2 236
2 322
2 430
2 12
1 92
2 428
2 428
1 85
1 450
2 219
1 9
2 38
1 237
1 59
2 418
2 336
2 81
2 403
2 299
2 56
1 321
2 13
1 133
2 393
1 271
2 280
1 155
2 445
1 34
1 258
2 46
2 103
2 454
1 137
1 272
1 198
1 27
1 43
2 10
2 444
1 397
2 59
2 244
1 294
2 359
1 80
1 348
1 382
2 391
1 405
1 62
1 457
1 163
2 302
1 137
2 303
2 172
1 436
2 69
2 395
2 132
1 34
1 8
1 280
1 285
1 412
1 489
1 137
2 71
1 26
2 35
2 92
1 246
2 472
1 107
1 444
2 192
2 70
2 244
2 96
2 89
2 226
2 227
2 432
2 4
2 355
1 489
1 95
1 324
1 251
2 284
1 21
2 375
1 25
1 142
1 498
1 479
1 159
2 142
1 353
2 250
2 183
2 5
2 176
1 195
2 110
1 324
1 156
1 71
1 20
2 3
2 442
2 296
1 389
2 393
2 82
2 152
1 85
1 392
1 187
1 390
2 267
1 426
1 263
2 157
1 209
1 3
1 344
1 454
2 235
1 177
1 340
1 283
1 187
1 36
1 464
2 22
1 490
2 208
2 295
1 238
2 375
1 357
2 390
1 303
1 359
2 291
2 159
2 326
2 450
2 422
2 490
2 347
2 242
1 287
1 269
2 391
1 116
2 214
2 112
1 480
1 346
1 372
1 46
1 53
1 262
1 112
2 269
1 82
1 363
1 45
1 244
2 479
1 237
1 68
1 59
1 170
1 21
2 112
2 90
1 266
1 489
2 454
2 335
2 118
2 107
2 384
1 301
1 413
1 405
2 385
2 232
1 71
1 447
1 22
1 49
2 91
2 164
2 146
1 283
2 398
2 277
1 91
1 495
2 467
1 187
2 66
1 257
1 374
2 21
2 294
2 182
2 458
2 133
2 194
2 217
2 156
1 224
1 275
2 452
2 470
2 443
2 260
2 23
2 105
2 380
2 112
2 487
2 405
2 375
1 33
2 40
1 288
1 137
1 482
2 154
2 431
2 485
1 147
2 27
1 254
1 354
2 318
1 285
1 458
2 171
1 453
1 382
2 473
1 154
1 458
1 256
1 108
2 282
1 303
1 61
1 417
1 272
1 105
1 307
1 418
2 108
2 390
2 111
2 6
1 20
1 127
1 55
1 72
1 340
1 347
1 430
2 166
2 348
1 109
1 388
1 334
2 396
1 335
1 438
1 326
2 7
1 436
1 186
2 249
2 381
1 128
1 210
2 362
1 267
1 415
1 348
2 500
2 324
1 305
2 25
1 421
1 81
2 297
1 363
2 494
2 492
1 256
1 118
1 463
1 439
2 389
1 329
1 85
1 425
2 264
1 370
2 185
1 393
2 420
2 377
2 202
2 238
2 274
1 74
1 91
2 316
1 354
2 71
1 148
1 178
1 149
2 300
2 349
1 313
1 298
2 236
2 261
1 308
1 181
2 473
2 97
2 306
2 137
2 388
1 224
1 399
1 464
1 56
1 93
1 135
2 260
2 93
2 196
1 406
1 133
2 202
2 371
1 31
2 236
2 494
2 188
2 34
2 294
2 19
2 308
2 481
2 375
2 439
1 473
2 1
2 427
2 37
2 210
1 155
2 338
1 107
2 244
1 27
1 228
2 276
2 402
1 157
1 180
1 50
1 144
1 460
1 252
2 218
2 64
1 257
2 223
2 277
2 2
2 356
2 52
2 319
2 90
1 228
2 423
2 273
1 179
1 487
1 228
1 243
2 427
2 43
2 66
2 467
2 474
1 352
2 8
1 329
2 497
1 218
2 37
1 336
2 221
1 496
2 377
1 443
2 441
1 156
1 8
1 276
2 500
2 209
2 149
2 104
2 445
2 268
2 162
2 47
1 129
1 386
2 484
2 12
1 18
2 133
2 492
1 358
2 387
1 350
2 455
2 383
2 125
1 231
1 105
2 371
2 170
2 441
2 437
1 280
1 322
1 330
1 172
2 156
1 105
2 444
2 161
1 309
2 476
2 274
1 19
2 368
1 253
1 45
2 464
1 494
2 88
2 450
2 362
1 168
1 314
2 228
2 288
1 111
2 278
2 398
1 381
2 39
2 425
2 25
1 111
1 24
1 44
1 160
2 283
2 74
1 141
2 422
1 40
2 247
2 269
1 168
2 113
2 337
2 141
1 276
2 434
1 152
2 124
1 86
1 489
2 354
2 164
1 261
2 159
1 224
2 2
1 279
1 449
2 2
1 327
2 44
1 280
1 89
2 6
1 13
2 36
1 327
2 344
2 254
2 445
1 281
2 219
1 264
1 26
1 109
2 98
1 316
2 199
1 132
2 281
1 403
2 213
2 15
1 20
1 58
1 96
2 466
2 102
1 334
2 199
1 183
1 445
2 25
1 106
1 52
2 3
1 203
2 34
2 122
2 189
1 221
1 74
1 450
2 267
2 153
2 76
1 465
2 38
2 368
2 200
1 381
1 224
2 120
2 4
1 14
1 476
1 327
2 271
2 75
1 263
1 206
2 415
1 63
1 214
1 446
2 52
2 318
2 261
2 383
1 382
1 159
2 481
1 258
1 466
1 289
1 411
1 418
2 220
1 480
2 465
1 198
1 252
2 290
1 304
2 480
2 420
1 245
2 475
1 152
1 38
1 20
1 489
2 477
1 121
1 141
2 233
1 101
1 204
1 200
2 266
2 43
1 168
1 438
2 493
2 82
1 232
2 182
1 390
1 280
1 317
1 298
1 109
1 237
1 492
1 171
2 318
2 294
1 204
2 480
2 23
2 430
1 14
2 326
2 120
2 468
2 376
2 338
1 15
1 351
1 362
2 466
2 438
1 16
2 194
2 41
2 408
2 322
2 81
2 379
2 103
1 489
1 462
1 17
1 251
1 185
1 240
2 495
2 114
1 22
2 357
1 375
1 384
2 240
2 47
1 17
1 167
2 183
1 182
1 308
1 419
1 396
1 346
1 187
2 251
1 470
2 121
1 74
2 244
2 321
2 282
2 144
1 193
1 428
1 377
2 157
2 78
1 157
1 293
2 86
1 254
2 2
1 251
1 230
1 240
1 136
1 90
2 321
1 309
1 359
2 186
1 332
1 419
1 391
1 34
1 107
2 31
1 12
2 183
1 478
2 347
1 148
2 96
1 422
1 420
2 441
2 500
1 220
1 463
1 333
1 86
2 134
1 47
2 100
2 90
2 355
2 394
1 225
1 322
1 393
2 130
2 345
2 308
2 399
1 26
2 117
2 22
1 430
1 247
2 500
1 310
2 476
2 356
1 192
2 402
2 269
2 121
1 12
2 30
1 402
2 492
2 18
2 120
2 432
1 328
1 406
2 138
2 191
2 285
2 374
1 23
1 68
2 107
2 275
1 340
2 43
1 47
1 48
1 358
1 384
2 115
2 25
1 373
1 448
2 302
2 46
1 463
1 170
2 44
2 409
1 473
2 67
2 362
1 36
2 297
2 256
2 59
1 14
1 347
1 440
1 134
1 323
1 451
2 369
1 289
2 229
2 79
2 131
1 261
1 158
2 85
2 320
2 45
2 278
2 498
1 39
1 407
2 79
2 205
2 202
2 427
2 105
2 77
2 444
2 401
1 98
2 366
2 183
1 453
2 153
2 30
2 434
1 255
1 144
1 163
2 304
2 479
2 94
1 495
2 448
2 342
2 83
1 165
1 321
1 226
2 420
2 15
2 42
1 216
2 229
1 381
1 319
1 292
1 119
2 152
1 33
1 463
1 405
2 233
2 96
1 50
2 416
1 71
2 185
2 141
2 16
2 149
1 84
1 97
1 78
2 120
2 94
1 430
1 412
1 426
1 323
2 226
1 391
2 194
2 435
1 340
1 410
1 136
1 279
1 399
2 332
1 319
2 303
1 126
2 261
1 426
2 378
2 320
1 151
2 343
2 50
1 239
2 21
1 304
2 457
2 359
2 424
2 65
2 128
2 293
1 94
1 322
2 220
2 91
2 357
2 307
1 466
2 69
1 270
1 488
2 278
2 15
1 227
2 280
2 473
1 94
1 289
1 389
1 408
2 230
2 263
2 226
1 285
1 269
2 222
1 281
2 306
2 52
2 77
2 239
1 254
1 319
1 99
2 254
2 389
2 475
1 223
1 82
1 198
1 414
2 458
1 269
2 192
2 147
1 355
2 169
2 69
1 2
2 398
2 377
1 90
2 289
1 403
2 171
1 72
1 370
2 129
1 496
1 310
1 440
2 379
1 125
2 299
1 317
2 85
1 335
1 44
2 189
1 49
1 101
2 147
1 353
1 460
1 447
2 490
1 137
1 198
2 18
1 91
1 396
2 379
1 52
2 409
1 72
2 303
2 429
1 494
1 77
2 129
2 426
1 465
1 189
1 27
1 361
2 392
2 495
1 190
1 44
1 137
1 55
1 492
2 389
2 264
2 142
2 43
2 362
2 480
2 20
1 108
2 474
2 489
1 473
1 365
1 128
1 335
1 441
1 16
2 15
1 349
1 24
2 74
2 102
2 139
2 263
2 205
1 449
2 408
2 75
1 289
1 125
2 235
2 5
1 449
2 381
2 378
1 392
2 493
2 207
2 317
2 229
1 409
1 418
1 450
1 439
1 45
1 65
2 184
2 29
2 439
2 133
1 165
1 118
2 220
1 139
2 145
1 410
2 249
2 220
1 23
1 140
2 425
1 346
2 124
1 93
1 134
2 81
1 453
1 306
1 225
2 60
2 164
2 273
1 500
1 461
1 354
1 88
1 155
2 238
1 158
1 395
1 259
2 441
2 24
2 234
2 43
1 469
1 114
1 469
2 85
2 338
1 381
1 68
2 62
2 17
1 339
2 215
2 238
2 159
2 105
1 213
2 37
1 56
2 275
1 319
2 157
2 1
2 434
1 275
2 76
2 418
1 258
1 214
2 343
1 459
2 468
1 298
1 205
2 358
2 229
2 41
2 185
2 125
1 460
2 316
1 246
1 301
2 69
2 349
2 90
2 210
2 330
2 413
1 211
1 216
2 150
2 27
1 1
2 155
1 254
2 348
1 408
1 353
1 14
2 91
1 359
1 12
2 158
1 278
1 398
1 11
2 454
2 233
1 40
2 266
2 209
2 143
1 261
2 444
1 399
1 229
2 37
2 149
1 16
2 265
2 272
2 460
1 164
1 30
2 430
1 347
2 260
2 106
1 187
2 498
1 286
1 193
1 170
1 219
1 268
1 450
2 110
2 467
2 304
1 327
1 495
2 224
2 13
2 126
2 82
2 135
1 405
1 41
1 169
2 111
1 94
2 178
1 173
1 328
2 343
2 414
1 179
2 444
1 169
2 94
1 396
2 117
1 56
2 225
1 267
1 215
2 100
1 268
1 239
2 452
2 101
2 270
1 205
2 175
1 134
1 475
2 348
2 180
2 451
1 330
1 443
1 282
1 287
2 166
2 495
2 458
1 186
2 431
1 292
2 467
2 224
1 305
1 236
1 178
2 91
1 460
1 403
2 427
1 493
1 66
2 61
2 286
1 454
1 339
2 24
1 21
1 451
2 171
1 364
1 76
1 207
2 339
1 127
1 151
2 209
1 458
2 91
2 218
1 15
2 492
1 418
1 285
1 40
2 405
2 7
2 60
2 367
2 174
1 368
1 316
1 392
2 197
1 72
1 229
1 26
1 123
2 83
1 310
1 418
2 80
1 399
2 489
2 389
1 314
1 190
1 184
2 106
1 266
2 349
1 262
2 65
2 317
2 496
2 324
2 45
2 189
2 41
2 411
1 394
2 241
2 206
1 15
2 7
1 340
1 125
2 230
2 337
1 187
1 376
1 449
1 264
2 214
2 17
2 290
1 53
1 493
1 306
2 272
1 139
2 167
2 64
1 304
1 294
1 436
2 204
1 441
2 372
1 475
1 482
1 297
1 294
2 495
2 500
2 262
1 229
2 104
1 176
2 44
2 101
2 342
1 214
1 474
2 139
2 324
2 212
1 210
2 113
2 307
1 175
2 305
2 349
1 47
1 167
1 49
2 420
1 274
2 375
2 421
2 47
1 189
2 215
2 467
2 455
1 142
2 46
1 235
1 206
2 121
1 370
2 342
2 262
2 125
1 213
2 205
1 140
2 370
2 143
1 385
2 313
2 429
1 176
1 455
2 444
1 104
1 300
2 158
1 411
2 401
1 31
2 235
2 350
1 229
1 143
2 293
1 343
2 17
2 384
1 251
1 251
2 345
1 3
1 463
1 136
1 241
2 172
2 41
2 282
2 217
1 233
2 231
1 229
1 298
2 71
1 144
2 106
1 222
2 341
2 78
2 252
1 495
2 496
2 148
1 155
1 52
2 372
2 166
1 382
2 416
1 363
2 328
1 398
2 132
1 85
2 67
1 378
2 111
1 447
1 1
2 473
2 339
1 39
2 499
1 319
2 427
1 325
1 353
2 154
1 461
2 45
2 278
1 439
1 499
2 349
2 189
1 107
2 368
1 235
2 416
1 133
1 86
2 95
1 31
2 274
2 339
1 221
1 295
2 208
2 99
1 496
2 229
1 18
1 99
1 314
1 157
1 208
2 255
1 384
2 254
2 332
1 30
1 412
2 415
2 469
2 174
1 4
1 270
2 498
1 476
2 233
2 109
1 79
2 446
1 351
2 323
1 143
1 438
1 176
1 172
2 68
2 312
2 99
2 295
1 300
2 258
2 107
1 324
2 432
2 350
1 320
1 168
1 376
2 219
2 160
1 399
1 438
2 2
1 143
2 483
2 123
2 327
1 458
1 117
1 123
1 376
1 342
2 459
2 500
2 471
2 418
1 90
2 136
1 243
1 92
2 424
1 317
1 294
2 104
1 368
1 79
2 371
1 489
2 488
1 357
2 351
1 32
1 332
2 235
1 296
1 151
1 243
2 173
1 445
1 149
1 205
1 110
2 147
2 255
2 438
2 297
1 440
1 432
1 346
1 197
2 196
2 64
1 166
2 326
1 364
1 478
2 201
2 495
1 185
1 186
2 416
1 466
1 161
2 127
1 415
2 202
1 22
1 399
2 206
1 352
2 50
2 341
1 268
1 301
1 141
1 278
1 319
1 263
2 492
2 188
1 416
1 219
2 211
1 327
1 193
1 188
1 211
2 344
1 216
1 281
1 482
2 263
1 6
1 483
2 266
1 107
2 263
2 469
2 294
2 240
2 29
1 432
2 308
2 68
2 123
1 82
1 110
1 107
2 221
2 316
2 111
1 19
2 98
1 50
1 338
2 434
1 68
2 456
2 492
2 249
1 371
1 69
1 26
2 299
1 116
1 84
1 387
2 154
1 146
2 79
2 344
1 349
2 229
1 286
1 327
1 185
2 216
2 232
2 131
1 190
1 143
1 27
2 80
2 365
2 383
2 59
1 307
2 489
2 63
1 106
2 159
1 141
1 394
1 318
1 254
1 122
1 133
1 277
1 180
2 140
2 435
1 492
2 457
1 479
2 105
1 463
1 373
2 193
1 178
2 142
2 370
2 179
1 114
2 269
1 95
1 208
2 105
2 474
2 31
1 283
2 36
2 102
1 51
2 378
2 157
2 159
1 485
2 83
1 143
2 243
2 258
1 470
1 353
2 127
2 98
2 221
2 358
2 245
1 469
1 488
2 344
2 206
1 187
1 129
1 490
1 270
2 25
2 312
2 385
1 463
2 51
1 467
1 358
2 19
1 388
2 154
2 357
2 262
2 498
2 76
2 318
1 85
1 288
1 423
2 186
2 7
1 68
2 495
2 388
2 102
2 371
2 358
2 465
2 474
1 65
2 300
1 98
1 76
1 132
1 58
2 382
1 404
1 240
1 226
2 114
1 254
2 434
2 415
2 285
1 64
1 141
1 231
1 451
1 475
1 303
1 102
2 299
2 338
2 106
2 369
1 94
1 408
1 288
1 130
2 266
2 422
1 408
1 347
2 310
1 144
1 205
1 500
1 454
2 246
1 456
1 483
2 440
1 428
2 415
2 151
1 102
1 437
2 76
1 423
2 105
2 348
2 164
1 368
2 240
2 380
2 431
1 96
1 103
2 300
1 284
2 49
2 374
1 97
2 121
1 185
2 438
2 237
2 84
2 421
2 421
2 18
2 162
2 424
2 487
1 134
1 378
1 6
2 371
2 404
2 474
1 67
2 472
1 363
2 112
2 230
1 435
2 87
2 211
1 65
2 437
1 171
1 83
1 121
1 130
1 444
2 463
2 217
2 18
2 193
2 66
1 12
1 20
1 448
1 312
1 131
1 61
2 266
1 328
1 449
1 261
1 264
2 106
2 361
2 411
1 103
1 327
2 476
2 64
2 428
2 287
1 475
2 210
1 194
1 477
1 347
2 386
1 163
2 90
1 466
2 429
1 328
2 34
2 305
1 430
2 176
1 142
1 414
1 93
1 93
2 101
2 9
1 400
1 181
1 399
1 194
2 65
2 285
2 176
1 252
2 174
2 172
2 429
2 370
2 44
1 442
2 252
1 482
1 325
1 345
2 11
1 253
1 410
1 378
2 479
2 393
1 407
1 318
2 1
1 208
1 353
2 188
2 302
1 460
2 35
1 201
1 193
1 473
1 343
1 391
2 330
2 324
1 199
2 423
2 32
1 242
2 130
1 45
2 303
1 409
2 11
1 234
2 415
1 360
2 407
1 77
1 385
1 176
2 244
1 281
1 283
1 216
1 303
1 194
2 467
2 146
2 416
2 383
1 85
1 438
2 344
1 431
1 117
1 162
1 259
1 487
2 315
1 304
1 313
2 426
2 155
2 107
1 302
2 251
1 435
1 80
1 53
1 357
2 319
1 381
2 163
2 321
2 421
1 298
2 177
1 216
2 498
1 253
2 367
2 36
2 191
1 430
2 477
1 264
1 7
1 428
2 214
2 497
1 224
2 71
1 74
1 83
2 311
2 74
2 189
2 329
2 76
1 326
2 247
2 200
2 436
2 273
2 227
1 135
2 120
2 54
2 194
1 467
1 322
1 385
2 149
2 93
1 175
1 128
2 210
2 26
2 158
1 146
1 271
1 38
1 40
1 434
2 431
2 440
2 292
1 467
1 93
2 16
2 329
2 39
1 26
1 387
2 214
1 418
1 15
1 226
1 251
2 490
2 263
2 285
2 457
2 346
2 162
2 167
1 208
2 379
2 269
2 267
1 500
1 317
1 491
1 419
2 405
1 274
2 189
1 73
2 309
2 397
1 131
2 311
1 267
2 422
2 158
1 368
2 224
2 23
1 282
2 159
1 53
1 205
2 489
2 89
2 47
2 118
1 47
1 367
2 321
2 52
1 476
2 134
2 159
1 265
2 301
2 126
2 206
1 297
1 311
2 195
2 221
1 34
2 92
2 135
1 41
1 241
1 457
1 419
2 234
2 407
1 457
2 90
1 66
1 59
1 122
2 85
1 417
1 164
1 222
1 271
1 484
2 482
1 88
1 258
2 434
2 206
1 401
2 255
1 384
2 46
2 66
1 50
1 303
2 341
2 11
2 490
1 325
2 489
1 74
1 85
2 114
1 100
1 289
1 184
1 19
2 177
1 62
1 269
1 291
2 92
2 423
1 350
2 108
1 10
1 435
1 40
2 236
1 266
1 345
2 195
2 29
2 2
1 301
1 158
2 230
2 95
1 34
1 250
1 133
1 175
2 205
1 319
1 205
2 315
1 385
1 468
1 232
1 207
1 239
1 326
2 465
1 324
1 215
1 343
2 37
2 266
2 83
1 33
2 20
2 392
2 208
1 318
1 329
1 323
2 240
2 387
1 420
2 257
2 488
1 333
1 468
1 116
1 34
1 41
2 199
1 309
1 291
1 197
2 354
1 38
2 372
1 500
2 190
1 277
2 207
1 52
2 411
1 428
1 19
1 349
2 104
2 475
1 487
2 217
1 246
1 284
2 233
2 260
2 242
1 99
2 349
2 327
1 22
1 55
1 426
2 109
2 264
2 274
1 309
1 89
2 447
1 171
1 358
1 454
2 170
1 399
1 406
2 129
2 331
1 319
1 290
2 136
2 213
2 154
2 455
1 427
2 465
1 284
1 231
2 273
1 493
2 122
1 248
1 177
1 137
2 37
2 273
1 183
2 284
2 209
1 430
1 491
2 85
1 68
2 363
1 419
2 215
1 104
1 141
1 391
1 478
2 408
1 450
1 438
2 426
2 323
1 134
2 102
1 438
2 236
1 65
1 154
2 45
1 240
1 241
1 167
2 408
1 320
2 15
1 441
2 108
2 500
2 427
2 310
2 473
2 16
2 403
1 167
2 131
1 484
2 239
1 293
1 427
2 206
1 74
2 234
2 261
2 273
1 185
1 256
2 330
2 398
1 292
1 31
1 322
1 497
1 368
2 410
1 457
2 87
1 113
1 414
1 404
1 265
1 471
1 449
2 142
1 236
1 261
1 59
1 484
2 198
2 48
2 496
1 221
2 386
1 254
2 59
1 337
2 449
2 398
2 163
2 446
2 176
2 16
2 344
2 493
2 201
1 147
2 396
1 483
2 53
1 283
2 97
2 489
1 130
1 146
1 276
1 42
1 2
1 390
2 408
1 238
2 422
1 9
2 455
2 301
2 78
2 173
2 406
2 72
2 250
2 30
1 12
1 181
2 481
1 414
1 451
2 200
1 238
1 244
2 50
1 403
1 331
1 154
1 440
2 122
1 497
2 67
2 74
2 225
1 20
1 146
1 140
2 46
1 257
2 274
1 185
1 285
2 103
1 102
2 366
2 84
2 77
1 223
2 452
2 408
2 289
2 440
1 250
2 9
1 126
1 15
1 162
1 28
1 441
2 10
2 55
2 21
2 446
2 133
2 393
2 219
2 445
2 313
1 347
2 403
1 455
1 337
1 69
1 231
2 344
2 167
1 37
2 381
2 281
2 83
1 257
1 206
1 312
1 247
1 191
1 334
2 271
1 464
2 386
1 199
2 138
1 331
2 404
2 9
2 427
2 210
1 244
2 237
2 137
2 65
2 336
1 175
1 271
1 148
1 35
2 237
2 64
2 51
2 481
2 3
2 353
1 294
2 183
1 3
2 217
2 497
1 168
2 214
2 12
2 446
1 59
1 422
1 452
1 441
1 234
2 395
2 211
1 35
2 422
2 211
1 308
2 245
2 81
1 117
1 171
2 341
2 448
2 351
1 86
2 35
1 437
2 110
2 469
1 391
1 384
2 83
2 11
2 370
2 137
1 34
2 252
2 35
1 489
2 303
1 231
2 97
1 118
1 166
1 201
2 31
2 361
2 479
1 291
1 314
2 38
1 85
2 74
1 44
1 208
1 339
2 35
1 458
1 345
2 293
1 383
2 334
1 139
1 467
2 364
1 208
2 479
1 393
1 263
2 317
2 134
1 113
1 147
1 375
2 396
2 240
2 193
2 226
2 89
1 112
1 471
2 56
1 462
1 205
2 236
1 47
1 381
2 93
2 80
1 221
2 338
2 309
2 89
1 213
2 225
1 332
1 494
2 349
1 187
2 32
1 278
1 495
1 440
1 388
2 407
2 49
1 273
1 126
2 391
2 390
1 366
2 367
1 108
2 19
1 471
1 419
2 331
1 258
1 353
1 344
2 106
1 206
1 249
1 238
1 374
2 311
2 200
2 450
2 243
1 452
2 221
1 461
2 135
2 24
2 216
2 301
2 111
2 198
2 190
2 202
2 266
1 153
2 40
2 271
1 274
1 495
2 295
2 249
1 377
2 120
1 343
2 264
2 279
2 16
1 452
2 382
2 81
1 181
1 340
2 254
1 376
1 460
1 406
1 451
2 36
2 78
2 195
1 35
2 6
1 144
2 119
2 25
2 262
2 22
1 7
2 67
1 374
1 404
1 437
1 414
2 480
2 203
1 184
2 498
1 139
2 350
2 369
2 159
2 431
1 84
1 307
1 23
1 27
1 311
2 484
1 139
2 419
2 489
1 430
1 495
1 331
2 176
2 423
1 33
2 365
1 494
2 117
2 203
2 294
2 310
2 293
1 444
2 493
1 164
1 269
2 193
2 207
1 354
2 405
1 333
2 354
2 144
1 195
1 317
1 62
1 469
1 425
1 416
2 343
1 190
2 442
1 266
1 101
2 480
2 356
1 478
2 342
2 31
1 466
2 376
2 324
1 85
1 255
1 17
2 431
1 263
1 292
1 223
1 146
1 101
1 366
1 62
2 198
1 95
2 290
1 393
2 165
2 213
2 329
2 71
2 138
2 335
2 361
2 173
1 111
2 359
1 202
2 386
2 364
1 265
1 153
2 266
2 338
1 291
1 58
2 480
1 46
1 476
1 223
1 467
2 124
1 364
2 450
2 75
2 433
2 318
2 200
1 458
2 265
1 258
2 165
2 370
1 51
2 319
2 345
2 161
1 462
1 293
2 124
2 76
1 262
2 197
2 180
1 53
2 457
1 267
2 46
1 34
1 332
1 424
1 489
1 144
1 107
1 65
2 358
1 342
2 236
1 283
1 247
2 360
1 144
1 176
1 465
1 489
1 413
2 324
2 496
2 407
2 458
2 389
2 314
1 286
2 472
1 316
1 403
2 273
1 356
2 439
1 362
1 468
1 340
2 379
2 461
2 493
1 459
2 84
1 315
2 24
1 289
1 207
2 218
1 440
1 132
2 245
2 306
1 118
2 58
1 35
1 132
1 139
1 260
2 213
1 443
2 63
2 280
1 273
2 101
2 274
1 443
2 76
1 286
2 96
1 189
1 213
1 157
1 410
2 74
1 194
1 62
2 99
2 378
2 190
1 287
2 61
2 185
1 328
2 180
2 314
1 53
1 40
2 229
2 181
1 274
2 22
1 483
1 28
1 194
2 189
2 32
2 61
1 88
2 38
2 311
2 339
2 433
1 128
2 178
1 167
2 182
1 138
1 363
1 227
1 234
2 388
2 367
2 185
1 189
1 277
2 129
2 418
2 492
2 73
2 352
2 323
1 130
2 253
1 478
1 400
2 246
2 180
2 439
1 122
2 141
1 182
2 12
2 181
2 495
1 375
1 344
1 83
1 10
1 169
2 315
1 401
1 59
1 376
2 147
1 328
1 247
2 408
2 459
2 113
2 194
1 150
2 37
2 214
1 420
2 384
1 302
1 497
1 216
2 61
1 74
1 1
1 248
2 282
1 349
2 10
1 86
2 282
1 243
1 19
1 82
1 99
2 37
1 95
1 24
2 114
2 394
1 120
2 374
1 50
1 500
2 467
2 421
2 58
1 96
1 29
2 329
1 411
2 427
2 117
1 363
1 250
1 47
2 100
2 474
2 346
2 411
2 409
1 61
1 347
1 393
2 36
2 354
1 86
1 155
1 433
2 135
1 125
2 255
1 305
1 77
2 405
2 315
2 170
2 131
1 234
2 243
2 96
1 418
2 80
1 234
1 441
1 398
2 104
1 344
2 83
1 411
2 111
2 4
1 451
1 148
1 8
1 304
2 189
2 135
1 145
1 484
2 291
2 353
2 384
1 7
1 468
2 157
1 345
1 209
2 145
1 330
1 449
2 459
1 57
2 109
2 165
1 489
2 324
2 201
2 389
2 377
1 475
2 285
2 44
2 465
1 53
1 43
2 482
2 342
2 446
2 91
1 394
1 268
1 272
2 276
1 27
1 219
1 388
2 24
2 200
2 322
1 338
2 456
1 69
1 358
1 100
1 475
2 379
2 62
2 63
1 162
2 193
2 146
2 235
1 215
1 214
2 389
2 457
2 370
2 494
2 39
2 27
2 437
2 459
2 259
2 188
2 314
1 153
2 312
2 332
2 173
2 119
2 96
2 257
1 99
1 396
2 194
1 206
2 30
1 129
2 389
1 209
1 47
2 364
2 99
1 89
2 444
2 184
1 133
1 208
2 394
2 424
1 376
2 69
1 496
2 193
1 216
2 289
1 465
2 325
1 404
2 186
1 323
2 90
1 13
2 241
1 251
1 344
1 496
2 234
1 461
2 227
2 31
1 291
1 372
2 411
2 379
1 473
2 169
1 359
2 62
2 290
1 115
2 141
1 397
2 453
1 153
1 386
2 399
1 382
1 142
1 248
1 92
1 424
1 486
1 144
2 232
2 211
1 417
2 160
1 77
1 23
2 143
1 116
2 287
2 14
1 141
2 151
1 185
1 343
1 59
1 68
1 270
1 340
1 333
2 203
2 462
2 490
2 484
2 349
1 453
2 49
2 327
2 324
2 476
1 32
1 3
1 28
1 229
2 162
2 69
1 174
1 293
2 486
1 471
2 398
2 401
1 16
2 349
2 238
1 209
2 210
2 220
2 187
2 455
1 213
2 415
1 404
2 400
1 335
1 280
1 293
1 381
1 258
2 350
2 405
1 116
1 121
2 54
2 487
1 6
1 234
1 85
2 127
2 230
2 354
2 44
1 40
1 157
1 5
2 144
2 416
2 78
1 446
2 342
1 490
2 483
2 119
1 63
2 404
2 57
2 153
1 107
2 375
2 342
2 473
1 343
2 448
1 276
2 50
1 28
2 316
1 317
1 430
1 30
2 24
1 441
1 389
2 72
1 14
2 346
1 102
2 374
2 460
1 293
1 119
1 252
1 182
2 72
2 300
2 443
2 391
1 202
2 134
1 394
2 242
1 485
2 132
1 243
2 211
2 452
2 207
1 319
1 476
1 499
2 194
2 301
1 380
1 67
1 331
1 364
2 403
1 267
1 410
1 477
1 396
1 153
1 335
2 194
1 212
1 288
2 336
1 193
1 294
2 81
1 422
1 196
2 496
2 210
2 324
1 376
2 466
1 377
1 202
1 314
2 113
2 22
1 41
1 367
1 176
2 309
2 95
2 125
1 171
2 494
1 224
2 416
2 101
1 193
1 213
1 419
2 458
1 477
1 357
2 387
1 142
1 332
1 404
2 325
1 143
1 271
1 390
1 407
1 182
2 496
1 308
1 71
2 57
2 467
2 241
2 296
1 400
2 117
2 287
2 80
2 462
1 147
1 388
2 45
2 355
1 314
1 157
1 278
2 134
1 477
2 301
1 256
1 455
2 207
2 17
1 170
2 488
1 182
2 220
1 147
1 322
1 87
1 196
1 43
2 460
2 55
1 347
2 163
2 387
2 41
2 7
1 233
1 229
1 72
1 196
1 225
2 177
2 346
1 27
1 405
1 111
2 97
2 473
2 109
2 480
2 466
1 63
1 183
2 168
1 443
2 323
2 379
2 330
1 75
1 316
2 193
1 493
2 86
1 251
1 28
1 46
2 419
1 395
2 103
1 206
2 424
1 415
1 379
1 229
2 451
1 487
2 173
2 135
1 296
1 7
1 467
2 20
1 216
1 190
1 475
1 66
1 127
2 255
2 76
1 161
2 231
2 373
1 330
1 365
2 97
1 152
2 128
1 152
2 437
1 13
1 441
1 13
2 410
1 424
1 103
1 216
2 287
1 88
1 299
2 444
2 28
1 310
2 471
2 349
2 6
2 170
1 143
2 365
1 302
1 389
1 427
1 88
2 44
1 180
1 332
1 89
2 423
1 69
2 210
2 299
1 482
2 13
1 3
2 27
1 368
1 59
2 371
1 7
1 25
2 460
1 14
1 418
1 297
1 328
1 255
1 73
1 298
1 63
1 166
2 307
1 356
2 328
2 363
1 196
2 224
2 95
2 54
1 24
1 202
2 208
1 329
1 395
1 421
2 278
2 397
1 472
2 301
2 183
2 188
1 253
1 237
2 500
1 63
1 492
1 226
2 423
1 34
2 32
2 125
2 393
2 96
1 125
1 366
2 262
2 389
2 316
2 65
1 266
2 43
2 94
1 11
1 174
2 184
2 351
1 69
2 329
1 458
2 264
2 464
2 227
1 243
2 328
1 210
2 490
1 202
1 371
1 303
1 108
2 452
1 146
1 52
1 388
2 131
2 183
1 27
1 445
1 304
1 281
2 216
1 468
2 205
1 333
1 234
1 346
2 250
2 261
2 169
1 14
2 150
1 244
1 309
1 297
1 163
2 328
1 199
2 499
2 133
2 262
1 474
2 106
2 302
1 228
1 365
2 268
1 288
2 42
2 402
1 60
1 119
1 293
2 182
2 423
1 473
2 235
2 495
2 21
1 58
1 265
2 340
1 288
1 246
2 76
2 371
2 62
2 226
2 157
1 497
2 277
1 263
1 268
1 204
1 405
2 240
1 387
2 405
2 58
2 207
2 149
2 472
2 417
2 417
2 308
2 152
2 234
1 448
2 375
2 345
1 115
1 301
1 14
2 380
1 207
1 56
1 367
2 270
2 428
1 208
2 450
2 171
1 124
1 388
2 120
1 130
2 167
1 440
2 486
2 104
2 108
2 252
1 242
2 461
2 58
1 107
2 26
1 42
2 99
1 351
2 13
1 305
1 113
1 64
2 414
2 495
2 29
1 51
1 118
2 290
2 178
2 33
2 378
2 55
1 208
1 46
1 89
1 455
1 297
1 152
1 36
1 435
2 391
2 38
1 347
1 386
1 428
1 430
2 48
1 132
2 93
1 179
1 231
2 383
1 3
1 89
1 31
2 306
2 211
1 132
2 23
2 284
1 138
2 106
1 49
2 292
2 266
1 174
2 307
1 376
2 293
1 50
2 43
1 95
2 199
1 14
2 446
2 374
1 362
2 121
1 419
1 254
2 438
1 385
1 187
1 256
1 279
2 6
2 160
2 278
1 30
2 282
1 291
2 411
1 337
2 413
1 498
2 144
2 446
1 30
1 491
2 315
2 442
2 294
2 273
2 163
1 65
1 481
2 451
2 359
2 477
2 246
2 289
2 261
1 268
2 70
1 279
1 231
1 56
1 173
1 446
2 186
1 130
1 216
1 261
1 71
2 197
1 63
2 57
1 423
1 466
1 286
1 79
1 316
2 39
1 18
1 322
2 345
2 73
1 383
2 134
2 273
1 472
1 18
1 11
1 204
1 135
2 423
1 356
1 404
1 77
2 229
1 476
2 53
1 132
2 84
2 91
1 150
1 43
1 442
2 311
2 232
1 337
2 363
1 96
1 437
2 38
2 274
2 237
1 116
1 112
2 189
1 407
1 468
2 209
2 354
1 257
2 317
2 443
2 284
2 148
1 415
2 236
1 254
1 366
2 395
2 68
2 383
1 125
1 274
2 110
2 204
1 416
1 458
1 254
2 452
2 164
1 290
2 54
2 74
2 411
1 247
1 255
2 155
2 330
2 415
2 259
2 156
1 342
2 236
1 409
2 348
1 405
2 174
1 179
2 228
1 419
1 271
2 307
1 255
1 206
2 279
1 139
1 342
2 251
2 428
2 467
2 83
2 412
1 180
1 207
2 235
2 437
1 353
2 283
2 82
1 479
1 155
1 146
1 450
1 424
2 406
2 151
1 113
1 448
2 208
1 403
1 334
2 299
1 433
2 144
2 272
1 226
2 91
2 274
1 118
1 416
1 144
2 363
1 332
1 400
2 167
2 481
1 493
2 37
1 212
1 440
2 6
2 113
1 240
2 488
2 140
2 232
2 173
2 390
2 108
1 43
2 444
2 478
1 6
2 361
2 46
1 403
2 21
1 499
1 106
1 116
2 92
1 379
2 498
1 121
2 409
2 83
1 390
2 140
2 75
1 167
1 356
2 375
1 288
2 135
2 62
1 341
2 301
2 121
1 339
2 255
2 256
2 99
2 249
1 95
2 441
2 147
1 181
2 171
2 97
2 213
1 407
1 366
2 272
2 357
1 227
2 209
1 299
2 330
1 248
1 74
1 184
1 484
2 296
1 333
1 311
2 105
2 450
2 275
1 457
2 35
2 445
2 369
1 253
1 495
1 474
1 40
2 492
2 373
2 380
2 383
1 454
2 110
2 457
2 328
2 219
2 300
1 457
1 259
1 365
2 61
1 172
1 347
2 326
2 154
1 128
1 99
2 374
2 187
2 445
2 447
2 229
1 326
2 413
1 246
1 188
2 319
1 110
2 78
1 236
2 345
2 470
2 147
1 151
2 378
2 199
1 110
2 422
2 464
1 223
2 315
1 71
1 325
2 150
2 320
2 485
1 303
2 458
2 150
2 134
2 407
1 54
1 111
2 155
1 13
2 486
2 342
2 164
2 441
1 69
1 254
2 275
2 359
1 357
1 192
1 238
2 174
1 466
1 118
1 61
1 52
1 161
1 306
1 412
1 341
1 357
2 384
2 3
2 215
2 454
1 201
1 356
1 483
1 361
1 145
2 434
2 22
1 294
1 269
2 425
1 36
1 408
2 116
1 13
1 120
2 88
1 10
2 45
1 116
2 295
2 29
1 161
2 25
1 230
1 10
1 107
2 139
1 315
2 275
1 436
1 498
2 214
2 318
1 202
2 367
1 397
2 428
2 149
1 362
1 97
2 236
2 267
1 420
1 332
1 261
1 88
1 142
2 116
2 262
2 96
1 16
1 227
2 253
2 99
1 105
2 189
1 102
2 417
2 36
2 67
1 220
1 257
2 158
1 24
2 392
2 103
1 462
2 54
1 55
1 180
2 199
1 202
1 322
2 172
1 219
1 209
1 243
1 150
1 189
2 375
2 143
2 340
2 157
2 318
2 397
2 222
2 216
2 394
1 393
2 451
2 155
2 252
2 476
1 1
2 278
2 97
2 351
1 25
2 32
1 69
1 395
1 22
1 417
2 351
2 36
2 124
1 312
2 438
2 128
1 303
1 164
2 178
1 38
1 224
1 99
2 201
2 286
2 455
1 193
2 363
1 458
1 417
2 212
2 55
1 496
1 97
1 460
1 229
1 179
2 271
2 97
2 270
1 397
1 436
1 380
1 317
2 135
1 457
1 292
1 37
2 73
2 2
1 110
2 233
1 35
2 417
2 178
1 216
1 113
2 15
1 152
1 181
1 417
2 484
1 500
1 50
1 357
1 308
1 134
1 310
1 247
1 2
1 115
2 349
2 72
1 422
2 47
1 361
2 443
1 374
1 215
2 218
2 326
2 241
2 416
1 478
1 127
2 437
2 400
1 171
2 1
1 45
2 398
2 361
1 248
1 485
2 8
1 237
1 78
2 496
1 230
1 359
1 156
1 300
2 433
1 377
2 118
1 331
2 178
2 206
1 276
1 92
2 96
1 172
2 9
1 370
1 493
2 298
1 376
2 55
1 271
2 444
1 56
1 254
1 316
2 11
2 352
1 429
2 133
2 324
2 120
2 83
1 125
1 111
1 328
2 11
1 300
1 189
2 79
1 440
1 456
1 188
1 403
2 458
1 69
2 28
1 326
1 151
1 341
2 154
2 130
1 470
2 470
2 487
1 156
2 146
1 228
2 271
2 301
1 18
2 9
2 408
1 359
1 487
2 171
1 219
1 8
2 432
2 403
1 228
1 196
2 169
1 410
2 406
1 167
2 283
2 171
1 212
2 100
1 80
1 42
1 421
2 190
1 377
1 473
1 150
2 329
1 444
1 109
2 299
2 475
2 153
2 123
1 378
1 265
2 343
1 106
2 354
1 318
1 239
1 186
1 310
1 410
2 103
1 453
2 496
2 334
1 276
1 363
2 381
2 461
2 285
1 337
1 65
1 72
1 295
2 247
2 474
1 209
1 229
1 328
1 292
2 223
2 172
2 423
1 64
2 126
1 153
1 189
2 319
1 76
1 368
2 422
2 182
1 268
2 495
1 486
2 312
2 205
1 145
1 35
1 214
2 259
1 326
1 287
2 59
1 462
2 388
2 471
1 364
2 184
2 38
2 497
2 229
2 184
1 32
2 285
1 83
1 463
1 343
2 404
2 463
2 31
1 451
1 271
2 444
1 377
2 475
2 181
2 277
2 280
2 287
2 258
2 460
1 128
1 321
1 406
2 100
2 336
2 142
2 217
2 264
2 269
1 317
2 145
2 17
1 457
2 340
1 375
2 286
2 156
1 386
1 444
2 202
2 387
2 237
2 131
2 195
2 90
2 51
1 308
1 10
1 74
2 330
2 204
2 303
2 424
1 272
2 24
2 497
2 19
1 365
2 234
1 251
2 274
1 261
2 73
1 197
1 174
1 446
2 344
1 88
2 287
2 485
2 36
2 425
1 66
2 259
2 200
2 326
1 14
1 406
1 59
1 436
1 331
2 461
1 333
1 144
2 110
1 485
2 461
2 403
1 50
2 29
2 373
1 426
2 143
1 176
2 489
2 284
1 48
1 345
1 143
2 54
2 468
2 101
1 151
2 158
1 367
1 153
1 95
1 330
2 113
2 141
1 320
1 273
2 372
2 98
1 309
2 470
2 393
2 408
1 425
2 95
1 306
2 383
1 29
1 340
2 68
1 94
2 108
1 105
2 187
1 344
2 57
1 123
2 236
2 492
1 151
2 451
2 37
2 208
2 248
1 58
1 379
2 54
1 73
2 464
2 212
1 105
1 325
1 69
1 314
1 219
1 350
1 272
2 206
1 303
1 379
1 121
2 67
1 243
2 184
1 249
1 69
2 367
2 284
2 452
2 199
2 413
1 44
1 286
2 367
2 54
2 152
1 354
1 200
1 356
2 357
1 130
1 161
2 318
1 283
1 245
2 144
2 381
2 44
1 287
2 106
2 359
1 218
1 327
2 11
2 152
1 342
2 293
1 481
1 298
1 83
1 244
1 402
1 264
2 142
2 411
2 95
1 60
1 333
2 433
1 125
1 63
1 68
2 468
2 316
2 312
2 362
2 476
2 383
1 263
1 142
1 326
1 443
1 399
2 124
2 470
1 118
1 213
1 238
1 86
1 500
2 156
2 155
2 327
2 74
1 264
2 115
1 154
2 327
2 35
1 87
2 49
2 240
2 242
1 497
2 235
1 75
1 61
2 76
2 470
1 328
2 68
1 174
1 350
1 478
2 301
1 241
2 120
1 314
2 309
1 39
2 157
2 284
2 46
1 456
2 361
2 99
1 225
2 353
1 476
1 458
2 246
1 477
2 30
1 430
1 451
1 233
1 433
1 28
1 227
2 492
2 118
1 71
1 66
2 267
1 105
2 170
1 126
1 418
2 288
2 345
1 167
2 49
2 444
2 428
2 411
2 313
1 212
2 221
1 158
1 171
1 64
1 315
2 189
1 48
1 283
1 418
2 320
1 399
2 246
1 137
2 448
1 388
2 184
2 140
2 448
1 158
2 353
1 403
1 408
1 369
1 193
1 342
1 308
1 127
2 269
2 413
1 416
2 78
1 261
1 496
1 379
1 70
1 125
1 125
1 274
2 425
1 335
1 478
1 209
1 46
2 70
2 44
1 111
1 289
2 191
1 430
2 289
2 4
1 322
1 149
2 177
1 61
2 43
1 4
1 197
2 80
1 211
1 455
2 449
2 43
2 231
1 263
2 174
2 284
1 98
2 442
1 210
1 488
1 243
2 207
2 244
2 57
1 114
2 127
1 310
2 404
1 345
1 410
1 284
1 365
1 330
2 359
2 160
2 494
2 41
2 45
1 339
2 238
1 168
1 365
2 236
1 368
1 285
2 450
2 174
1 154
2 324
1 393
1 62
2 90
2 439
1 238
2 439
2 80
1 190
1 434
1 415
2 357
2 429
1 471
2 324
1 105
2 192
1 334
2 88
2 59
1 261
2 154
2 123
2 156
2 28
2 442
1 241
1 344
2 160
2 271
2 142
1 333
2 429
2 438
1 441
1 393
2 496
1 251
2 482
1 135
2 198
1 154
1 77
2 107
1 163
2 422
2 456
2 489
1 421
1 251
2 478
2 266
2 244
1 91
2 126
2 437
2 4
1 113
2 291
2 20
2 299
1 461
2 196
1 342
1 79
2 32
1 439
2 29
2 17
2 259
1 400
1 316
2 489
1 335
2 498
2 84
2 148
1 255
2 345
1 14
1 40
2 331
2 194
2 13
1 34
2 203
2 170
1 187
2 298
1 289
2 80
1 147
2 268
2 273
1 349
1 387
1 182
1 218
2 132
1 436
2 205
1 301
1 8
1 236
2 213
2 155
1 100
1 370
2 202
1 479
1 131
2 290
1 286
2 39
1 89
1 286
2 464
2 222
2 74
1 127
1 186
2 429
2 434
1 152
1 495
1 37
2 198
1 436
1 333
1 253
2 300
1 269
2 124
1 85
2 151
2 186
1 195
1 473
2 115
1 264
2 457
1 85
1 478
2 489
1 198
2 286
2 131
1 463
1 395
2 303
1 109
1 233
1 306
2 284
1 384
2 233
1 50
2 346
2 189
1 40
2 427
2 87
2 230
1 162
2 448
1 22
2 156
1 64
2 15
2 84
1 97
1 90
1 133
2 25
2 472
1 411
1 241
1 306
1 399
1 446
1 135
2 254
1 425
2 454
2 367
1 188
2 205
2 109
2 63
2 362
2 400
1 284
1 121
1 462
2 113
2 217
2 226
1 241
1 343
1 440
2 435
2 172
1 256
1 180
1 468
2 204
2 17
1 359
2 133
1 360
2 226
1 343
2 101
2 304
2 481
2 152
2 74
2 258
2 306
1 498
2 34
1 491
1 245
2 391
2 20
1 121
1 29
2 400
2 398
1 424
1 298
2 496
2 101
1 51
1 395
2 382
1 306
1 330
1 73
1 426
1 173
1 41
2 360
2 181
2 496
1 486
2 382
1 368
1 87
1 443
2 22
1 112
2 48
2 228
1 364
2 415
1 402
1 88
1 248
2 370
2 428
1 239
1 41
1 495
2 376
1 311
2 113
1 76
1 67
2 335
1 160
1 318
2 57
2 174
1 229
1 46
2 103
1 318
2 242
1 473
2 453
2 217
1 408
1 429
1 299
1 108
1 365
2 18
2 33
1 76
1 87
2 270
2 108
2 387
2 102
2 317
2 345
1 472
1 29
1 430
2 367
2 284
2 313
1 3
2 197
1 310
2 402
2 175
1 369
2 358
2 271
2 377
2 264
1 70
1 451
2 471
1 35
1 252
2 259
2 396
2 36
2 441
1 136
2 447
1 27
1 326
2 34
1 115
2 105
2 441
1 35
2 77
1 16
1 120
2 286
2 81
1 72
1 111
2 488
2 62
2 64
1 367
1 145
1 246
1 18
1 157
1 448
2 325
1 412
2 90
1 311
1 371
1 395
2 440
2 241
1 101
1 445
2 105
2 152
2 190
2 240
1 425
1 430
2 3
1 45
1 391
1 465
2 89
1 445
2 446
2 234
1 192
1 364
2 118
1 351
1 388
1 5
1 481
2 413
2 128
2 278
1 312
2 482
2 306
1 281
2 314
1 148
2 43
2 153
1 230
2 319
1 149
1 281
2 110
2 316
2 150
2 458
2 39
2 65
1 216
2 298
2 210
2 385
1 160
1 116
2 244
1 358
1 461
2 373
1 183
1 10
1 132
2 349
2 405
2 218
1 110
1 352
2 312
2 275
2 126
1 212
2 27
2 465
1 59
2 409
1 376
2 277
2 237
2 233
1 390
2 465
2 170
2 21
2 405
2 304
1 36
2 102
2 287
1 402
1 254
1 291
2 432
2 192
2 396
1 162
2 78
1 487
2 146
2 80
1 154
2 283
2 453
2 455
2 154
1 436
1 222
1 92
2 497
2 25
1 411
1 28
1 16
1 87
2 372
1 415
2 104
2 418
1 285
1 146
2 432
1 50
2 11
2 9
2 276
1 250
1 71
2 25
1 494
2 451
1 332
2 94
2 265
2 194
1 87
1 192
1 273
2 374
2 381
1 142
1 267
2 45
1 372
1 127
2 384
2 82
1 497
1 354
1 390
1 15
1 239
1 345
2 446
1 145
1 452
1 186
1 29
1 259
1 151
1 116
2 166
1 454
2 77
2 276
1 206
1 294
1 495
1 158
1 208
2 469
2 440
1 228
1 384
2 71
1 224
2 420
2 88
2 403
1 384
1 481
2 171
1 237
2 264
1 456
2 48
2 333
1 430
1 11
2 250
1 199
2 120
1 66
2 195
1 222
1 350
1 18
1 180
1 37
2 500
1 117
2 120
2 238
1 360
2 214
1 182
1 434
2 234
2 359
1 319
1 357
1 337
1 39
1 332
2 458
2 419
1 81
1 374
2 439
1 271
2 47
1 268
1 104
2 183
1 280
2 97
1 372
2 214
1 449
2 189
1 79
2 184
2 348
2 181
2 494
2 291
1 402
1 372
2 263
1 170
1 406
1 382
2 199
2 390
2 491
1 256
2 36
2 79
1 348
1 22
2 62
1 381
1 73
1 172
2 157
1 229
1 459
1 42
2 56
2 155
1 361
2 318
1 201
1 131
1 359
1 241
2 167
2 236
1 76
2 426
1 100
1 497
2 115
1 67
1 24
1 419
1 336
1 484
1 484
1 288
1 118
1 114
1 352
2 375
2 108
2 10
2 306
1 117
2 99
1 294
1 257
2 358
1 448
2 331
2 306
1 477
2 497
1 411
1 291
2 126
1 289
2 308
2 196
2 219
1 108
1 268
1 76
2 159
1 317
2 306
1 459
1 101
2 224
2 7
1 499
1 467
1 119
1 234
1 50
1 460
2 167
2 224
2 203
1 266
2 75
2 344
2 57
1 191
1 306
2 349
2 329
2 444
2 440
2 464
1 332
2 498
1 353
1 240
2 159
2 277
2 280
2 117
1 416
1 319
1 4
2 378
1 333
2 482
1 349
1 113
1 72
2 177
2 36
2 331
1 125
1 279
1 432
2 443
2 54
2 272
1 131
2 93
2 173
2 439
2 76
2 52
2 13
2 423
1 349
1 446
2 65
1 81
1 322
2 194
1 488
1 137
1 318
2 285
2 359
2 363
1 125
2 433
1 495
2 389
2 164
1 19
1 261
2 75
2 474
2 310
2 438
1 282
2 378
1 245
2 492
1 374
2 374
1 106
1 365
1 266
1 180
1 108
1 235
1 374
1 154
2 20
2 332
2 198
1 71
1 150
1 253
2 178
1 181
2 49
2 129
1 424
1 98
2 451
1 269
2 243
1 359
1 217
2 266
1 104
1 59
2 250
1 479
2 493
2 414
1 55
1 355
2 53
1 65
2 487
2 179
2 107
1 342
2 80
1 88
2 147
1 139
1 161
2 175
1 128
1 47
1 333
2 216
2 57
2 239
2 465
1 124
2 307
2 245
1 276
1 272
2 182
1 170
1 230
1 199
2 283
2 243
2 498
1 351
1 90
1 96
2 211
2 329
2 388
1 106
2 109
2 437
1 490
2 484
2 302
1 76
2 279
1 51
1 127
1 181
2 195
1 475
2 347
2 273
1 80
1 100
2 254
2 330
2 495
2 313
1 199
1 232
2 57
2 104
1 388
1 456
1 411
1 338
2 436
1 46
1 487
1 56
1 34
2 186
1 50
1 323
1 238
2 428
1 189
2 181
1 18
1 9
1 417
1 389
2 455
1 220
2 431
2 384
1 159
2 491
1 418
1 159
2 220
1 153
1 320
2 335
2 321
2 117
2 40
2 441
1 142
1 138
2 286
2 388
2 293
2 208
1 44
2 69
2 304
2 374
1 405
1 312
2 402
1 314
2 136
1 286
1 118
2 202
2 147
2 51
2 319
2 500
1 477
1 328
1 140
2 107
2 260
2 473
2 198
1 305
1 244
1 315
2 216
1 115
1 456
1 152
2 276
1 340
1 423
1 383
2 220
1 459
1 260
2 344
2 69
2 346
1 442
1 24
1 27
1 371
2 7
2 109
1 26
1 385
1 467
1 10
2 109
1 18
1 103
2 28
2 213
1 186
2 385
2 312
1 50
1 246
2 56
1 42
2 153
2 29
1 194
1 158
1 62
2 373
1 239
1 38
1 125
2 106
1 283
2 273
1 302
1 444
1 371
1 290
2 412
1 346
2 60
2 110
2 29
1 136
1 233
2 71
1 395
1 71
2 296
2 64
2 360
1 306
1 345
1 456
1 265
1 64
1 156
2 296
2 358
2 156
1 455
1 151
2 253
2 229
1 415
2 496
1 4
1 355
1 101
2 455
2 464
1 393
2 394
1 7
2 471
1 44
2 239
2 478
2 119
1 38
1 202
1 159
2 39
1 404
2 28
1 355
2 227
2 313
1 287
1 74
2 333
1 237
1 16
1 414
1 124
1 19
2 189
1 234
2 43
2 69
1 347
2 412
2 22
1 397
1 247
1 268
1 291
1 3
1 70
1 144
2 71
1 369
2 191
1 189
2 91
2 6
2 32
2 213
2 345
2 64
2 135
2 22
2 186
1 83
2 144
1 151
1 239
1 177
1 325
2 366
2 122
1 203
2 140
1 57
1 228
1 75
1 302
1 139
2 324
2 298
2 150
1 32
1 319
1 21
1 425
2 262
1 110
2 402
2 84
1 85
2 429
2 377
1 458
2 272
2 439
2 451
1 369
2 327
2 394
1 34
1 86
1 215
2 112
1 147
2 425
2 357
2 93
2 286
2 99
1 35
2 478
1 476
1 172
2 237
2 2
1 235
2 417
2 133
1 417
2 74
2 362
2 398
1 367
2 208
1 444
2 354
1 284
1 471
2 484
2 371
2 329
2 423
2 258
2 125
1 37
1 218
1 332
2 56
2 354
2 16
2 61
2 422
1 50
2 150
2 303
2 221
2 329
2 228
1 401
1 463
1 253
2 39
2 351
1 135
1 61
1 353
2 370
1 317
1 370
1 8
2 190
2 155
2 223
1 308
1 437
2 265
1 155
2 274
2 249
1 61
2 409
2 281
1 390
2 401
1 415
2 136
1 137
1 326
2 24
1 38
1 460
1 1
1 309
1 322
2 385
1 217
2 146
2 423
1 298
2 351
1 231
1 19
2 127
2 430
1 34
2 314
2 473
1 458
2 440
2 189
1 13
2 469
1 105
2 397
1 213
2 465
1 84
1 14
2 32
2 64
2 114
2 57
1 191
1 366
1 496
1 157
1 310
2 18
1 15
1 168
1 13
1 23
1 319
1 158
1 331
1 266
1 450
1 381
1 39
1 325
2 3
1 394
1 458
2 281
2 177
1 404
2 284
1 488
1 165
1 156
2 71
2 142
1 95
1 364
2 471
1 371
2 21
2 340
2 175
2 155
2 420
1 95
2 335
2 9
2 432
1 346
1 436
2 225
1 361
1 219
2 128
2 360
1 353
2 330
1 171
1 82
2 41
2 497
2 111
2 226
1 20
2 99
1 261
2 41
2 115
2 156
1 348
2 93
1 65
2 79
1 258
2 178
2 41
1 25
2 31
1 248
1 24
1 209
2 20
1 257
1 8
1 431
2 482
1 407
2 298
2 486
2 349
2 205
2 40
1 243
1 183
1 324
2 187
1 195
2 133
2 44
2 67
2 199
1 202
2 298
2 294
2 257
1 297
1 235
2 395
2 258
2 319
2 487
2 465
2 415
2 484
2 441
1 137
1 153
1 448
2 188
2 233
1 235
1 257
2 70
2 297
2 80
2 260
1 324
1 451
1 24
1 48
2 39
1 308
2 21
2 141
1 200
1 4
1 459
1 106
1 263
1 58
1 221
2 111
1 244
2 281
1 346
2 436
1 364
2 75
2 201
2 148
1 292
2 37
1 411
1 481
2 44
2 366
1 207
1 159
2 37
2 70
1 471
2 118
2 451
1 275
2 110
1 107
1 73
2 355
2 285
1 359
1 374
1 295
1 51
2 382
2 243
2 173
1 159
1 252
2 185
1 316
1 447
1 47
2 64
1 205
1 237
2 379
1 138
2 393
2 329
2 479
1 77
2 137
1 144
1 48
1 265
2 122
2 136
1 82
1 421
1 251
2 201
1 470
1 6
2 230
2 489
2 258
2 211
1 4
2 485
1 34
2 118
2 311
1 175
1 305
2 382
2 456
1 36
2 271
1 491
2 228
2 61
2 248
2 82
2 329
1 6
2 18
1 369
1 377
2 424
2 490
2 439
2 238
2 73
1 368
1 360
2 246
1 283
2 395
1 448
2 485
2 289
1 428
1 181
1 52
1 40
2 260
2 189
2 305
1 209
1 29
1 470
1 340
1 471
1 171
1 12
2 426
2 156
1 458
1 361
2 144
2 254
2 231
1 104
2 259
1 58
2 231
2 117
1 482
2 359
1 208
2 306
2 171
2 338
1 500
2 340
2 303
2 102
2 91
2 67
2 368
1 340
1 2
1 372
2 394
1 134
2 100
2 85
1 103
2 101
1 325
2 301
2 89
1 159
2 458
2 380
2 200
2 274
2 26
2 35
2 227
1 371
1 310
2 300
1 81
1 69
2 396
2 383
2 270
2 163
2 469
1 403
1 464
2 220
2 173
1 259
2 273
2 429
1 288
1 197
1 183
1 125
2 486
2 63
1 252
2 334
1 323
2 240
1 265
2 275
2 417
2 392
2 14
1 123
2 251
2 20
2 436
1 363
1 3
2 381
1 206
1 325
1 154
1 313
1 227
2 411
2 472
1 183
2 473
2 137
2 328
1 7
2 152
1 388
1 498
1 259
2 186
2 82
2 499
2 109
2 185
2 219
1 320
2 492
1 410
1 366
2 488
1 203
2 445
2 292
2 62
1 201
2 484
2 438
1 29
1 58
2 416
1 221
2 381
1 230
1 396
2 230
2 170
1 21
2 226
1 113
1 65
2 238
1 447
2 30
2 424
2 392
2 67
1 129
2 27
1 88
1 156
2 156
1 100
1 144
1 191
1 317
2 420
1 303
2 433
1 193
1 122
1 399
1 399
2 134
1 237
2 199
1 389
2 69
2 382
1 166
2 319
1 179
2 239
2 457
2 16
2 231
1 289
2 177
2 359
2 112
2 383
2 339
1 369
2 112
1 323
2 174
2 462
2 83
1 185
2 427
2 244
2 190
1 489
1 218
2 28
1 146
2 196
1 34
1 94
2 165
1 125
2 409
1 43
2 489
2 86
2 279
2 423
1 212
2 186
2 462
2 462
2 475
2 442
1 72
2 356
2 303
1 279
2 269
2 405
1 399
1 24
1 170
2 349
2 61
1 162
1 451
2 480
2 484
2 137
2 308
1 495
1 176
2 172
1 445
1 405
1 418
2 225
2 79
2 320
2 311
2 365
2 159
1 389
1 469
2 401
1 221
2 237
1 372
1 43
1 335
1 11
1 228
2 43
1 12
1 148
1 46
1 138
1 60
1 198
1 403
1 155
2 196
2 370
2 150
1 383
1 211
2 440
1 332
1 299
2 47
2 220
1 310
2 499
2 234
1 248
1 497
1 258
2 496
2 111
2 243
2 333
2 90
1 95
2 457
2 467
2 191
1 150
2 246
1 73
2 196
2 467
1 426
1 236
1 55
2 418
2 191
1 101
1 225
2 404
2 292
1 387
1 259
1 186
1 36
2 187
2 431
2 274
1 228
1 129
1 208
2 430
1 148
2 382
2 429
2 405
1 7
1 54
2 179
2 473
1 349
2 296
2 311
1 339
1 283
2 172
1 217
2 91
2 483
1 441
1 109
2 483
2 340
1 231
2 127
2 84
2 361
1 310
2 153
1 413
2 318
1 276
2 388
1 455
2 42
2 134
1 443
1 264
2 4
1 5
1 49
1 308
2 171
2 284
2 468
1 257
1 131
1 24
1 454
1 240
2 76
2 144
1 193
2 4
1 456
1 29
1 448
1 265
1 157
1 441
1 447
2 113
2 285
1 298
1 317
1 232
1 114
2 114
1 337
2 353
1 125
2 148
1 421
1 41
2 163
2 404
2 382
2 389
1 4
1 403
2 75
1 416
2 64
2 198
1 498
2 395
1 135
1 397
2 157
2 335
2 270
2 131
2 107
2 316
1 57
1 282
2 407
1 23
1 430
2 425
2 475
2 252
2 213
1 368
2 85
1 392
1 292
1 356
1 245
2 360
2 92
2 283
1 42
1 23
1 378
2 250
1 265
1 312
2 1
2 50
2 233
2 290
1 166
2 422
1 167
2 210
1 273
2 311
2 2
2 138
2 279
2 434
1 92
2 224
2 276
2 29
1 65
2 383
2 167
1 492
1 436
1 295
2 250
1 227
2 438
1 333
2 306
1 464
1 362
2 194
2 312
1 348
1 244
2 310
2 238
1 96
1 59
1 86
1 347
1 410
2 231
1 205
1 359
1 137
1 354
1 413
2 404
1 245
2 342
1 409
1 59
1 457
2 98
1 276
1 57
2 80
2 278
1 26
1 303
2 412
2 344
1 173
2 435
2 246
2 175
1 60
2 362
1 202
2 261
2 254
2 14
1 307
2 321
1 131
1 198
1 132
1 217
1 288
2 425
2 131
2 391
1 35
1 57
1 62
2 65
2 337
1 352
2 72
2 179
1 148
1 447
2 417
2 434
2 166
1 441
1 160
2 338
2 82
1 282
2 415
1 162
2 127
2 98
2 37
1 104
1 3
2 314
1 65
1 180
1 309
1 230
2 451
2 163
1 164
1 231
1 142
1 33
1 256
1 318
2 257
1 180
2 176
1 382
1 93
2 174
2 33
2 221
2 321
2 70
1 179
1 414
1 191
1 439
2 427
2 443
2 382
1 497
2 467
2 500
2 291
2 312
2 279
1 9
2 267
2 435
2 378
1 116
2 497
1 219
2 14
2 161
2 134
2 155
2 387
2 11
1 31
1 204
1 58
2 260
1 495
1 472
1 245
2 144
2 196
1 219
1 226
2 456
1 36
2 312
1 469
1 303
2 348
2 160
2 423
1 432
2 465
2 140
1 45
1 154
1 349
2 301
2 251
2 434
1 71
2 412
2 418
1 37
2 424
2 373
1 468
1 466
1 262
1 141
1 241
2 398
2 19
1 15
2 306
1 259
1 44
1 414
1 439
2 430
2 351
2 412
1 310
1 101
1 335
1 229
2 240
1 219
1 176
1 378
2 33
1 209
2 361
1 242
1 128
2 366
1 177
2 147
2 358
1 262
1 193
1 322
1 320
2 41
2 274
1 327
1 110
2 86
1 361
2 121
1 202
1 170
1 467
1 420
1 267
2 368
2 23
2 242
1 81
1 188
1 404
1 364
2 253
2 334
2 480
2 304
2 144
2 262
1 141
1 286
2 214
2 218
1 45
2 429
1 93
1 183
1 334
1 8
1 347
2 50
1 499
2 358
2 178
2 104
1 4
2 76
1 245
2 157
1 252
1 119
1 405
2 191
1 51
1 175
2 242
1 74
2 281
2 87
1 105
1 127
2 283
1 178
2 495
1 372
1 123
1 293
1 495
2 117
2 384
1 293
2 367
1 69
2 352
2 456
1 49
1 416
2 136
2 61
1 131
2 431
2 274
2 280
1 57
2 164
1 188
1 120
1 25
2 405
1 47
1 184
2 294
2 277
2 44
1 262
1 270
1 426
2 266
1 163
1 454
1 465
2 486
1 250
1 476
1 238
2 14
2 469
2 19
1 87
1 83
1 87
1 391
2 98
1 422
1 329
2 438
2 219
2 80
1 284
1 474
2 430
2 145
1 497
1 495
2 429
2 134
1 132
1 380
1 179
2 341
2 27
1 3
2 404
1 416
1 489
2 412
1 227
2 20
2 424
1 9
1 295
1 219
1 17
1 7
2 250
1 405
1 329
2 224
2 341
1 272
2 380
2 451
2 443
1 33
1 335
1 70
2 35
1 407
1 238
2 450
2 112
2 467
2 113
1 173
2 33
1 486
2 330
1 75
2 109
2 490
2 352
2 424
2 347
1 142
1 94
2 274
1 297
1 498
1 134
1 66
1 317
2 282
1 42
1 122
1 315
1 445
1 22
1 256
1 49
2 155
1 340
2 51
1 372
1 397
2 69
2 23
2 217
1 235
2 12
1 260
1 319
1 47
2 423
2 60
2 51
2 317
1 347
2 378
1 267
1 427
2 440
2 72
2 456
1 119
2 161
1 496
1 434
2 172
1 197
2 31
2 149
2 489
2 417
1 269
2 343
2 370
2 495
2 143
1 98
2 269
1 342
1 441
2 158
1 483
1 47
2 453
2 415
2 246
2 10
1 14
1 208
2 338
1 175
1 3
1 444
2 233
1 387
1 412
1 489
1 102
2 462
1 82
1 50
2 207
2 192
1 114
2 306
1 452
1 135
1 455
2 77
2 68
2 64
2 358
2 77
2 439
1 216
1 266
2 198
1 175
2 395
2 139
1 444
1 383
1 396
2 360
1 227
2 286
2 110
2 195
1 306
2 279
2 5
1 138
1 219
1 443
2 452
2 16
2 375
1 325
1 438
1 93
2 167
1 159
1 224
2 165
2 337
2 402
2 339
2 247
2 350
2 374
1 473
2 48
2 491
1 468
1 112
1 296
1 141
1 405
2 158
2 393
2 215
1 39
2 184
2 314
1 177
2 39
1 427
1 496
2 14
1 49
2 227
1 402
1 298
1 232
2 78
1 153
1 474
1 197
2 328
1 42
2 48
1 6
1 370
2 447
2 168
2 7
2 190
1 262
2 417
2 146
1 172
1 137
2 341
2 154
2 46
2 377
2 127
1 123
1 86
2 378
1 415
1 500
1 495
2 295
2 309
1 108
1 89
1 477
1 133
1 154
1 324
1 475
1 115
2 297
1 369
1 9
2 261
1 90
2 472
1 369
1 175
1 112
1 72
1 249
1 69
1 233
1 135
2 46
2 7
1 152
2 220
2 361
1 20
2 87
1 186
2 271
2 283
1 180
1 321
1 409
2 329
2 133
2 52
1 415
1 371
1 137
1 78
2 422
1 299
1 441
2 314
2 49
1 297
1 301
2 155
2 358
2 202
1 1
2 19
2 14
2 480
1 183
1 499
1 359
2 463
2 485
1 213
2 76
2 464
1 126
1 289
2 156
1 324
1 446
1 70
2 434
1 313
1 311
2 71
2 163
2 319
1 13
2 384
1 392
1 167
2 169
2 203
2 148
1 480
2 71
1 256
1 451
1 472
2 82
1 133
1 427
2 243
2 185
2 82
1 178
1 296
1 407
1 170
1 227
1 203
2 403
1 153
2 229
1 317
1 17
2 405
2 103
1 437
2 478
1 67
2 470
1 352
1 212
1 133
1 375
2 87
2 496
2 481
1 66
2 385
1 449
1 81
2 141
2 41
1 387
2 476
1 321
2 435
1 200
2 173
1 106
2 202
2 201
1 177
1 182
2 404
1 54
1 236
1 352
2 367
1 87
1 297
2 21
2 142
1 2
2 146
2 277
2 207
1 381
2 447
1 148
1 396
2 185
2 451
2 111
2 126
1 11
2 456
2 357
1 102
1 116
2 464
1 94
2 221
1 257
1 239
1 221
1 309
1 469
2 294
2 427
2 128
2 45
1 171
1 33
2 111
1 371
2 391
1 449
1 141
2 335
1 313
2 217
2 312
2 83
2 116
2 80
2 2
1 178
1 229
1 296
1 209
2 266
1 334
1 415
2 122
2 58
1 155
1 110
2 311
1 275
1 405
1 20
1 182
1 429
1 259
2 249
1 95
1 271
1 431
2 106
2 433
2 42
2 289
1 257
2 195
1 24
2 89
2 356
1 92
2 180
2 213
1 22
2 498
1 86
1 476
1 184
1 206
1 198
1 377
2 444
2 338
2 22
1 214
2 48
2 365
2 7
2 358
1 235
2 171
2 135
1 216
1 257
2 395
2 267
2 261
1 46
1 381
2 227
1 147
1 398
1 204
2 440
1 136
2 268
2 199
1 304
1 424
2 38
1 219
1 293
2 218
1 280
1 108
1 191
1 484
1 469
2 196
2 100
1 287
1 490
2 473
2 454
1 57
2 418
2 499
1 457
1 251
1 17
1 94
2 315
2 498
1 115
1 396
2 229
1 434
1 222
1 66
2 358
2 17
2 101
2 336
1 286
1 145
1 147
1 360
2 166
1 96
2 107
2 495
2 376
1 108
2 389
2 123
1 499
1 372
1 358
2 9
1 144
2 297
1 243
2 103
1 70
1 188
1 41
1 362
1 165
2 217
1 493
2 151
1 330
2 443
1 433
2 35
2 103
2 218
2 191
1 105
1 222
1 287
1 178
1 381
1 468
2 99
2 436
1 304
2 476
1 156
1 48
1 336
1 225
1 199
2 77
2 27
1 446
2 263
2 313
1 169
1 92
2 92
2 368
2 496
2 492
2 103
2 45
1 393
2 195
2 35
1 245
2 273
1 374
1 17
1 31
2 317
1 303
2 353
2 7
1 217
2 202
2 241
1 461
2 366
2 75
2 482
2 313
2 361
1 494
2 75
1 413
1 349
2 152
2 89
1 400
1 8
1 328
2 51
1 233
2 147
1 21
1 478
2 234
1 223
2 418
2 102
1 188
2 249
2 3
2 201
2 346
1 208
1 160
1 313
2 26
2 404
1 439
2 231
1 423
2 251
1 249
1 22
2 154
1 331
2 458
2 411
1 91
1 477
1 227
2 494
2 452
2 2
1 130
1 265
1 388
2 391
2 219
1 277
1 33
2 380
2 490
1 146
1 111
1 329
1 114
2 146
2 71
2 10
1 83
2 251
1 141
1 310
2 257
1 83
1 397
1 484
1 456
2 317
1 454
2 459
2 171
1 336
1 455
2 293
2 471
1 210
1 389
1 470
2 457
1 138
2 218
2 442
2 101
1 294
1 255
2 473
2 208
1 370
1 356
2 402
2 58
1 290
1 335
2 442
2 15
1 348
1 52
2 108
2 399
2 410
2 5
1 281
2 393
2 78
2 313
1 427
1 295
1 167
2 326
1 271
1 391
1 275
2 259
1 299
2 135
1 161
2 442
2 203
1 91
2 286
2 112
1 476
1 279
1 386
2 102
1 148
1 126
2 286
1 156
1 40
1 496
1 281
2 492
2 474
2 467
1 189
1 175
2 335
1 158
1 262
2 228
2 251
2 183
1 88
2 324
2 184
2 30
1 459
2 151
1 307
2 395
1 47
1 364
2 23
2 305
1 280
1 396
1 384
2 121
2 121
1 449
1 466
1 472
1 350
1 208
2 90
1 356
1 171
2 221
2 239
2 32
1 408
1 251
2 358
1 465
1 167
2 485
2 94
1 408
2 429
2 303
2 69
1 358
2 228
1 488
2 306
2 188
2 446
2 355
2 162
2 484
1 435
2 164
1 276
1 323
2 38
2 427
1 487
1 401
1 66
1 32
2 258
1 84
1 10
1 210
2 461
1 202
2 14
1 423
2 289
2 345
1 73
2 136
2 407
1 273
1 275
1 194
1 227
2 439
1 419
2 110
2 46
1 273
2 29
2 199
2 143
1 346
1 18
2 126
1 368
1 99
1 258
2 26
1 421
1 72
2 316
2 69
2 344
1 419
1 92
1 392
2 365
1 302
1 70
2 10
1 29
1 431
1 252
1 121
2 272
1 363
2 373
1 448
1 477
1 440
1 187
2 154
2 68
2 489
1 86
1 427
1 457
2 103
2 165
2 233
1 415
2 374
2 378
2 206
1 391
2 422
2 328
2 184
2 382
1 236
2 21
1 284
2 19
1 37
2 460
2 470
1 364
2 364
2 368
1 447
1 66
1 38
2 146
2 140
2 244
2 197
1 389
1 93
2 217
2 293
2 250
1 254
2 456
1 205
2 391
2 432
1 222
1 53
1 42
1 246
1 418
2 401
1 274
2 64
2 474
1 371
2 469
1 187
2 297
2 451
2 246
2 347
2 56
2 334
2 442
1 86
2 22
2 17
2 331
1 489
1 140
2 230
1 335
1 236
2 159
2 170
1 421
1 222
1 118
1 424
2 135
1 121
1 348
2 154
1 421
2 38
1 353
2 371
2 35
2 22
2 293
2 300
2 410
2 40
2 76
2 437
1 176
2 421
2 46
2 405
1 69
1 229
2 60
2 460
1 205
2 138
2 375
2 413
1 458
1 162
2 267
1 447
1 6
2 169
2 293
2 220
2 366
1 134
2 47
2 19
2 277
1 452
2 445
1 434
1 168
2 490
1 396
1 79
2 155
2 156
2 319
2 160
1 323
2 461
2 89
2 175
2 190
1 367
1 342
1 239
2 98
2 294
2 16
1 97
1 471
1 321
2 127
1 177
2 476
2 373
1 171
2 132
1 25
1 346
1 1
1 226
1 16
2 146
1 94
1 405
1 494
2 205
1 408
2 420
2 221
1 150
2 190
2 102
1 334
2 283
1 87
1 135
1 230
1 337
1 374
1 239
2 318
2 486
1 27
2 312
2 400
1 341
2 446
2 7
1 445
2 465
2 1
1 485
1 83
2 257
1 62
1 322
1 142
2 309
2 267
1 471
1 285
1 459
2 458
2 362
1 457
1 433
2 129
2 39
1 89
2 19
2 142
2 86
1 203
1 156
1 217
1 487
1 289
2 84
1 465
2 352
1 122
1 230
2 404
1 166
1 63
1 494
1 80
2 191
2 324
1 104
2 176
1 394
1 239
2 414
2 273
2 476
1 400
1 348
2 325
2 146
2 401
1 295
1 422
2 262
1 35
2 138
1 307
2 25
2 359
1 451
2 54
2 376
2 484
1 459
1 88
2 47
1 96
2 320
2 177
2 114
2 298
2 272
1 485
2 204
2 86
1 177
1 432
2 296
2 128
2 427
2 359
2 55
1 165
1 322
2 306
1 256
2 390
2 262
2 175
2 273
2 471
1 252
1 354
2 21
2 153
2 47
2 271
2 20
2 178
1 479
1 481
1 290
1 113
1 300
2 368
2 399
1 22
1 92
2 401
1 207
2 410
2 120
1 58
2 466
2 184
1 422
1 382
1 238
1 467
2 484
1 109
2 24
1 88
2 208
1 430
1 245
2 371
1 222
1 206
2 366
1 334
1 257
2 55
1 412
2 383
1 206
2 482
2 325
2 399
1 409
1 150
2 370
1 220
2 299
2 129
1 18
2 155
2 29
2 120
2 81
1 188
2 345
2 71
2 89
1 52
2 1
2 353
2 72
1 165
1 201
1 238
1 108
1 196
1 305
1 428
2 317
2 227
2 135
1 33
1 119
2 72
2 489
2 45
2 200
1 134
1 3
2 322
1 319
2 97
2 332
2 211
2 491
1 13
1 87
1 201
2 482
1 27
1 400
1 382
1 133
1 351
2 90
1 448
1 189
1 382
1 420
2 372
2 382
2 388
1 134
1 24
2 63
1 288
2 325
1 62
2 37
1 443
1 436
1 386
1 286
2 495
2 359
2 319
1 455
1 59
1 497
1 54
1 188
2 374
1 362
2 321
1 50
2 228
2 357
2 108
1 379
2 50
1 25
2 181
2 426
1 418
2 377
2 334
1 15
2 428
2 493
1 126
1 214
2 379
1 317
1 415
1 292
2 137
1 185
2 146
1 112
2 236
2 237
2 404
1 127
2 480
2 282
2 13
1 162
2 269
1 80
1 25
1 500
2 39
1 182
2 497
2 451
2 133
1 153
2 291
1 219
1 398
2 78
1 52
2 4
1 69
1 207
2 307
1 458
2 93
2 233
1 283
1 174
1 223
1 304
2 105
1 486
2 78
2 116
2 302
1 153
1 407
2 166
2 417
2 261
2 113
1 450
1 29
2 15
2 449
1 467
2 395
1 407
2 366
2 453
2 346
2 240
1 316
1 168
1 380
1 444
2 421
1 92
2 16
1 403
1 479
2 369
2 24
2 197
1 1
1 260
1 458
1 301
2 257
1 208
1 248
1 480
1 397
2 321
1 380
2 80
1 296
1 83
2 426
2 60
2 280
1 476
1 171
2 362
2 448
1 62
2 425
1 67
2 316
2 288
1 313
2 405
1 18
2 279
1 118
1 74
2 361
2 486
2 381
1 309
2 121
2 227
2 116
2 421
2 31
1 478
1 427
2 303
1 73
2 443
1 123
1 439
2 121
1 366
2 475
1 181
2 396
1 343
2 52
2 294
2 323
2 278
2 5
1 248
1 13
2 471
2 58
2 321
1 185
1 31
2 212
2 106
2 470
1 470
1 63
2 456
2 385
2 337
1 312
1 171
1 274
2 162
1 402
2 213
1 20
2 96
2 306
2 190
2 1
2 148
2 273
2 299
2 187
2 398
2 70
1 26
1 61
1 379
1 22
2 399
2 334
1 124
2 195
2 265
2 323
2 461
2 367
2 455
1 97
2 256
1 124
2 9
1 172
2 349
2 330
2 234
2 241
2 301
2 21
2 333
2 329
2 493
1 255
2 453
2 151
1 16
2 192
2 162
1 115
2 56
1 109
2 106
2 201
1 487
2 175
2 267
2 315
2 254
2 206
1 419
1 265
2 186
2 163
1 172
2 62
2 73
1 72
1 371
1 288
2 345
1 380
2 20
1 370
1 115
2 331
2 486
1 171
1 256
2 223
2 462
1 357
1 453
1 415
2 404
1 32
1 219
2 210
2 456
2 364
1 357
1 307
2 141
2 218
1 162
1 174
2 223
2 360
2 162
1 202
2 180
2 164
1 347
1 488
1 304
2 76
2 45
1 207
2 358
1 433
2 215
1 345
2 340
1 315
1 330
1 418
2 452
1 110
1 455
1 156
1 300
2 270
1 464
1 233
2 399
2 44
2 122
1 401
1 92
1 463
2 435
1 133
2 313
1 388
2 191
2 25
2 125
1 186
1 122
1 113
1 82
1 337
1 43
2 17
1 156
2 258
2 62
1 181
2 484
1 141
1 315
2 164
2 311
1 231
1 119
2 155
2 498
2 108
1 80
1 26
2 454
2 29
2 377
2 241
1 481
1 33
2 398
2 85
1 250
2 343
1 157
1 272
1 340
2 46
2 206
2 210
2 57
1 26
2 299
1 144
2 499
2 425
2 77
2 308
1 176
2 45
1 352
2 190
2 399
2 166
2 361
2 115
2 464
1 54
1 110
2 392
1 225
1 356
2 29
1 478
1 370
2 239
2 43
1 115
2 366
1 397
1 6
1 495
1 355
1 83
1 96
2 276
2 494
2 473
1 498
2 77
2 325
1 439
2 447
1 11
2 185
1 242
2 475
1 12
2 135
1 497
2 272
1 403
1 254
2 491
1 177
1 470
2 87
2 71
2 314
1 49
1 45
2 40
2 378
2 199
2 349
2 299
1 466
2 89
1 427
1 323
1 351
1 308
2 404
2 173
2 16
1 419
1 216
1 430
2 213
1 309
2 175
2 384
1 159
2 211
1 404
2 245
1 381
1 394
1 486
1 205
2 343
2 412
1 136
2 3
1 321
2 112
2 122
1 134
1 468
2 69
2 433
2 328
2 217
2 449
1 490
2 55
2 127
1 242
1 159
1 314
2 407
2 473
1 420
1 159
2 6
1 461
2 392
1 103
1 212
2 14
1 203
1 386
2 385
2 295
2 223
1 373
2 384
2 8
1 7
1 42
1 97
2 154
2 494
2 300
1 307
2 259
1 232
1 394
2 474
1 363
1 147
1 28
2 136
2 186
1 257
2 358
2 433
2 193
2 119
2 132
1 157
1 139
2 89
1 61
1 72
2 462
1 362
2 100
1 228
2 343
1 216
1 188
1 63
2 74
2 225
2 310
2 150
1 325
1 480
2 152
2 160
2 472
2 305
1 370
1 60
2 367
2 264
2 423
1 287
1 211
2 405
1 95
1 468
1 292
2 304
2 53
2 259
1 336
2 299
2 447
2 269
2 485
2 71
2 210
2 107
1 71
2 292
1 416
2 289
2 261
1 353
2 259
2 188
1 26
2 150
1 197
2 340
2 303
2 292
1 471
1 284
1 260
2 263
2 37
2 234
2 494
1 109
1 197
1 197
1 134
2 397
1 469
1 215
2 498
1 134
2 255
2 214
1 195
1 188
2 378
2 379
2 359
2 327
2 487
2 480
1 73
1 154
2 463
1 163
2 373
2 133
2 269
1 492
1 25
2 250
1 452
2 328
1 319
1 216
2 29
2 277
2 422
1 346
1 297
1 48
2 360
1 499
2 229
1 296
2 20
2 210
2 25
1 132
1 191
2 500
2 245
1 24
1 57
2 106
2 80
2 225
1 37
2 420
2 64
2 222
1 463
2 258
1 468
1 183
2 292
1 81
2 458
1 406
1 176
2 71
1 16
2 47
1 370
1 168
2 236
2 220
1 172
1 37
2 71
2 149
1 401
1 250
1 37
1 75
2 18
2 172
2 292
1 436
2 387
1 297
1 196
2 319
2 198
1 358
1 426
1 333
1 439
2 387
1 442
1 392
2 458
2 48
2 280
2 113
1 290
1 139
1 130
2 352
2 16
2 298
1 67
1 119
2 416
1 184
2 171
2 20
1 137
2 229
1 401
2 285
2 102
2 28
2 436
2 261
2 440
1 244
1 40
2 66
2 72
1 164
1 324
2 221
2 101
2 80
2 494
2 395
2 343
1 30
1 153
1 81
1 348
1 301
2 242
1 45
2 467
1 406
2 94
2 455
1 279
1 399
1 454
2 219
2 67
1 426
2 37
1 14
1 34
1 474
2 383
2 440
1 430
2 492
1 323
1 69
1 35
2 225
2 316
2 137
1 190
1 304
2 420
2 314
2 334
1 79
1 10
1 65
2 215
1 314
2 57
2 342
1 53
2 432
1 9
1 101
2 481
1 277
1 72
1 56
2 81
2 121
1 356
2 29
1 297
1 311
2 76
1 296
2 70
2 200
2 294
2 481
2 56
2 378
1 50
1 384
2 272
1 72
2 393
1 401
2 146
2 393
2 66
2 53
1 415
2 418
2 405
1 187
1 210
1 439
2 349
2 241
1 178
2 99
1 264
2 462
2 413
2 482
1 395
1 465
2 138
1 369
1 335
2 354
1 471
1 303
2 318
2 291
1 207
2 121
2 443
2 83
2 289
1 332
2 450
2 343
2 234
1 333
2 118
1 464
1 33
1 111
2 13
2 50
2 493
1 393
2 104
1 141
1 39
1 74
1 472
2 131
1 480
2 126
2 204
2 241
1 207
2 290
2 103
2 289
2 213
1 233
1 157
2 60
2 196
2 239
1 253
2 225
1 387
1 385
1 142
2 29
1 475
2 418
2 361
2 23
2 92
2 241
1 479
1 146
1 284
1 193
2 308
2 472
1 470
1 135
1 332
1 163
1 334
2 234
1 491
1 267
1 362
2 181
1 158
1 366
2 266
1 181
2 327
2 119
1 212
2 463
1 268
1 201
2 58
2 147
1 42
2 481
1 123
2 447
1 338
1 424
2 370
2 28
1 461
1 47
1 102
1 419
1 135
1 26
1 406
1 91
2 288
2 406
1 83
2 41
1 16
2 227
2 273
1 284
2 103
2 108
1 192
2 129
1 350
2 221
2 178
2 405
1 233
2 227
2 15
1 86
1 436
1 267
1 269
1 144
2 436
2 279
2 481
2 156
1 413
1 436
2 390
2 408
1 355
1 288
2 253
1 250
1 389
1 247
1 270
1 380
2 345
1 36
2 269
2 7
2 419
1 271
1 486
1 282
1 164
2 60
1 146
1 456
2 177
1 44
1 148
2 355
1 285
1 168
2 432
1 233
1 172
1 10
2 385
2 349
1 211
1 316
2 69
2 243
1 28
1 395
2 412
2 18
1 490
1 100
1 415
2 123
1 40
1 95
1 274
2 324
2 202
2 193
2 465
2 368
1 424
1 371
2 363
1 383
1 277
1 477
1 18
1 129
2 435
2 333
2 17
1 45
2 498
2 341
1 375
1 157
1 321
2 336
2 267
1 91
2 256
2 86
2 370
2 330
2 437
1 365
1 21
2 24
1 497
1 183
2 423
2 224
2 218
2 482
1 333
1 26
1 342
1 360
1 178
2 368
1 54
1 419
1 140
1 443
1 157
2 62
2 316
2 26
2 47
2 16
2 282
2 466
2 356
1 334
2 218
2 147
1 432
2 345
2 211
1 410
2 116
2 150
2 107
2 463
1 385
1 384
1 223
1 288
1 379
1 463
1 26
2 367
1 377
1 84
2 55
1 158
1 168
2 101
2 333
2 132
2 97
2 382
2 216
2 100
1 346
1 42
1 374
1 33
2 323
1 41
2 313
1 399
2 4
2 107
1 117
1 404
2 252
2 383
1 10
2 413
2 248
1 430
1 214
1 76
1 282
1 117
1 166
2 74
2 217
1 209
2 269
1 46
2 101
1 192
1 114
1 316
1 262
1 335
2 59
1 214
1 377
1 434
1 48
2 415
1 391
2 449
2 438
1 383
1 125
1 499
2 382
2 452
2 412
1 469
1 47
1 162
2 364
2 169
2 305
2 27
2 409
2 206
1 172
1 88
1 14
1 386
2 104
2 389
2 326
2 189
1 390
1 499
2 296
2 368
1 101
1 147
2 72
1 58
2 143
2 390
1 435
1 254
1 168
1 257
1 202
2 217
1 146
2 48
2 233
2 244
2 12
1 397
2 297
2 29
1 303
2 299
2 250
2 479
2 250
2 262
1 31
2 395
1 397
1 468
1 209
2 166
1 305
2 7
2 369
2 392
2 157
2 260
1 447
1 175
1 324
1 499
1 266
2 29
2 187
1 496
2 410
2 170
1 75
1 19
2 63
1 318
2 452
2 329
1 166
2 446
2 438
1 342
1 189
1 70
2 421
2 325
1 225
1 248
1 22
1 446
1 27
2 358
2 191
1 228
1 188
2 344
1 321
2 33
2 258
1 439
1 166
2 360
1 108
2 245
2 224
2 268
1 157
1 80
1 311
1 55
2 184
2 476
1 287
1 68
2 461
1 74
1 120
2 219
1 391
1 60
1 6
1 216
1 305
2 9
2 306
1 465
1 166
1 49
1 151
2 348
2 122
1 88
1 354
2 173
2 122
1 62
2 263
2 288
2 276
2 34
2 64
1 126
2 142
2 32
1 143
1 107
1 301
1 209
1 352
2 102
2 317
1 99
2 292
2 350
2 239
2 352
1 84
2 234
2 3
2 369
2 496
2 113
1 20
2 302
1 54
2 196
1 418
2 152
1 237
2 128
2 235
2 128
2 308
2 395
1 477
2 159
2 441
2 268
2 91
2 184
1 176
2 217
2 229
2 154
2 73
1 291
1 464
1 478
2 130
1 285
2 339
2 79
2 213
1 91
2 119
1 151
1 209
2 90
2 291
1 254
1 377
1 23
1 314
1 315
2 75
2 401
2 41
2 396
2 29
1 259
2 316
2 144
1 480
2 312
1 328
2 485
1 313
2 248
1 62
1 272
2 160
2 105
1 3
1 156
2 190
1 381
2 27
1 380
1 257
2 479
1 312
1 140
1 26
2 453
1 448
1 428
2 100
1 10
2 384
2 337
2 134
1 429
1 241
1 369
2 202
1 285
2 15
1 340
1 162
1 331
2 220
1 419
2 142
1 125
2 296
1 449
2 31
2 441
2 36
2 472
2 360
1 454
1 179
2 118
1 437
1 300
1 410
1 326
2 349
2 427
1 264
2 276
1 455
1 416
1 229
2 430
1 494
2 314
1 176
2 215
1 434
1 119
2 435
1 245
2 246
2 130
2 249
1 154
2 473
1 44
2 308
1 289
1 208
1 325
2 88
1 346
2 257
1 216
1 112
1 326
2 335
1 218
2 361
2 490
2 292
2 386
1 210
1 253
1 479
2 300
1 320
1 438
2 165
2 120
1 465
2 485
2 252
1 85
1 276
1 297
1 311
1 19
1 207
2 437
2 199
2 102
2 438
2 447
1 44
1 230
1 362
1 158
1 119
1 77
1 168
2 165
1 258
2 497
1 305
1 352
1 374
2 226
2 196
1 264
2 89
2 98
1 410
2 415
1 348
1 126
2 216
1 344
1 177
2 141
2 478
2 40
2 1
2 365
1 140
1 286
1 473
2 382
1 489
1 114
2 139
-1
