2 293
1 74
2 472
1 173
1 54
2 459
1 470
2 355
1 64
1 42
1 322
2 334
2 340
1 498
2 125
2 151
2 192
1 158
2 121
1 330
1 78
1 393
2 456
1 169
2 3
1 196
1 57
2 293
1 263
1 30
2 464
2 7
2 108
1 21
1 346
2 254
2 490
1 174
1 245
1 316
1 403
1 275
2 244
2 207
1 61
1 244
1 268
2 235
1 266
2 455
2 457
1 90
2 58
2 244
1 456
2 401
1 274
1 21
1 94
2 375
1 314
2 382
1 221
1 161
1 222
2 301
2 27
1 329
1 4
1 385
2 334
1 20
1 313
1 329
1 118
2 264
1 25
2 217
2 112
2 83
2 195
2 363
2 476
2 156
2 466
2 141
1 30
1 463
1 52
2 451
2 197
1 304
1 210
1 318
2 100
1 6
2 338
1 367
2 263
2 495
1 415
2 231
1 147
2 137
1 335
2 70
1 5
1 105
1 97
1 239
2 378
1 195
2 315
2 380
2 83
1 157
2 361
2 144
2 80
1 408
1 71
2 297
2 54
2 492
2 379
1 51
1 177
2 470
1 305
2 68
1 427
1 88
2 111
1 145
1 363
1 307
2 232
1 359
1 208
2 288
1 432
1 341
2 82
2 452
1 363
2 477
2 95
2 75
2 500
2 450
1 326
1 147
1 211
2 343
2 59
1 356
2 319
2 451
1 359
1 489
2 124
1 10
1 234
1 126
2 359
2 446
1 183
1 93
2 449
2 311
2 416
2 349
1 215
2 337
2 404
1 145
1 143
1 97
1 294
2 460
1 1
2 39
2 349
1 76
2 418
1 7
1 256
1 271
1 358
1 394
1 285
2 493
2 248
2 6
2 15
2 396
1 73
2 198
2 270
2 421
2 363
1 224
1 135
2 88
1 454
2 457
1 75
2 368
2 390
2 67
1 189
2 271
2 101
2 386
1 93
1 260
2 437
1 425
2 330
1 415
2 196
2 224
2 172
1 297
2 315
1 316
2 29
1 467
2 407
1 202
2 362
1 158
1 445
1 221
1 297
2 260
1 209
2 466
1 425
1 144
2 477
1 93
2 250
2 338
1 263
2 358
1 500
2 273
1 300
2 421
1 331
1 440
1 366
2 123
1 19
2 380
2 430
1 203
2 383
1 186
2 79
2 472
1 262
1 226
2 441
1 157
2 30
1 162
2 352
2 37
1 403
1 420
1 240
2 362
1 14
2 118
1 293
2 374
1 36
2 115
1 300
2 247
2 70
1 76
2 44
1 347
1 379
1 277
1 240
1 239
1 36
1 49
2 500
1 234
1 224
1 363
1 322
2 56
2 369
2 16
1 446
1 210
2 127
1 294
2 328
2 324
2 92
1 43
1 146
2 479
2 476
2 448
1 154
1 392
1 486
2 137
1 268
1 108
2 36
2 317
2 285
1 77
2 363
1 172
1 100
1 433
2 342
1 428
2 383
1 368
2 226
2 152
1 202
2 444
2 159
1 451
1 251
1 172
2 203
2 325
1 344
2 80
2 136
1 384
2 179
2 91
1 459
1 101
2 500
1 101
1 7
1 305
2 283
1 74
2 170
1 490
2 6
2 50
2 280
2 363
1 387
2 66
1 194
1 358
2 414
1 407
1 361
2 29
2 39
1 331
1 351
1 73
1 445
1 348
1 258
2 386
1 163
2 489
2 468
1 105
2 156
2 153
1 74
2 11
1 134
2 171
1 365
2 339
2 68
1 236
2 248
2 469
2 71
2 471
2 155
2 271
1 290
2 177
2 455
2 178
1 380
1 71
1 295
2 256
1 447
2 187
1 464
2 456
1 315
1 276
2 205
2 130
1 173
2 412
1 345
2 67
1 492
1 23
1 250
1 500
1 473
1 242
1 396
2 173
1 327
2 31
2 51
1 80
2 170
2 54
2 283
2 442
1 462
2 264
2 446
2 111
1 152
1 205
2 400
1 108
1 30
1 460
1 2
2 154
2 381
1 37
2 180
2 141
2 295
1 55
1 18
2 10
2 368
1 419
1 443
1 197
1 16
2 403
2 47
2 39
1 116
1 294
2 406
1 139
1 189
2 143
1 358
1 78
2 218
1 196
1 374
2 336
2 49
1 257
2 498
2 226
2 222
1 111
2 305
2 382
1 294
2 403
2 380
2 79
2 328
2 461
2 19
1 441
2 237
2 365
2 344
2 403
2 462
1 248
1 114
2 463
2 5
1 261
2 50
1 333
2 318
1 282
1 292
1 254
2 123
1 467
1 208
2 234
2 234
2 139
1 314
2 458
1 170
2 406
2 262
1 300
2 235
1 414
2 154
1 259
1 284
2 445
1 445
2 364
2 363
1 230
1 159
2 346
1 257
2 399
1 341
1 96
1 130
2 454
2 27
1 411
2 140
2 6
1 385
2 466
1 427
2 275
2 86
1 264
1 223
1 212
2 63
2 490
1 20
2 179
1 358
2 60
2 147
1 285
1 490
1 483
1 149
2 352
1 229
2 427
2 129
1 365
2 149
2 87
1 353
2 417
2 205
1 411
2 245
1 234
1 149
1 1
2 177
1 382
2 467
1 59
2 298
2 341
1 481
2 317
1 43
2 100
2 61
1 302
1 409
2 243
2 455
1 57
2 95
1 387
2 97
1 359
1 219
1 395
1 478
2 89
2 296
1 471
1 49
1 365
2 11
1 217
2 203
2 447
2 62
2 210
2 481
1 108
2 471
1 102
2 213
1 173
1 229
2 68
1 119
1 86
2 243
2 297
2 427
1 242
2 279
1 351
2 222
1 309
2 312
1 345
2 304
1 236
2 363
1 162
2 439
1 313
2 253
1 126
1 203
2 372
2 169
1 91
1 383
1 286
2 366
1 71
2 498
1 405
2 461
1 45
2 17
1 79
2 318
1 4
2 274
2 205
1 300
1 36
2 399
2 229
1 303
2 136
1 456
2 216
1 458
2 166
1 322
2 447
2 152
1 363
1 177
1 71
1 67
1 10
2 279
1 432
2 388
2 84
1 459
1 111
2 412
2 94
2 77
1 75
1 342
1 357
1 209
1 197
2 385
2 91
2 296
1 95
1 292
2 379
2 182
2 371
2 469
1 29
2 208
2 125
2 244
1 270
1 260
1 226
2 376
1 159
1 41
1 207
2 136
2 287
2 277
2 113
1 324
2 142
2 447
1 431
2 451
1 142
1 370
1 206
2 387
2 268
1 470
1 464
2 410
1 125
2 110
2 284
2 81
1 316
2 43
1 217
2 2
1 54
2 430
1 467
1 476
2 447
2 208
1 253
1 363
2 8
1 317
2 257
2 419
1 275
2 373
1 157
1 54
2 96
2 322
1 2
2 297
1 297
1 62
2 177
2 129
1 248
2 178
1 45
2 279
1 409
1 162
1 229
2 128
2 401
2 239
1 301
2 203
1 242
1 497
2 392
2 306
1 125
1 495
2 284
1 339
1 481
2 461
2 419
1 385
1 240
2 74
1 9
1 488
2 243
1 373
2 164
1 274
1 365
1 456
1 97
2 44
2 351
1 286
2 444
1 440
2 145
2 427
2 140
1 459
2 102
2 17
2 213
1 53
2 261
1 429
1 358
1 286
1 327
2 477
1 93
1 157
2 281
2 445
1 348
1 154
2 86
1 66
1 15
1 79
1 329
2 337
2 330
1 394
1 45
1 130
2 490
1 77
1 368
2 393
2 276
2 16
1 272
2 363
2 50
2 414
1 151
1 416
1 223
1 340
2 383
2 255
1 106
2 345
2 56
1 391
2 488
1 396
2 338
2 397
2 255
1 117
1 263
1 237
1 193
1 104
1 248
2 299
2 41
1 29
1 85
1 131
1 177
1 34
2 488
2 105
2 444
2 500
2 105
1 396
2 16
2 224
2 209
2 468
1 370
1 49
1 267
2 229
1 409
1 310
1 396
1 490
1 487
2 250
2 77
2 91
1 495
2 58
1 393
2 157
1 225
2 419
2 88
2 286
1 112
2 243
1 213
2 199
2 73
1 493
2 444
2 444
1 453
1 345
2 230
2 458
1 262
1 297
2 226
1 196
1 29
1 49
2 22
2 143
2 398
2 95
2 273
2 482
1 244
2 70
2 31
1 279
1 107
2 492
2 8
2 374
1 477
1 332
1 20
1 444
2 460
2 109
2 281
1 310
1 120
2 200
2 258
1 146
2 404
1 401
1 28
1 3
1 47
2 2
1 308
2 334
1 335
1 204
2 235
2 342
2 243
1 209
2 371
1 421
2 195
2 390
2 446
1 78
1 78
2 409
1 376
1 209
1 35
1 381
2 128
1 475
1 115
2 426
1 241
1 112
2 166
2 9
2 96
2 454
1 17
1 263
1 103
2 158
2 234
1 258
2 111
1 434
1 119
1 211
2 205
1 145
2 26
1 185
2 240
2 146
1 500
1 352
2 230
2 91
2 398
1 27
1 284
2 85
1 172
2 112
1 320
1 450
2 409
2 318
1 273
2 460
1 223
2 78
1 171
2 267
1 220
2 279
2 105
1 108
1 362
2 208
1 475
2 230
2 143
2 87
2 362
1 391
1 208
1 387
1 488
2 149
1 150
2 414
1 142
1 86
1 92
2 389
1 301
1 153
1 17
2 62
1 136
1 165
2 124
2 220
2 260
1 22
2 498
1 366
1 161
2 347
1 243
2 170
1 204
1 191
1 412
1 301
2 408
2 241
2 220
1 197
2 31
2 91
1 358
1 19
1 259
2 269
2 303
1 248
2 463
1 78
1 42
2 124
2 47
1 35
1 175
2 448
2 301
1 85
1 346
2 27
1 172
1 456
1 437
1 332
1 493
1 477
1 492
2 38
1 316
1 8
2 155
2 47
2 345
2 113
1 438
2 145
2 138
1 434
2 155
1 326
1 379
1 237
1 254
2 111
1 198
1 412
1 425
1 307
2 441
2 162
1 261
1 190
2 257
2 473
1 92
1 115
1 303
2 395
2 125
1 478
2 475
2 174
2 198
1 371
1 102
1 71
2 41
1 113
1 87
2 413
1 86
2 352
1 377
1 296
1 103
2 176
1 365
2 328
2 33
2 256
1 434
2 200
2 438
1 124
1 248
1 54
2 414
2 425
1 354
1 495
2 49
1 386
2 223
2 179
2 115
2 444
2 465
1 375
1 307
1 278
2 385
2 91
1 291
2 291
1 439
1 100
2 307
2 251
2 50
1 339
1 68
2 64
1 278
1 285
1 139
1 490
2 96
2 24
1 299
2 30
2 304
2 427
1 318
1 343
2 459
2 234
1 315
1 409
1 439
2 176
1 107
2 304
1 301
1 440
1 346
2 40
2 301
2 110
1 496
1 188
1 337
1 183
2 71
2 95
2 135
1 290
2 138
1 147
2 273
1 242
1 258
2 118
1 99
2 380
1 31
2 399
2 192
2 369
1 23
2 475
1 84
1 102
1 209
1 364
2 185
2 450
1 89
2 204
1 294
2 133
1 205
1 394
2 464
1 158
2 77
1 348
1 248
2 85
1 197
1 289
2 256
1 27
2 305
1 384
1 16
1 125
1 251
1 468
2 131
1 405
2 461
1 219
1 52
2 16
1 307
1 333
1 393
2 110
2 292
2 350
2 213
1 230
2 195
1 381
1 175
2 384
2 240
1 195
1 109
1 243
2 217
2 328
2 137
1 10
1 134
2 438
1 185
1 161
2 217
2 56
2 382
1 229
2 245
2 116
2 336
2 471
1 489
2 13
1 440
1 257
2 380
2 271
1 66
2 295
1 175
1 376
1 141
1 29
1 379
1 90
1 206
2 118
2 211
1 172
1 3
1 74
1 474
1 298
2 126
1 24
2 441
2 60
1 207
1 319
2 436
1 2
2 172
2 335
1 100
1 235
1 286
2 336
2 4
2 354
1 224
2 134
1 480
2 449
1 133
2 122
1 27
2 60
1 94
2 284
2 104
1 499
2 178
1 352
1 466
2 163
2 433
1 56
1 192
2 97
1 271
1 95
2 193
2 51
1 401
1 330
1 203
1 245
2 13
1 62
1 4
1 370
1 223
1 200
1 282
1 442
1 218
1 53
1 42
2 47
1 288
1 298
1 408
1 370
1 341
2 250
1 210
2 131
1 248
1 50
2 330
2 433
2 230
2 308
1 291
1 65
1 285
1 419
1 255
2 464
2 423
2 290
2 387
2 416
2 102
2 163
2 159
2 329
2 431
1 12
2 193
1 150
1 290
2 21
1 209
1 491
2 252
1 115
2 52
2 273
1 199
2 436
1 30
2 450
1 252
2 385
2 388
1 126
2 454
1 73
1 334
2 145
2 46
2 75
1 493
2 455
1 282
1 105
2 6
1 326
1 366
1 406
2 96
2 282
2 380
1 63
2 120
2 2
2 169
1 466
1 423
1 409
1 162
2 70
2 418
2 128
2 457
2 387
1 415
1 304
2 225
1 211
1 276
1 213
2 288
1 310
1 302
1 117
2 82
1 333
2 284
2 485
1 345
2 495
1 243
2 258
2 368
1 15
1 32
2 144
2 108
2 232
2 22
1 75
2 89
1 305
1 368
2 464
1 363
1 323
2 460
1 424
1 252
1 27
2 16
1 305
2 474
1 384
2 87
1 301
2 217
2 398
1 97
2 148
2 23
1 416
1 254
2 365
2 480
2 139
2 412
2 469
2 182
1 231
1 162
2 294
1 191
2 314
2 256
2 98
1 134
2 315
2 203
1 243
1 422
2 28
1 27
1 218
1 52
2 475
2 35
1 294
1 15
2 364
1 271
2 251
2 325
2 143
2 244
1 412
1 118
2 351
2 139
1 352
1 220
2 106
2 150
2 480
1 210
2 137
1 8
2 236
1 452
2 63
2 116
1 64
2 265
1 229
2 334
2 296
2 463
2 307
1 355
1 480
1 333
1 248
1 3
2 23
1 361
2 204
1 59
1 413
2 33
2 281
1 425
1 271
2 32
2 203
1 67
1 154
2 297
2 90
2 383
1 308
1 49
1 423
2 131
2 133
2 328
2 85
1 192
2 343
2 135
2 312
2 226
2 303
1 365
1 377
1 356
1 47
1 195
2 362
2 8
1 44
2 462
1 290
2 334
1 79
1 176
1 373
2 207
2 127
2 271
2 374
1 38
1 381
2 241
1 261
1 439
1 434
1 283
2 256
1 207
1 140
1 75
1 487
2 390
2 408
1 319
2 285
1 53
2 440
2 110
2 244
1 356
2 151
2 103
1 310
2 91
2 191
1 312
2 150
1 493
2 213
2 190
1 166
1 366
1 386
1 158
2 79
2 9
1 207
2 339
2 420
1 317
1 299
2 490
1 34
1 209
1 292
1 447
2 491
2 414
1 492
2 208
1 288
1 151
1 326
1 362
2 271
2 58
2 11
2 220
1 380
1 493
2 177
1 332
2 104
2 246
2 20
2 16
2 168
2 300
1 360
1 442
1 44
1 402
1 46
2 301
1 253
2 448
2 84
2 448
2 376
2 337
2 498
2 53
2 223
1 214
1 217
1 415
1 155
1 165
1 140
2 329
1 110
2 321
2 259
1 436
1 164
1 232
2 476
1 382
1 340
2 483
1 102
2 168
1 64
1 160
1 149
1 95
1 468
2 6
2 238
2 64
1 65
1 266
1 283
2 442
1 94
1 382
2 173
2 303
1 84
1 291
1 153
1 193
2 4
2 51
1 491
1 495
2 465
1 299
1 111
1 73
1 163
1 102
2 206
1 423
1 69
2 373
1 302
1 398
1 116
1 47
1 265
2 13
1 4
2 181
1 50
2 169
1 59
2 251
1 26
2 53
2 89
1 20
2 343
2 196
1 216
1 63
1 486
2 413
2 89
2 455
1 198
2 54
1 245
1 371
2 32
1 69
1 201
1 362
2 208
2 352
2 2
1 458
2 193
2 328
2 167
1 271
1 256
1 471
2 331
1 475
1 469
2 333
2 186
2 63
2 103
1 371
2 179
1 443
2 50
1 4
2 255
1 432
2 301
2 215
2 448
2 344
1 287
1 436
1 222
1 68
2 115
1 281
2 117
2 368
2 197
2 87
2 496
1 165
1 124
2 278
2 123
2 190
2 500
2 84
1 326
2 46
1 292
1 437
2 252
1 279
1 26
2 251
2 234
2 20
1 350
2 484
1 121
1 233
1 2
1 341
1 171
1 471
1 267
2 370
2 62
1 466
2 364
1 163
1 187
1 11
1 330
1 359
1 19
2 422
2 259
1 200
2 352
1 242
1 429
1 488
1 463
1 281
2 373
2 276
2 477
1 298
1 131
2 460
1 99
2 22
2 494
2 489
2 242
2 167
1 194
1 12
1 459
1 334
1 438
2 94
1 98
1 276
2 48
2 230
1 115
2 59
1 323
2 157
1 129
2 86
1 476
2 330
2 92
2 118
2 476
2 147
2 102
1 153
2 8
1 351
1 336
2 433
1 455
2 426
1 263
2 109
2 459
1 377
1 305
1 430
1 408
1 56
1 349
2 362
1 294
1 181
1 120
1 343
2 54
1 214
2 482
1 111
1 464
2 341
1 184
2 251
2 50
1 304
2 14
1 458
1 229
2 493
2 252
2 479
2 455
1 177
1 365
2 228
1 477
1 447
1 42
2 455
1 3
1 342
1 423
2 379
1 289
2 204
1 206
1 49
1 225
2 447
2 364
1 269
1 94
2 352
2 264
1 78
1 415
2 485
1 422
1 193
1 234
1 102
2 281
1 302
2 226
2 445
2 126
2 281
2 280
1 58
2 141
2 160
2 110
1 244
2 211
1 240
2 35
2 87
2 342
2 171
1 341
1 8
1 32
1 389
2 271
1 57
2 284
1 318
2 64
2 275
1 53
2 70
2 59
2 254
2 249
1 320
2 95
2 258
2 467
1 141
2 443
1 500
2 117
2 323
1 433
1 306
2 316
2 424
1 235
2 126
2 304
2 275
2 476
2 377
1 178
2 30
2 418
2 403
2 401
2 66
1 26
2 318
2 302
2 215
1 269
1 223
2 341
2 175
1 29
2 109
2 271
1 383
2 223
2 223
2 213
1 308
2 363
1 79
1 70
2 51
2 189
2 115
2 270
2 196
1 191
1 208
2 145
1 149
2 226
2 194
2 363
2 177
2 330
2 240
1 252
1 442
1 63
1 320
1 196
2 333
1 170
2 198
1 482
2 385
1 69
1 498
2 78
1 7
1 132
1 11
2 388
1 26
1 359
2 485
1 211
2 291
1 209
1 398
2 186
1 250
2 359
2 389
1 124
1 47
2 493
2 342
1 360
2 181
1 64
2 271
1 334
2 358
1 253
2 232
1 388
2 396
1 431
2 385
1 384
1 161
1 192
1 460
1 220
1 269
2 9
1 261
1 304
1 383
1 76
2 198
2 151
2 264
1 81
1 487
1 283
2 44
2 500
2 26
1 494
1 206
1 37
1 195
2 139
1 100
1 396
2 380
1 242
2 479
1 143
1 138
2 464
2 251
1 35
1 387
1 274
1 234
1 262
1 354
1 357
1 466
1 102
2 150
2 192
1 221
1 445
1 462
2 390
2 76
1 340
1 155
2 405
1 275
1 168
1 418
1 81
2 128
2 431
2 81
1 256
2 307
2 10
2 461
2 481
1 378
1 349
2 137
2 124
2 271
2 38
1 167
2 422
1 357
1 422
2 474
2 90
1 229
2 400
2 202
1 76
2 404
1 315
1 29
2 302
2 81
2 338
2 309
2 392
2 110
2 306
2 342
2 215
1 197
1 463
1 198
1 181
2 166
2 492
1 433
2 344
1 483
2 112
1 439
1 160
1 168
2 335
2 211
2 283
1 366
2 9
2 486
2 367
2 184
1 196
1 354
2 333
2 71
2 332
2 300
2 261
2 308
2 180
1 347
1 129
1 410
1 127
2 326
2 398
2 203
2 477
1 484
2 244
1 105
2 267
1 418
2 75
2 473
1 446
2 271
2 382
1 64
1 74
2 353
2 250
2 416
1 314
2 386
1 156
2 336
1 98
2 300
1 33
1 481
2 442
2 257
1 430
1 183
1 60
2 326
2 145
2 386
2 343
1 220
2 466
2 420
2 364
1 291
1 343
2 78
2 22
1 312
2 5
1 158
2 233
1 373
2 428
2 39
2 234
1 269
2 17
1 465
1 259
2 479
1 378
2 90
2 242
2 53
2 98
2 311
1 46
2 411
2 293
2 243
1 59
2 428
2 199
2 158
2 351
1 410
1 192
2 330
1 251
2 32
2 93
1 382
1 376
1 462
2 241
2 398
2 215
1 225
2 274
1 74
1 17
2 56
2 186
2 346
1 119
2 488
2 70
1 52
2 161
1 317
2 70
2 403
1 96
2 401
2 360
1 344
2 308
2 141
2 488
1 133
1 214
1 21
2 341
1 431
1 289
1 106
1 166
2 346
2 339
1 481
2 71
1 279
1 427
2 427
1 256
2 223
2 30
2 455
2 19
2 76
2 484
2 369
2 393
1 113
1 163
2 282
2 269
1 314
2 330
1 312
2 150
1 405
1 129
2 254
2 95
2 157
2 213
2 283
1 90
1 41
1 340
1 188
1 85
1 6
1 445
2 350
2 203
1 330
2 316
2 329
1 115
2 192
2 362
2 488
2 222
1 407
2 201
1 21
2 447
1 50
1 47
2 190
2 356
2 431
2 453
2 433
2 95
1 97
1 302
2 259
2 464
2 436
2 110
1 153
2 185
2 152
2 453
2 183
2 63
2 331
2 223
2 285
1 91
2 125
1 317
2 267
2 399
1 297
2 9
2 121
2 355
1 480
1 316
1 320
1 127
1 96
2 265
1 370
2 112
2 98
2 229
1 413
1 65
2 340
2 361
1 322
1 83
2 375
1 462
1 479
1 343
1 141
2 157
1 313
1 356
2 400
2 126
1 416
2 372
2 467
2 418
1 448
1 88
1 101
1 367
2 193
2 356
2 20
1 195
1 131
1 446
2 486
1 342
2 466
1 359
1 298
1 424
2 127
2 270
2 264
1 9
2 196
1 141
2 227
2 251
1 237
1 240
1 119
2 179
1 498
2 220
2 165
2 391
2 5
1 370
2 147
1 429
2 446
2 409
1 256
2 233
1 207
1 269
2 257
2 113
1 336
1 401
1 326
2 290
1 155
2 302
2 241
1 495
1 151
1 61
1 62
1 101
1 469
2 445
2 168
2 183
2 240
2 2
2 77
2 98
2 6
1 236
1 333
1 283
2 133
2 240
2 488
1 166
2 413
1 33
1 370
2 434
2 1
2 25
1 281
2 12
1 226
2 383
1 477
2 393
2 212
1 359
2 28
2 359
1 486
1 223
1 310
1 316
2 294
2 240
1 167
2 212
1 350
1 153
1 315
2 138
1 233
2 428
1 373
2 51
1 30
2 65
2 280
2 1
2 425
1 350
2 343
2 38
1 211
1 369
2 439
1 402
2 354
2 282
1 467
1 288
1 160
1 39
2 436
2 215
1 131
1 6
2 329
2 16
2 85
1 415
2 241
1 397
2 144
1 376
2 213
2 310
1 219
1 162
1 91
1 218
2 143
2 45
2 470
1 361
1 443
2 428
2 442
1 333
1 353
2 400
2 223
2 140
2 261
2 447
2 380
1 423
1 90
2 197
2 26
2 464
1 36
2 206
1 418
2 266
1 247
2 38
1 78
2 410
1 181
1 392
1 223
1 286
1 132
1 75
2 242
1 180
2 133
2 106
1 423
2 172
2 388
2 490
2 90
2 154
1 458
2 34
1 210
2 195
1 4
2 201
1 11
1 374
2 116
2 44
1 201
2 59
1 128
1 404
2 150
2 338
1 305
2 342
1 393
2 58
1 9
1 493
2 341
1 13
2 48
2 495
1 475
2 40
1 157
2 170
1 204
1 117
1 230
1 374
2 346
2 370
2 41
1 225
2 79
1 337
1 498
2 226
1 440
2 426
1 59
2 253
1 102
2 122
1 179
2 158
1 425
2 230
2 241
2 198
1 396
1 297
2 69
1 364
1 490
2 455
1 384
2 162
2 280
2 372
1 129
2 333
1 408
2 370
1 221
2 318
1 304
1 360
1 339
2 83
1 364
2 228
2 448
2 287
1 375
2 36
1 391
1 407
1 134
1 297
1 46
2 321
1 432
1 277
2 107
1 450
1 100
2 420
2 121
1 477
2 68
1 349
2 232
1 108
2 235
2 71
2 223
2 186
1 275
1 276
2 173
1 202
2 106
2 23
2 30
1 73
1 363
1 408
1 381
2 311
2 123
2 451
2 475
1 351
2 450
1 333
1 203
1 246
2 358
2 387
1 120
2 189
1 232
1 428
1 314
1 431
2 470
2 133
1 369
2 397
1 461
2 291
2 467
2 175
1 157
2 415
1 20
2 461
2 50
1 67
1 477
2 4
1 81
1 242
2 175
1 470
2 70
2 1
1 149
1 212
2 236
1 284
2 229
1 210
1 336
1 197
1 328
1 110
1 392
2 61
1 340
1 52
2 142
1 297
1 79
1 446
2 133
2 421
2 177
1 343
1 461
2 175
1 443
1 48
1 486
1 399
2 341
1 438
2 353
1 272
1 241
1 98
2 150
1 438
1 204
1 41
1 22
1 304
1 499
2 149
2 162
2 161
1 348
1 336
2 183
1 484
2 29
2 500
1 302
2 208
2 68
1 169
2 315
1 405
1 26
2 2
2 452
1 392
2 464
1 351
1 39
1 421
2 118
1 300
1 208
2 424
2 459
1 67
2 415
2 438
1 228
2 330
2 305
1 181
1 301
1 413
2 69
2 461
2 456
1 106
2 471
2 141
2 325
1 53
2 382
2 383
2 133
1 491
2 285
1 204
2 55
2 127
2 153
2 13
2 199
1 123
2 351
1 449
2 323
2 265
1 343
2 17
1 211
2 264
2 30
1 284
1 436
1 411
1 201
2 196
2 393
2 271
2 434
2 269
1 71
2 311
1 32
2 93
1 186
1 440
2 323
2 3
1 337
2 198
2 187
2 139
2 415
2 173
1 479
2 455
2 178
1 166
2 444
1 154
2 114
2 196
1 168
1 398
1 462
2 392
1 191
1 79
1 290
2 157
1 248
1 168
2 81
1 485
1 91
1 5
1 434
1 344
2 101
2 456
1 187
2 61
2 228
2 186
2 446
2 136
2 158
1 117
1 341
2 113
2 442
2 339
2 20
1 180
1 274
2 385
1 186
1 392
2 288
1 134
2 124
2 277
2 128
2 370
1 197
1 251
1 451
2 217
1 474
1 294
2 382
1 410
2 475
2 184
2 230
2 347
1 289
1 485
2 220
1 236
2 188
1 110
1 426
1 311
2 73
1 349
2 134
1 225
1 411
1 222
1 428
2 345
2 44
2 337
2 387
1 383
1 410
2 63
2 170
2 438
2 329
1 253
1 396
2 421
1 441
2 149
1 63
2 288
1 26
1 72
1 48
2 337
2 151
2 143
1 475
1 266
2 218
1 116
2 199
2 270
2 31
1 358
2 263
1 50
1 473
2 403
1 279
2 328
2 193
2 453
1 254
1 322
2 440
2 435
1 177
1 128
2 326
2 151
1 334
1 79
2 25
2 178
1 275
1 436
2 180
1 133
2 457
1 256
1 447
1 385
2 98
1 182
2 201
1 214
1 236
1 192
1 476
1 414
1 79
2 216
1 88
1 190
2 358
2 440
1 487
2 278
1 40
2 358
1 495
2 126
1 214
2 341
2 390
1 290
1 307
2 77
1 56
2 290
2 415
1 68
2 258
1 336
2 156
2 389
1 115
1 231
1 182
2 220
1 29
2 243
2 217
1 80
2 290
1 389
1 451
2 457
1 154
1 356
2 189
1 163
2 109
2 187
2 316
1 66
1 119
1 30
2 479
2 311
1 330
1 176
1 360
1 191
2 479
2 377
2 494
2 174
2 284
1 97
2 117
1 146
2 321
2 422
1 487
1 271
2 487
1 448
1 281
2 414
1 389
2 278
1 181
2 188
1 162
1 266
2 445
2 217
1 289
1 269
1 74
2 444
1 337
2 462
2 233
2 228
2 17
1 207
1 160
1 365
1 30
2 304
1 245
1 443
1 10
2 161
2 102
1 346
1 198
2 258
2 386
1 107
1 195
2 451
1 411
1 175
1 298
1 117
1 350
1 427
2 270
2 293
2 394
1 12
1 149
1 78
1 107
1 287
2 201
1 154
2 257
2 402
1 10
1 447
2 429
1 69
2 164
2 273
1 203
2 353
2 406
1 88
1 465
1 312
2 167
2 127
2 497
1 328
2 250
2 365
1 500
1 80
2 146
2 424
1 341
1 402
1 57
2 257
1 67
1 38
2 236
2 8
2 396
2 239
2 461
2 27
1 240
1 327
1 14
1 437
1 230
2 451
1 383
2 159
2 478
2 34
1 65
2 446
1 79
1 309
1 138
2 203
1 144
2 467
1 131
2 11
1 445
1 497
1 20
1 128
1 408
2 63
1 257
1 135
1 43
2 375
1 129
2 261
2 458
2 430
1 334
1 151
1 105
2 457
2 6
2 326
2 449
1 88
1 247
2 393
2 165
2 320
1 195
2 418
1 11
2 443
1 138
2 474
2 444
1 219
2 218
1 66
2 283
2 76
2 375
1 317
1 86
1 185
1 420
1 136
2 300
1 126
2 375
2 383
1 85
2 118
1 348
2 24
1 336
2 10
1 270
1 101
2 166
2 339
2 90
1 367
2 255
2 382
2 147
1 446
2 69
1 237
1 246
1 398
2 211
2 143
1 85
2 187
1 232
2 334
2 350
2 266
1 249
2 85
2 410
1 330
1 445
1 246
2 325
2 475
2 49
2 15
2 64
2 234
2 77
1 319
1 324
1 233
1 82
2 170
1 199
2 321
2 64
1 37
2 60
1 127
2 480
2 445
2 193
2 189
2 450
1 250
2 295
2 344
2 3
2 220
2 364
1 196
2 310
1 19
2 95
1 181
2 138
1 469
2 156
1 155
2 369
2 377
2 91
1 391
2 436
1 146
2 2
2 430
2 424
1 31
2 297
1 445
2 189
2 321
1 422
2 300
1 83
1 305
2 451
2 266
1 157
2 389
1 103
1 172
1 321
1 100
1 265
1 256
2 309
1 500
1 254
2 224
2 178
1 9
1 74
1 366
1 388
1 91
1 275
1 72
2 316
2 64
1 67
2 237
2 246
1 308
1 387
2 188
1 410
1 396
1 174
2 417
2 366
1 255
1 121
1 86
1 496
1 368
1 172
1 140
1 191
1 121
2 182
1 345
1 355
1 427
1 352
2 293
2 202
2 412
2 224
2 110
2 350
2 485
1 432
1 291
2 275
2 51
2 70
2 400
1 338
1 8
2 372
1 109
1 198
1 248
2 369
2 343
1 186
2 91
2 155
2 239
2 495
1 237
1 388
1 44
1 313
2 266
2 202
2 110
2 98
2 171
1 213
2 36
1 192
1 367
1 211
2 274
2 98
2 473
1 498
1 415
2 418
1 347
2 258
1 369
1 164
2 173
1 51
1 478
1 390
1 439
1 300
2 8
1 427
1 87
1 199
2 86
1 32
1 86
1 91
1 497
1 344
2 482
2 433
2 340
1 154
2 125
2 195
1 202
2 316
1 396
1 140
1 334
1 469
2 165
1 77
2 313
1 33
1 370
2 456
1 490
2 340
1 414
1 450
2 358
2 459
2 482
1 438
2 121
2 290
2 466
1 297
1 489
1 276
2 350
2 420
1 44
2 305
2 496
1 127
2 370
2 457
1 35
2 370
2 153
2 292
1 376
1 99
2 473
1 75
2 309
1 14
1 104
1 12
2 424
1 155
2 75
2 496
2 357
1 115
2 376
1 478
1 198
2 468
1 6
1 344
1 35
2 369
1 175
1 440
1 370
1 242
1 56
1 404
2 455
1 273
1 276
2 433
2 383
1 494
1 441
1 54
2 194
1 316
1 154
2 169
2 52
2 170
1 500
2 372
1 442
1 135
2 98
1 41
1 319
2 220
1 224
2 438
2 46
1 489
2 212
2 425
1 67
1 371
1 370
1 223
1 89
1 232
2 129
2 370
2 363
2 58
1 213
1 354
2 101
1 309
1 499
1 427
2 31
2 335
2 242
2 416
2 118
2 369
1 475
1 397
2 327
1 422
2 301
1 149
2 469
1 417
2 43
2 236
2 492
1 325
2 182
1 63
1 91
2 249
2 21
2 402
2 451
2 89
2 302
1 4
2 47
1 441
2 114
1 365
2 449
1 190
2 281
1 282
2 387
1 436
2 27
2 457
2 11
2 79
2 486
1 435
1 205
2 324
2 403
2 275
2 230
1 333
1 272
1 381
1 496
1 268
1 356
1 350
1 324
1 382
1 362
1 193
1 395
2 236
2 409
2 351
1 178
1 499
2 149
2 310
1 398
2 221
2 4
1 323
1 350
1 489
2 224
2 480
1 401
1 266
2 430
1 298
2 151
2 260
1 27
2 499
2 498
1 381
2 289
2 32
1 111
1 52
1 53
1 451
2 99
1 114
1 183
2 338
1 59
2 485
1 370
2 66
2 54
1 71
2 353
2 184
2 122
1 296
1 471
1 479
2 313
1 300
2 2
2 180
2 438
1 350
2 351
2 377
1 212
2 98
1 401
1 26
2 221
2 48
2 270
1 463
1 117
1 281
2 102
1 235
2 328
1 49
1 350
2 433
2 372
2 477
1 368
1 146
1 27
1 482
1 423
1 230
1 409
1 362
1 321
1 253
1 383
2 29
1 78
1 144
2 196
1 424
2 178
1 354
1 467
2 203
2 130
1 280
1 293
2 251
1 292
2 113
1 156
1 257
2 307
2 385
1 224
1 268
2 81
2 308
2 307
2 140
1 294
2 29
2 264
2 52
2 134
1 229
2 9
2 225
2 89
2 20
2 120
2 417
2 259
2 99
2 87
1 56
1 9
1 318
1 363
2 30
1 237
1 488
2 447
1 412
2 24
2 199
2 70
1 195
1 192
1 97
1 383
1 9
2 236
2 366
1 47
1 297
2 357
1 232
2 347
2 338
1 425
1 364
1 3
2 26
1 204
1 175
1 273
1 33
1 214
1 457
1 497
2 247
1 388
1 8
1 472
2 307
1 85
2 446
2 433
2 485
1 92
2 425
1 194
2 224
2 59
1 19
2 489
2 260
1 94
1 314
2 464
1 164
1 346
2 487
1 79
2 265
1 481
1 238
2 350
2 81
1 196
2 315
1 363
1 412
1 341
2 372
2 400
1 204
1 496
1 375
2 364
1 448
2 385
2 19
1 349
2 494
2 50
1 80
1 381
2 220
1 419
2 230
2 330
2 416
1 179
1 456
1 133
2 386
2 292
1 103
1 355
1 36
1 255
1 167
2 106
1 412
2 33
2 195
1 278
1 391
1 251
1 497
1 101
2 252
1 490
1 31
1 153
2 99
2 34
1 246
2 355
2 15
2 150
2 101
2 170
2 234
2 189
1 156
2 316
2 180
1 113
1 1
2 480
1 24
2 69
2 4
2 129
1 162
1 431
1 408
1 456
2 372
1 427
2 432
1 434
2 251
1 377
1 162
1 55
2 221
2 157
1 249
1 297
1 415
2 375
2 179
2 19
1 474
2 77
1 39
1 220
2 259
1 392
1 304
1 457
1 272
2 451
2 250
2 282
2 326
2 43
1 339
2 405
1 358
2 421
1 46
2 36
1 88
1 76
2 225
1 266
2 348
1 369
1 315
1 318
1 10
1 495
1 272
2 12
2 84
1 376
2 424
1 433
1 191
1 402
2 243
1 115
1 235
2 391
2 485
1 40
1 419
1 194
2 285
2 171
1 488
2 496
1 310
1 423
1 139
1 266
2 195
2 175
1 215
2 182
2 477
1 397
2 255
1 289
2 146
1 258
2 210
1 44
2 33
1 370
1 494
2 256
1 367
1 321
1 347
2 132
2 76
1 273
1 469
1 73
1 225
1 99
1 83
1 304
1 312
2 139
2 159
1 196
1 176
2 459
1 371
1 48
1 322
1 479
1 233
2 108
2 381
1 94
2 199
2 282
1 273
1 166
1 18
1 161
2 230
2 418
1 412
2 249
2 488
2 227
2 482
1 381
1 391
2 28
2 75
1 451
1 81
1 483
1 329
2 494
1 113
2 361
1 227
2 461
2 392
2 287
2 372
2 86
1 493
2 202
1 274
1 119
2 120
2 156
1 243
1 210
2 60
1 82
2 235
1 353
1 432
2 498
2 157
2 416
1 47
1 421
2 121
2 27
1 491
1 392
2 331
2 291
2 374
1 29
1 118
2 233
2 371
1 56
2 16
2 232
2 292
1 235
2 394
2 356
1 146
2 468
2 199
1 219
2 186
2 180
2 331
2 55
2 346
1 283
1 433
2 128
1 370
1 488
1 326
1 499
2 90
2 299
2 280
2 213
2 319
1 471
2 156
1 53
1 487
1 67
2 202
1 495
2 407
1 186
1 177
2 406
2 207
2 259
1 277
2 303
1 214
2 96
1 150
2 223
2 484
2 407
2 482
2 107
1 235
2 175
2 181
1 233
2 340
2 76
2 313
1 64
2 3
2 248
1 159
1 288
1 110
2 178
2 447
2 34
2 133
1 148
2 491
1 403
2 223
1 151
2 208
1 265
1 224
1 361
2 185
2 376
1 195
1 236
2 394
2 26
1 328
2 190
2 256
1 353
1 421
2 69
1 68
2 337
2 49
1 25
2 50
2 379
1 10
1 88
2 87
2 280
1 489
2 436
2 412
1 74
1 142
1 312
2 327
1 352
2 197
1 311
1 332
2 341
2 7
2 447
2 245
1 62
1 46
1 330
2 489
2 493
2 249
1 191
2 451
1 153
1 122
2 97
2 4
1 146
1 218
1 158
1 170
2 47
2 68
1 24
2 131
1 187
2 171
2 305
2 271
2 472
1 271
2 196
1 358
2 339
2 137
1 388
1 215
2 372
1 162
2 338
1 262
1 22
1 105
1 405
2 486
1 470
2 148
2 86
2 210
2 283
1 420
2 3
1 309
1 268
1 121
2 466
1 333
2 166
2 17
1 15
1 149
1 462
2 500
1 5
2 324
1 258
2 162
1 81
1 486
1 291
1 156
1 339
1 95
1 480
2 277
1 316
1 477
1 426
2 29
1 389
1 69
2 446
1 258
1 51
2 225
1 348
2 449
2 424
2 42
1 5
2 249
2 448
1 302
2 406
1 154
1 181
2 292
1 304
1 4
2 144
1 48
1 164
1 30
1 391
2 343
2 93
2 419
1 20
1 264
2 401
1 71
2 344
1 59
2 115
1 353
2 345
1 250
2 248
2 448
1 53
1 236
1 232
2 389
1 226
2 28
2 274
1 59
2 164
2 115
1 382
1 36
2 219
2 87
1 267
1 307
1 175
2 169
1 49
2 361
1 413
2 252
1 190
2 154
2 131
2 483
2 88
1 443
1 7
2 476
2 414
1 148
1 176
1 49
1 77
1 350
2 2
2 27
2 115
1 396
1 300
1 462
2 99
1 45
2 136
1 82
2 5
2 340
2 249
1 256
2 149
2 165
1 410
2 341
1 75
1 473
1 317
1 113
2 41
2 372
1 380
2 428
1 33
2 416
2 155
1 457
2 480
1 305
2 16
2 265
1 232
2 316
1 23
1 314
2 140
2 443
2 489
1 106
1 137
1 6
2 45
2 297
1 436
2 265
2 97
2 245
1 117
1 79
2 191
2 406
1 429
1 200
1 217
2 143
2 178
1 347
1 462
1 98
2 448
1 52
2 242
1 76
1 207
2 349
2 251
1 78
2 453
2 300
2 285
1 226
2 294
1 388
2 419
2 356
2 198
2 263
2 54
1 1
1 196
2 360
1 306
2 329
1 269
1 278
2 274
2 219
2 279
2 25
2 443
1 415
2 490
2 135
2 219
2 6
1 335
2 64
1 5
1 101
2 223
2 30
1 233
1 414
2 206
2 60
2 170
1 345
1 3
2 54
2 466
1 338
1 128
2 144
2 144
1 257
2 474
1 214
2 386
1 421
2 270
1 443
2 306
2 450
1 118
1 232
2 415
2 86
1 470
2 26
2 325
2 183
1 420
2 208
2 228
2 248
2 460
1 287
2 329
2 276
1 240
2 380
1 428
2 399
2 46
2 213
1 411
1 19
1 496
2 339
2 59
1 71
1 479
2 487
2 93
1 104
1 473
2 189
1 448
1 148
2 216
1 214
1 107
1 159
1 162
2 176
1 286
1 90
2 103
1 71
2 41
2 231
2 9
2 264
1 62
2 300
2 123
2 106
2 449
2 183
1 113
1 182
2 456
2 163
1 198
2 456
1 111
1 455
1 161
1 279
1 481
2 351
2 295
1 183
2 72
2 205
2 427
1 83
1 8
2 143
2 33
1 146
1 340
1 115
1 170
2 73
1 175
2 252
1 231
1 64
1 3
1 338
2 357
1 162
1 368
1 420
2 105
1 396
1 17
1 295
1 106
1 187
2 142
1 102
1 76
2 26
1 137
2 6
2 487
2 209
1 322
1 106
1 397
2 222
1 214
1 303
1 383
1 304
2 131
2 100
1 273
2 283
2 192
1 254
1 306
1 383
2 293
2 405
1 341
1 455
2 493
2 78
1 98
2 104
2 489
2 434
2 180
2 22
2 208
2 400
1 440
1 344
1 122
1 421
2 77
2 221
1 484
1 297
2 382
1 161
1 102
2 130
2 15
2 355
1 129
1 439
1 388
2 152
2 234
1 323
2 151
2 380
1 44
1 66
2 75
2 294
1 173
1 13
2 278
2 260
2 473
2 326
1 185
2 72
1 253
2 80
2 141
2 36
2 486
2 109
1 179
2 292
2 178
1 389
2 170
2 213
1 199
2 57
2 367
2 152
2 375
1 373
2 42
1 199
1 361
1 291
2 62
1 242
2 237
1 45
2 130
1 252
1 148
2 414
1 289
1 485
2 149
2 29
1 117
1 421
2 239
1 219
1 497
1 242
1 294
1 492
2 247
2 455
1 255
1 260
2 137
1 409
2 304
1 179
1 221
2 100
2 14
2 462
2 482
2 244
2 44
2 402
2 33
1 388
1 427
2 34
1 94
2 52
1 84
1 21
1 181
2 466
1 291
2 56
1 185
2 251
1 89
1 370
1 359
1 261
2 256
1 348
1 440
1 451
2 481
2 30
2 443
2 411
2 125
1 209
2 469
2 37
2 462
1 30
1 367
1 456
2 436
1 176
2 407
1 102
2 448
2 252
2 478
1 327
1 479
2 411
2 345
2 208
1 56
2 329
2 379
2 249
1 440
1 392
1 253
2 84
1 476
2 294
2 348
2 54
2 7
1 477
1 262
1 213
1 273
1 444
2 326
1 316
2 467
2 462
2 404
2 122
2 232
1 331
2 240
1 461
1 200
1 301
2 473
1 482
2 55
2 247
1 468
1 348
1 473
2 356
1 57
1 254
1 449
1 71
1 319
2 285
1 320
1 183
2 99
1 241
2 441
1 236
1 401
2 46
2 95
2 248
2 82
2 291
1 288
2 69
2 243
1 328
2 439
1 59
2 174
2 393
1 286
1 373
2 414
1 411
1 171
2 10
1 363
1 134
2 12
1 109
2 407
1 21
2 298
2 85
2 229
2 84
2 456
1 405
2 226
2 80
1 177
1 147
1 241
1 42
2 186
1 211
1 289
2 289
1 161
2 408
2 202
2 255
2 151
2 230
1 326
2 271
1 250
2 393
2 253
1 95
1 139
2 381
1 35
2 217
2 246
2 287
2 467
1 159
2 52
1 492
2 401
1 83
1 383
2 140
2 465
1 424
2 390
1 382
1 29
2 322
1 75
2 424
2 354
1 10
2 174
2 486
1 319
1 75
2 246
2 187
1 152
1 313
1 117
1 169
2 348
2 122
1 451
2 315
1 331
1 60
1 28
2 429
1 316
2 398
1 69
1 123
2 397
2 114
1 185
1 362
1 124
1 454
1 380
1 81
1 295
2 65
1 389
2 372
2 348
2 118
1 57
1 488
2 379
2 170
2 383
1 446
1 367
2 432
1 370
1 160
1 356
1 190
2 69
2 301
1 33
1 183
2 361
2 394
2 123
2 5
2 298
2 363
1 201
1 466
2 9
2 438
2 52
2 461
1 391
2 387
1 382
1 12
1 444
2 185
1 24
2 423
2 139
2 41
1 282
1 114
1 482
2 6
2 30
1 5
1 78
2 195
2 16
2 53
2 167
2 377
1 425
2 363
1 435
2 459
1 260
1 357
2 474
2 477
2 32
2 127
1 76
2 420
2 231
1 254
1 60
1 87
2 428
2 104
1 55
1 281
1 133
2 110
1 203
2 313
2 419
2 48
1 463
2 141
1 291
1 91
1 23
2 38
1 330
2 15
1 202
2 402
1 135
2 144
1 449
1 276
1 450
2 417
1 141
2 105
2 450
2 485
1 224
1 477
2 15
2 140
1 137
2 254
1 404
2 313
1 56
1 423
2 262
1 268
1 248
2 37
1 271
2 225
1 394
1 250
1 192
1 476
2 282
2 156
2 477
1 241
1 407
2 240
1 354
2 273
1 83
2 3
1 33
2 199
2 428
2 186
1 190
2 4
2 241
2 8
2 478
1 452
1 262
2 403
1 402
2 421
1 336
2 189
1 1
1 146
2 40
1 252
2 344
2 51
2 265
1 5
1 9
2 477
2 203
2 238
1 53
1 292
1 432
1 108
1 71
2 64
1 436
2 190
1 273
2 420
2 354
1 482
2 84
1 485
2 336
1 242
2 83
2 332
1 217
2 149
2 396
2 249
2 379
1 314
1 234
2 40
1 9
1 302
1 479
1 82
2 211
1 259
2 60
1 10
1 381
1 415
1 222
2 458
2 304
1 456
1 356
2 477
1 368
1 160
2 415
2 217
2 416
2 121
1 416
1 103
1 491
2 275
2 383
2 17
2 208
1 428
2 318
1 483
1 385
1 384
2 234
1 479
1 426
2 329
2 432
2 341
1 152
2 486
1 403
1 424
1 325
2 377
2 310
2 180
1 204
2 196
2 366
1 290
2 476
1 335
2 401
2 329
1 346
1 289
1 20
2 210
1 267
1 42
2 148
2 474
2 487
1 139
1 47
2 198
2 398
2 429
1 411
2 53
1 127
1 356
1 406
2 193
1 2
2 452
2 307
1 351
1 299
2 201
2 121
2 219
2 283
1 20
2 460
2 301
1 266
1 83
2 72
1 46
2 362
1 73
1 127
2 17
2 115
1 121
1 116
1 106
1 191
2 294
1 49
1 88
1 101
1 188
1 149
1 96
1 287
1 382
2 294
1 189
2 467
2 496
1 204
2 331
1 429
2 248
1 422
2 495
2 356
2 398
2 120
1 218
1 13
2 170
2 349
1 419
2 222
1 249
1 218
2 171
1 407
1 475
2 104
1 203
1 356
1 168
2 297
2 232
1 336
2 320
1 314
1 202
2 3
1 312
1 381
2 365
2 252
1 319
1 13
2 371
1 325
1 46
2 274
2 282
2 381
2 496
1 190
1 80
1 499
1 411
2 78
1 370
2 319
1 388
2 413
1 402
2 147
2 209
2 75
2 233
2 295
2 352
2 130
2 28
1 26
2 211
2 418
1 284
1 471
2 270
2 281
2 323
2 469
1 51
2 226
1 349
1 216
1 208
2 334
1 176
1 26
1 314
2 317
2 382
1 472
2 374
1 173
2 382
2 432
2 35
2 68
2 28
2 434
1 331
2 323
1 478
1 392
1 142
1 240
2 51
2 25
2 314
2 473
1 189
1 480
2 412
2 457
2 181
1 378
2 8
1 368
1 399
2 129
1 171
1 414
2 431
1 497
1 486
2 143
1 76
1 248
2 168
1 130
1 445
2 210
2 59
1 290
2 188
1 349
1 285
1 431
2 404
2 163
2 100
2 415
2 427
1 366
1 366
2 146
1 353
2 114
2 284
2 220
1 320
1 33
2 33
2 375
1 94
2 177
2 194
2 71
1 104
1 417
2 282
1 483
2 121
1 249
1 351
1 79
1 239
1 478
1 426
2 59
2 241
2 415
1 177
1 257
2 273
1 101
2 439
2 245
2 31
2 315
2 17
2 254
2 356
1 230
1 288
2 4
1 227
2 314
1 108
1 36
1 447
1 490
1 423
1 296
2 431
1 37
2 355
1 405
1 373
2 195
1 127
2 40
2 321
2 460
1 126
2 363
2 335
2 162
2 438
2 61
1 419
2 18
2 238
2 186
2 409
2 122
2 283
2 91
2 217
2 234
2 397
1 119
2 300
1 339
1 88
2 309
1 347
2 334
2 101
1 47
2 252
1 247
1 181
2 136
2 91
2 443
1 316
2 70
1 44
2 205
1 307
2 341
1 191
2 90
2 46
1 3
2 155
2 330
2 290
2 436
1 37
1 367
1 291
2 319
1 197
2 317
2 240
1 360
1 36
2 73
2 436
2 377
2 176
1 129
2 22
1 344
1 294
2 261
1 351
1 269
2 306
1 253
2 299
2 475
1 265
2 414
2 473
1 495
1 495
2 112
1 39
1 425
1 18
2 119
1 116
2 118
1 28
1 466
1 38
1 159
2 190
1 355
2 213
2 310
2 323
1 74
2 229
1 396
1 35
1 317
1 105
1 423
1 359
2 458
2 32
1 51
1 40
2 384
1 457
2 311
2 466
1 344
1 234
2 143
1 105
2 269
2 96
1 340
2 284
2 55
2 265
2 388
1 213
2 407
2 168
2 151
2 453
1 31
1 233
2 157
2 336
2 397
2 172
1 237
2 385
2 122
2 99
2 156
2 484
1 331
2 483
1 339
2 327
2 324
2 246
1 99
2 460
2 363
1 83
1 86
2 94
2 171
2 420
1 355
2 91
1 257
2 371
2 359
2 168
1 460
2 365
1 345
2 257
2 456
2 10
2 9
1 452
2 148
2 356
1 125
1 39
2 371
2 327
2 310
1 263
2 110
1 30
1 303
1 365
1 476
1 3
1 329
1 14
1 176
2 182
1 167
1 32
2 333
1 117
1 56
2 262
2 358
2 471
1 429
2 122
1 60
1 240
2 281
2 420
1 326
2 255
1 173
1 380
2 347
1 498
1 227
2 67
1 253
2 447
2 75
1 437
1 395
1 226
2 484
1 130
2 98
1 152
1 373
2 478
1 231
2 473
2 437
2 244
1 279
1 222
2 462
1 487
1 37
1 235
2 61
1 181
2 452
2 280
1 419
1 247
2 84
1 457
2 462
1 62
2 94
2 93
2 293
2 114
2 495
1 201
2 64
1 65
2 418
2 394
1 454
2 337
2 64
2 409
2 197
1 117
1 105
1 48
2 492
2 429
1 213
1 393
1 215
2 346
1 5
2 319
1 83
2 347
1 152
2 375
1 77
2 341
2 52
1 429
1 252
2 381
1 338
2 443
1 286
1 35
1 379
1 100
2 212
1 311
2 404
2 62
1 379
1 364
2 289
1 178
2 1
1 356
1 35
2 94
1 438
1 461
1 333
1 129
2 61
2 259
2 179
2 296
2 222
1 191
2 303
1 255
2 130
1 345
1 112
1 187
1 417
2 365
1 411
2 498
2 487
1 287
2 428
2 426
1 446
1 12
1 188
1 255
2 79
2 184
2 240
1 92
1 368
1 109
1 153
1 453
2 66
2 8
2 173
2 142
1 252
2 70
2 474
1 459
2 126
1 95
2 363
1 224
2 493
2 64
2 142
1 340
2 107
2 200
2 131
2 101
1 50
1 173
2 345
2 427
1 477
2 38
2 58
2 273
2 297
2 251
2 204
1 349
1 288
1 441
1 93
2 4
1 210
1 16
1 10
2 227
1 167
1 177
2 376
2 331
2 137
2 315
2 23
2 150
1 415
1 432
2 482
2 352
2 462
2 96
2 13
1 457
1 437
2 256
2 433
1 189
1 18
2 262
1 369
2 54
2 205
1 493
1 271
1 229
1 415
1 54
2 350
1 458
1 346
2 302
2 150
1 52
1 196
2 411
2 279
1 403
2 300
1 373
1 443
2 5
2 128
2 488
2 124
2 115
1 362
1 452
2 258
2 382
2 19
1 73
2 108
1 132
1 223
1 181
2 456
1 226
2 448
2 412
2 9
1 392
1 145
2 233
1 197
1 59
2 110
2 364
1 458
2 477
1 350
2 197
2 194
1 91
2 486
1 64
1 83
2 216
1 298
1 481
1 265
2 413
2 374
1 444
2 474
1 363
2 280
2 331
1 332
2 318
2 127
1 162
2 336
1 288
2 176
1 330
2 11
1 19
1 369
1 215
1 85
2 16
1 487
1 41
1 471
2 486
2 91
2 157
1 24
2 410
2 65
1 343
2 185
2 459
1 174
2 99
1 101
2 474
2 164
1 256
1 224
2 82
2 387
1 92
1 35
1 313
2 445
2 377
2 368
1 386
2 211
1 151
2 451
1 101
1 341
1 100
2 448
2 83
2 271
1 448
2 27
1 459
2 119
1 156
1 22
2 378
2 377
1 247
2 3
1 293
1 407
1 112
2 424
1 245
2 367
1 55
1 156
1 420
1 201
2 111
1 468
1 158
1 16
2 375
1 456
2 65
1 262
1 420
2 369
1 83
1 60
1 333
2 151
1 340
2 31
1 424
1 437
1 45
1 338
2 26
2 437
1 358
1 118
1 235
1 145
2 73
1 454
2 270
1 213
2 306
2 58
1 92
2 163
1 2
1 55
2 144
2 117
2 41
1 482
2 71
2 91
1 182
2 252
1 500
1 60
1 58
1 387
2 316
2 137
2 400
2 344
2 385
1 99
2 397
2 51
2 59
1 314
1 390
1 191
2 233
2 250
2 220
1 143
2 388
2 203
2 173
1 385
1 209
1 186
2 64
2 276
1 434
2 361
2 358
1 267
2 154
2 85
2 4
2 259
1 210
2 382
1 359
2 143
2 102
2 376
2 121
2 138
1 91
1 80
2 253
1 391
1 214
2 278
1 53
1 313
1 349
1 348
2 164
1 125
2 22
1 281
1 2
1 399
2 120
1 393
1 28
2 278
2 109
2 162
2 295
1 275
2 224
1 201
2 463
2 4
2 29
1 330
1 54
2 474
2 58
1 396
2 500
2 178
1 284
2 121
1 17
2 424
1 368
1 478
1 152
2 166
1 117
1 210
1 224
2 46
2 401
2 218
1 170
2 360
2 85
1 382
2 226
2 44
2 280
1 274
2 206
1 463
1 287
1 47
1 58
1 494
1 237
2 210
1 309
2 210
1 252
2 198
2 99
1 273
1 319
1 12
1 337
1 50
2 497
1 336
2 40
1 364
1 244
2 33
2 345
1 298
1 388
2 276
1 292
1 67
1 446
1 134
1 404
2 257
1 130
1 306
2 477
1 444
2 94
1 477
2 273
1 238
1 472
1 349
1 413
2 225
1 197
1 492
1 244
1 351
1 43
2 42
1 178
1 444
2 17
1 413
1 397
2 301
1 368
1 335
1 268
1 490
1 121
2 267
2 80
1 238
1 478
2 197
2 116
1 129
2 263
1 274
2 44
1 379
2 279
2 42
2 476
2 362
2 363
2 461
1 98
1 120
2 328
1 81
1 308
2 280
1 102
2 229
2 182
2 259
2 375
2 7
2 35
1 447
1 200
2 395
2 456
1 223
2 182
2 282
2 216
2 410
2 317
1 18
2 448
1 459
2 280
2 173
2 36
2 416
1 229
1 384
1 176
2 170
2 465
1 197
1 364
1 201
2 96
1 179
2 345
2 69
2 453
2 291
1 63
1 75
2 219
2 326
1 121
1 454
2 151
1 117
1 108
2 194
2 238
1 449
1 212
1 58
1 462
1 356
2 109
1 167
1 92
2 425
1 44
2 149
1 232
2 207
2 285
2 245
1 476
1 307
1 415
2 203
1 416
1 252
2 340
2 204
2 115
1 495
1 210
2 351
1 111
2 132
2 161
2 120
2 274
1 176
1 142
1 267
1 436
2 82
2 289
2 57
2 264
2 412
1 397
1 267
2 22
1 253
2 478
1 171
2 150
1 142
2 75
2 200
1 279
2 488
2 269
2 321
2 299
1 210
1 197
1 54
1 225
2 252
2 382
1 157
2 471
2 26
1 411
2 407
2 210
2 107
1 143
2 214
2 362
2 488
1 398
1 479
2 52
2 29
2 356
2 20
2 187
2 224
2 473
1 137
1 228
2 364
1 21
2 311
1 352
1 143
2 395
1 75
1 56
2 83
2 492
1 441
1 498
1 127
1 146
2 356
2 358
2 95
1 147
2 464
1 406
1 451
2 431
2 98
1 184
1 249
2 133
2 56
1 205
1 304
1 297
2 426
1 377
1 235
2 276
1 225
1 156
2 334
1 403
2 72
1 463
1 112
2 212
1 77
1 201
1 469
2 390
2 354
1 118
2 492
1 138
1 427
2 446
1 379
2 42
1 138
1 473
1 451
1 269
2 304
2 110
1 22
2 222
2 116
1 167
2 85
2 379
2 97
1 474
2 24
2 480
1 223
1 115
2 340
2 403
2 55
1 118
1 362
1 155
2 31
2 287
2 125
2 329
1 341
1 252
1 20
1 229
1 35
2 266
1 77
1 220
1 31
1 411
1 381
2 220
2 386
2 377
1 23
2 287
2 62
2 431
2 122
2 175
1 2
1 234
1 312
2 61
1 494
1 234
1 388
2 284
2 163
1 487
1 420
2 400
2 15
1 414
1 341
1 496
1 231
2 271
1 385
1 236
2 7
2 104
1 125
1 19
1 251
2 325
2 333
1 3
1 258
1 187
1 207
1 143
1 466
2 183
2 448
1 433
1 238
1 200
2 275
1 2
1 426
1 400
1 253
1 457
1 22
1 311
1 381
2 369
2 218
1 49
2 321
2 471
2 368
1 273
2 239
1 20
1 303
2 273
2 24
1 269
2 429
2 125
2 236
2 7
2 396
2 469
2 387
2 275
2 460
2 249
1 24
1 213
1 390
1 84
2 271
1 458
2 487
1 359
1 426
1 174
1 272
1 38
2 433
1 117
1 414
2 442
2 484
1 466
2 343
2 137
2 105
1 15
2 379
1 312
2 91
2 478
1 478
2 224
1 30
1 6
2 204
2 231
2 304
1 263
2 96
1 463
1 345
1 290
1 203
2 380
2 437
2 6
2 75
1 380
1 421
2 398
2 35
1 15
2 175
1 189
1 29
2 322
2 332
2 300
1 64
2 178
1 239
1 470
2 117
1 268
2 438
2 13
2 144
1 163
1 305
2 292
2 57
2 409
2 75
2 126
1 239
1 194
1 191
2 142
2 216
1 195
1 426
1 478
1 235
1 91
2 46
1 75
1 198
2 342
2 43
1 114
1 123
2 111
2 174
1 323
2 13
2 246
2 224
2 360
1 418
1 200
2 36
1 417
2 109
1 357
2 77
2 136
2 481
1 67
1 350
2 247
1 406
1 300
2 419
2 291
1 461
1 299
1 468
2 228
1 324
2 430
2 407
1 155
2 163
1 245
1 110
2 374
2 334
2 348
1 184
1 88
1 479
1 491
1 304
1 373
2 6
2 231
1 220
1 3
1 459
2 394
1 441
2 287
1 143
1 378
1 271
2 173
2 54
2 47
2 437
2 335
1 73
1 58
1 155
1 26
2 10
2 384
1 389
1 75
2 155
1 413
2 416
2 26
2 452
1 177
1 194
1 181
2 281
1 262
2 1
2 103
1 57
1 311
2 360
1 32
1 337
1 291
2 380
1 425
2 91
1 70
1 317
2 254
2 340
1 235
2 302
2 202
2 26
2 359
2 250
1 251
1 333
2 42
2 60
2 395
1 420
2 137
1 67
2 36
1 406
1 302
2 310
1 121
2 220
1 72
2 221
1 258
1 66
1 470
2 118
1 478
2 180
1 476
1 356
2 208
2 132
2 24
2 216
1 479
2 475
1 255
1 75
2 101
1 164
1 264
2 285
2 21
2 207
1 266
1 210
2 27
2 186
1 485
2 45
2 336
1 217
1 67
2 454
2 431
2 88
1 101
1 139
2 40
2 320
1 110
2 482
1 73
2 389
2 68
1 224
2 305
1 344
2 82
1 389
1 470
1 410
2 51
1 43
2 96
2 248
2 95
2 397
1 248
2 428
2 422
2 69
1 294
1 300
1 265
1 387
2 15
1 305
1 195
2 360
1 413
2 199
1 39
2 27
1 231
1 100
2 309
1 82
1 284
1 477
1 421
1 282
1 363
1 205
1 285
1 199
2 374
2 56
1 343
1 50
1 388
2 430
1 21
2 297
1 244
1 351
2 341
2 452
2 422
1 112
1 423
2 255
1 411
1 207
1 244
1 31
2 257
1 178
2 470
1 432
1 451
1 230
2 118
2 346
1 188
2 97
1 119
2 257
1 13
2 135
1 71
2 238
2 476
2 159
2 444
1 362
2 223
2 389
2 123
1 232
1 43
1 123
2 31
2 394
2 194
1 2
1 44
2 146
2 209
1 316
1 393
2 398
2 268
2 159
1 372
1 404
1 422
1 279
1 405
1 50
1 200
2 65
2 493
1 262
2 365
2 204
2 105
1 75
1 388
1 466
2 179
2 25
1 246
2 255
1 474
1 451
2 58
2 268
1 76
2 102
1 161
1 48
2 259
2 341
1 412
1 256
1 26
1 42
2 286
1 273
1 156
2 136
2 90
2 115
2 487
1 457
2 225
1 264
2 182
1 480
2 261
1 35
1 71
1 408
2 75
1 320
1 255
2 295
1 210
2 212
1 328
1 195
2 228
1 239
2 413
2 354
2 158
1 310
1 315
2 288
2 101
2 471
2 62
2 402
2 25
2 170
1 133
1 108
1 321
2 120
2 417
2 257
1 212
1 357
1 135
2 119
2 103
2 293
1 57
1 138
2 158
1 136
1 23
1 353
1 442
2 280
1 297
2 135
2 454
2 386
1 487
1 26
1 444
1 105
1 363
2 284
2 254
1 14
1 15
2 471
1 43
2 17
2 139
2 51
1 141
2 32
1 292
2 69
1 227
2 291
2 119
2 313
1 346
2 500
1 397
1 19
2 72
2 481
1 185
1 302
2 320
2 156
2 241
1 402
2 101
2 260
2 119
1 443
1 102
1 175
1 411
2 140
2 227
2 44
2 4
2 291
2 381
2 489
1 374
2 144
1 435
2 45
2 327
2 368
1 428
1 130
1 86
2 24
1 241
1 278
1 116
1 270
2 366
2 174
1 353
2 65
2 72
2 43
1 447
1 29
1 155
1 64
1 279
2 107
2 6
1 467
1 303
1 174
2 198
2 112
1 163
1 40
1 489
1 335
2 343
1 309
2 373
1 440
2 162
1 22
1 281
1 493
1 427
1 104
2 364
2 26
1 94
1 464
1 147
1 369
1 365
2 42
1 252
1 240
2 379
2 284
1 452
1 95
2 293
1 3
1 116
1 386
2 445
2 495
1 202
2 285
2 243
1 156
1 159
2 110
1 8
1 401
2 21
2 337
1 44
2 173
2 71
1 71
2 462
2 458
1 131
1 82
2 272
2 218
1 131
1 171
1 73
2 301
2 417
2 110
1 32
2 174
1 396
2 116
1 13
1 373
1 167
1 16
1 190
1 220
1 117
1 14
2 165
1 485
2 154
2 97
2 81
1 138
1 366
1 37
2 179
2 22
2 214
2 135
2 326
1 279
1 447
1 482
2 457
2 396
1 265
1 499
2 261
1 24
2 241
2 357
2 321
1 468
2 470
1 141
1 159
2 89
2 210
2 420
1 241
2 332
2 158
1 53
1 169
1 396
1 488
1 32
2 333
2 195
2 304
2 450
1 106
1 271
2 312
1 185
1 208
1 260
2 197
1 134
2 240
1 126
2 133
1 387
1 8
2 472
1 120
2 125
2 310
2 391
1 288
2 377
2 442
2 211
1 300
2 207
2 226
1 470
1 341
1 27
2 141
1 12
1 270
1 336
1 235
1 53
1 153
2 221
1 269
2 436
2 127
1 311
1 177
1 62
1 488
1 70
1 438
2 239
2 420
1 286
1 151
1 380
2 323
1 249
2 234
1 11
2 177
1 212
2 305
2 222
1 213
2 271
1 75
2 356
2 434
1 352
2 183
2 239
2 34
2 448
1 22
1 480
1 483
2 403
1 316
1 431
1 267
1 29
2 414
1 39
1 229
2 284
1 325
1 120
2 361
2 330
1 229
2 432
2 351
1 350
1 309
2 249
2 186
2 268
2 365
1 298
2 48
2 208
2 307
1 435
2 246
1 252
1 276
2 389
1 368
1 496
2 222
1 103
2 373
1 358
2 380
2 181
2 440
2 3
1 68
2 116
2 404
2 343
2 254
2 9
2 320
1 149
1 99
1 152
2 325
2 411
1 368
1 483
2 184
2 256
2 274
2 119
2 441
2 208
1 191
1 315
2 71
2 256
2 418
2 344
2 120
1 446
2 197
1 145
1 265
1 334
1 122
2 66
1 413
2 256
1 340
1 466
1 236
2 431
1 331
1 248
1 231
2 288
1 325
1 159
2 183
2 478
1 297
2 218
2 168
2 164
2 246
2 121
2 53
2 486
1 28
2 37
1 130
2 37
1 108
1 246
2 392
2 446
1 117
2 396
1 487
1 495
1 40
2 65
2 17
1 180
1 487
1 153
1 392
1 273
1 89
1 142
1 92
2 19
1 102
1 344
1 177
1 320
2 304
1 13
1 137
1 67
2 111
2 90
2 112
1 354
1 379
2 31
1 81
2 30
1 167
2 122
2 62
2 263
2 28
2 388
1 170
1 287
2 24
1 135
1 90
1 187
1 334
1 290
1 470
2 300
1 395
2 331
1 213
2 24
1 220
2 255
2 216
2 373
2 269
2 78
1 346
2 177
2 334
1 445
2 136
1 291
1 16
2 189
1 65
1 319
1 474
2 377
2 466
2 132
1 460
2 91
2 325
2 336
1 85
1 313
1 227
2 454
1 75
1 173
2 206
2 127
2 415
2 72
1 455
2 465
1 115
2 71
1 26
1 449
1 241
2 33
2 215
1 412
2 332
1 132
2 426
1 67
1 112
1 72
1 44
1 480
2 295
1 450
1 159
1 281
2 363
2 69
2 3
1 70
1 63
2 370
1 458
1 31
2 278
1 486
2 342
2 183
1 366
1 307
1 86
2 126
1 103
1 376
2 173
2 438
2 497
2 426
1 447
2 226
1 410
1 248
2 28
2 90
1 266
1 121
2 186
2 150
2 292
1 393
2 26
2 255
2 489
2 180
2 341
1 10
1 321
1 205
1 392
1 93
2 394
1 212
2 16
2 219
2 90
1 327
1 294
1 342
1 114
2 421
1 130
1 407
1 391
2 150
1 109
1 143
1 159
1 432
1 66
2 185
1 114
2 123
2 92
1 392
2 336
1 362
1 298
2 119
1 231
1 174
2 362
1 192
1 21
1 398
1 126
1 93
2 444
2 497
1 382
1 444
1 256
1 239
2 278
2 444
1 125
2 51
1 284
1 209
1 217
1 242
1 391
1 432
2 253
1 222
1 372
2 407
2 26
2 31
2 2
1 15
1 443
2 315
1 158
2 30
2 333
2 68
2 308
1 409
1 279
1 250
1 351
1 128
1 301
1 31
1 484
2 131
1 461
2 3
1 171
1 344
2 6
1 430
1 263
1 77
2 172
1 395
1 482
1 397
1 384
2 287
2 323
2 144
2 65
1 105
2 30
1 442
2 63
2 52
2 60
2 422
2 454
1 252
2 41
2 420
1 279
1 290
1 326
2 88
1 283
1 181
1 344
1 50
1 344
1 287
2 230
1 134
2 227
2 470
2 237
2 191
1 299
1 469
1 117
1 218
2 452
1 62
2 371
2 404
1 64
1 468
2 101
2 328
2 190
2 94
1 389
1 293
2 115
2 163
2 169
1 333
1 129
1 266
2 209
2 64
1 63
2 417
2 484
1 342
2 244
2 450
1 70
2 23
1 3
2 119
2 416
2 142
1 197
2 394
2 280
2 28
1 339
1 356
1 39
2 346
1 483
1 118
1 38
1 440
1 176
1 415
2 360
1 338
1 167
2 164
1 391
1 287
2 487
1 403
1 43
1 11
2 43
1 281
1 119
1 176
1 129
1 88
1 349
2 100
2 211
2 312
2 158
1 182
2 444
1 374
1 183
1 362
1 216
1 9
1 213
1 184
2 477
2 33
1 400
1 192
1 98
1 63
1 453
1 104
1 31
2 233
2 416
2 142
2 88
2 169
2 38
1 493
2 474
2 192
2 360
2 187
1 90
2 417
2 196
1 142
1 52
2 142
2 321
1 450
1 286
1 208
2 321
2 189
1 77
1 223
2 467
2 98
1 9
1 302
1 237
1 133
1 318
1 254
1 409
2 45
1 172
2 221
1 305
2 342
2 493
1 169
2 472
1 218
1 131
1 35
2 315
2 154
1 292
1 121
2 314
2 246
1 121
1 181
2 227
1 158
2 437
1 381
1 444
1 91
1 321
2 293
2 495
1 470
2 205
1 191
2 459
1 356
2 254
1 356
1 262
2 402
1 42
1 162
2 83
1 411
1 433
2 242
2 500
1 417
2 153
2 427
2 395
1 42
1 373
2 479
1 113
1 388
1 13
2 343
2 4
2 202
1 159
1 215
1 359
2 418
2 90
1 474
1 181
2 131
1 115
2 39
2 340
1 436
1 326
1 150
1 234
1 265
1 499
2 254
2 314
2 219
2 367
1 238
2 410
1 452
1 180
2 306
2 120
1 74
1 371
2 127
2 278
2 496
1 74
2 336
2 272
2 141
1 98
1 36
1 97
1 235
1 330
2 146
2 134
2 98
1 293
1 108
2 319
1 50
1 56
1 482
2 144
1 316
2 351
1 452
2 191
2 426
1 79
2 172
1 493
1 67
2 345
2 59
2 130
2 258
2 198
2 364
2 64
2 433
1 382
2 64
1 275
2 147
2 263
2 268
2 440
1 392
1 8
1 151
2 262
1 26
2 499
2 151
1 271
1 180
2 172
2 428
1 436
2 2
1 245
2 305
1 102
1 171
1 349
2 302
2 81
2 273
2 419
1 344
1 63
2 46
1 118
2 383
2 251
1 454
2 4
1 382
2 305
2 418
1 77
1 468
2 398
1 291
2 367
2 358
2 9
2 14
1 227
1 382
1 483
1 324
1 445
1 443
1 314
1 107
1 431
1 251
2 17
2 497
1 379
1 164
1 108
1 217
1 129
2 163
1 490
2 97
1 248
2 387
2 103
2 302
2 270
1 213
2 149
2 374
2 414
2 266
2 418
2 59
2 137
2 10
1 411
1 411
1 349
1 422
2 142
1 335
1 479
1 402
2 108
2 6
1 15
2 246
2 457
1 183
2 377
1 70
2 149
2 149
2 278
1 299
2 145
1 386
1 385
2 102
1 265
2 217
1 82
2 64
1 118
1 483
1 289
1 485
2 384
2 286
2 202
1 136
2 421
2 174
2 160
2 1
1 86
2 55
2 383
1 56
2 67
1 198
2 294
1 292
2 18
2 190
1 364
2 270
2 197
2 293
1 69
2 484
1 214
1 24
1 360
1 152
1 469
1 281
1 235
1 291
2 352
1 324
2 8
2 55
1 387
1 412
2 344
2 313
2 284
1 357
2 267
1 69
1 209
2 201
1 124
2 48
2 322
2 393
2 167
1 385
2 499
1 359
1 394
2 251
2 359
2 172
2 318
1 64
2 440
2 174
2 107
2 241
2 295
2 461
2 284
2 365
1 344
2 476
2 246
1 266
1 36
2 432
2 28
1 83
2 112
1 233
1 180
2 350
1 309
2 286
2 7
1 226
2 225
2 291
1 278
1 277
2 344
1 18
2 55
1 41
1 208
2 236
2 301
2 65
1 395
1 54
1 352
2 456
1 480
1 397
2 6
2 422
2 380
2 424
2 390
1 452
2 441
2 188
2 272
1 202
1 453
2 271
1 386
1 231
2 176
2 473
2 151
1 381
2 184
1 169
1 120
1 374
1 307
2 4
1 164
1 447
2 312
1 272
2 147
2 413
1 481
1 206
1 131
2 14
2 94
1 92
2 301
2 476
2 230
1 388
2 37
2 65
1 256
2 397
1 191
2 76
2 398
2 154
2 219
2 47
2 200
1 229
2 306
2 311
2 36
2 484
1 237
1 123
1 236
2 245
1 384
1 301
2 453
1 13
2 473
2 187
1 400
1 24
1 120
2 296
2 237
2 282
2 179
1 168
1 127
1 44
1 84
1 142
1 149
2 58
2 65
2 293
2 160
1 374
2 2
2 489
1 300
1 414
1 25
2 243
2 493
1 12
1 333
1 463
1 160
1 102
1 116
1 392
2 414
2 109
2 434
2 357
2 218
1 62
2 351
1 245
2 294
2 270
1 466
1 107
2 455
2 52
2 158
1 49
2 208
1 338
2 458
1 77
1 315
1 270
2 294
1 211
2 326
1 64
2 267
2 267
1 83
2 144
1 114
1 163
2 53
1 18
2 397
1 38
2 232
2 80
2 376
1 463
1 326
1 344
1 400
2 313
1 133
1 74
1 500
1 122
1 439
2 414
2 233
2 249
1 313
1 192
2 322
1 242
2 31
2 90
2 251
2 264
2 62
2 332
2 276
1 317
1 444
1 252
1 385
2 195
2 180
1 237
2 391
1 499
1 267
2 56
2 195
2 104
1 212
2 169
2 240
2 405
1 418
1 63
1 156
1 351
1 495
2 188
1 269
2 11
2 479
1 255
2 88
1 428
2 145
1 138
1 284
1 271
1 49
1 355
2 295
2 244
2 496
2 378
1 469
1 2
2 305
1 471
2 466
2 191
1 198
1 197
1 221
1 183
1 5
2 326
2 446
2 439
2 351
2 408
1 56
2 118
2 368
2 105
2 339
2 146
1 475
2 369
2 162
2 316
1 292
2 464
2 209
1 381
1 422
1 231
1 48
1 42
2 288
1 452
1 292
2 366
1 439
1 165
1 137
1 117
1 121
1 368
2 186
1 92
2 387
1 140
1 374
2 52
2 178
2 343
1 452
1 291
1 441
2 194
2 435
1 356
2 242
2 87
2 322
2 237
1 204
2 345
2 409
2 442
2 251
1 112
1 491
1 296
2 357
2 360
2 298
2 197
2 142
2 317
2 313
1 375
2 134
2 445
1 467
1 332
1 21
2 271
2 197
1 146
2 406
2 195
1 275
2 242
1 377
2 83
1 316
2 410
2 379
1 342
1 92
1 415
1 320
2 179
1 455
1 420
1 384
1 63
1 208
2 278
2 67
1 126
1 20
2 330
1 240
2 243
2 196
2 499
1 46
2 383
1 204
2 63
2 268
1 244
1 134
2 60
1 232
2 81
2 423
1 1
1 432
2 197
1 104
2 347
2 223
2 204
1 31
1 12
2 243
2 274
1 128
2 75
2 221
2 314
2 416
1 156
1 260
1 179
2 398
2 67
1 105
1 45
1 36
1 286
1 163
2 154
1 447
1 352
2 87
2 13
1 182
1 53
1 224
2 8
2 311
2 241
1 196
2 403
2 193
1 361
2 302
1 496
1 445
2 118
2 216
1 237
2 149
2 42
1 76
1 493
1 328
2 301
2 369
2 106
2 94
1 267
2 183
1 494
2 313
2 362
1 92
1 480
2 238
1 464
2 275
1 199
1 244
2 476
2 406
2 377
2 398
1 98
1 109
2 59
2 406
1 4
2 369
1 89
1 209
2 271
2 64
2 288
1 23
2 124
1 196
1 131
2 495
1 25
1 22
2 228
2 206
1 276
1 67
1 31
2 472
2 461
1 473
1 195
1 10
1 275
2 169
2 150
1 484
1 119
1 460
1 136
2 281
2 90
2 479
1 325
1 125
2 337
2 32
2 444
1 200
2 450
2 475
2 32
2 476
1 168
2 51
2 303
1 418
1 30
1 216
2 197
1 491
1 436
2 64
1 416
1 450
2 484
1 316
2 86
2 220
2 430
1 260
1 101
2 476
2 276
2 337
1 30
2 5
2 201
2 48
1 36
2 185
2 273
1 237
1 142
1 315
2 225
1 155
1 454
1 160
2 320
1 200
2 26
2 17
2 477
2 46
1 61
1 234
2 433
1 395
2 277
2 497
2 134
2 30
2 132
2 167
2 36
1 151
1 274
1 492
1 84
2 465
1 471
1 181
2 19
2 329
2 135
1 148
1 328
2 58
1 218
1 262
2 293
2 18
2 284
2 372
2 102
2 362
1 386
1 326
2 468
2 51
1 184
1 73
2 79
1 322
1 57
1 400
1 200
1 472
2 482
2 201
2 31
1 6
2 456
1 25
2 338
2 229
2 477
2 383
2 283
2 202
2 140
2 244
2 222
2 173
1 58
2 138
1 286
1 208
2 327
1 368
1 11
1 36
2 248
1 393
1 474
1 73
2 46
1 155
1 383
2 175
1 199
1 231
2 455
2 77
2 22
1 296
1 391
2 370
2 101
1 372
1 207
1 391
2 464
2 224
1 372
1 489
1 61
2 258
1 9
2 148
2 482
1 266
2 126
1 215
1 101
1 4
1 234
1 264
2 438
2 246
2 88
1 435
1 304
1 15
2 230
2 47
1 106
1 288
2 151
1 161
1 291
1 263
1 57
1 424
1 216
2 359
2 254
2 302
1 336
2 74
1 479
1 481
1 135
1 18
1 121
1 241
2 193
2 139
2 380
1 447
2 435
2 101
1 449
1 449
1 218
1 53
1 345
2 483
1 152
2 469
1 382
2 387
2 63
2 175
1 438
2 240
1 129
1 412
2 241
1 65
2 234
2 358
1 150
2 409
2 45
2 277
1 437
2 500
2 187
2 292
1 147
2 496
1 222
2 204
2 470
1 125
2 237
1 485
1 26
2 390
1 474
1 496
1 328
2 261
1 21
1 490
1 435
2 147
1 95
1 322
1 322
1 471
1 132
2 295
2 199
1 227
1 350
1 434
2 420
1 43
2 245
1 164
2 220
1 39
1 363
1 81
1 158
2 241
2 357
2 297
1 219
2 79
1 448
1 448
1 57
1 12
1 225
2 184
1 336
1 461
1 434
1 382
2 444
1 231
2 157
2 60
2 402
1 146
2 354
2 68
1 435
2 63
2 253
2 455
1 172
2 138
2 308
2 47
1 140
2 256
1 156
2 374
2 156
2 257
2 464
2 123
1 107
2 408
1 283
1 299
2 129
1 411
1 306
1 39
1 86
1 445
2 460
2 1
1 41
1 180
1 138
1 105
1 487
2 455
2 78
1 427
1 393
1 142
2 147
1 496
1 326
1 29
2 462
2 456
2 490
1 210
2 437
2 371
2 31
2 248
1 430
1 166
2 363
2 373
2 190
1 297
2 159
2 356
2 353
2 327
2 446
1 321
2 54
2 361
1 368
1 396
2 134
2 323
1 423
2 209
1 414
2 331
2 329
1 397
2 348
2 227
1 110
1 380
1 90
1 451
2 200
1 458
2 462
1 180
1 475
1 200
1 392
1 312
1 67
1 105
1 282
2 411
1 230
1 259
1 382
2 480
2 259
2 265
1 217
1 456
2 332
2 282
2 36
1 147
1 5
2 219
2 433
1 382
2 271
1 186
1 200
2 436
1 102
1 30
1 496
2 64
2 343
2 253
1 290
2 183
2 353
2 433
1 382
1 152
2 305
2 8
1 1
1 314
1 347
2 475
1 31
1 20
2 383
2 102
1 375
1 170
1 36
1 365
1 119
1 422
2 204
2 279
1 224
1 362
2 138
1 264
1 374
1 392
1 112
2 131
1 128
2 417
2 106
2 432
2 500
2 147
2 134
2 111
2 368
1 131
2 307
2 24
1 234
2 139
2 407
1 182
1 422
2 49
2 231
1 251
2 37
1 285
1 26
2 82
1 218
2 102
2 311
1 408
1 40
2 240
2 20
2 184
2 223
1 319
1 268
1 36
1 23
1 177
1 419
1 293
1 322
2 216
1 372
1 379
2 374
1 61
2 243
2 185
2 32
2 270
2 276
2 454
1 329
1 198
2 240
1 438
2 236
1 45
2 481
2 370
1 245
1 98
2 230
1 303
1 488
2 412
1 229
1 413
2 347
1 359
1 452
2 499
2 302
2 146
1 169
2 487
2 500
1 103
1 69
1 195
1 330
1 171
1 175
1 171
1 193
2 311
1 325
2 183
1 55
1 259
1 46
2 488
2 180
2 478
1 348
1 156
2 130
1 438
1 261
1 177
1 137
1 301
2 148
2 291
2 14
2 130
2 146
2 160
2 59
2 277
1 309
1 286
1 461
1 93
1 183
1 27
2 461
2 484
1 14
1 14
2 26
2 142
2 112
2 52
1 437
1 280
2 463
2 386
2 492
2 496
2 452
1 345
1 53
1 223
1 305
2 296
2 231
2 205
1 237
1 216
1 435
2 122
2 263
1 172
2 338
2 281
2 41
2 52
2 157
1 362
2 362
2 143
2 446
1 286
1 455
2 207
1 347
2 286
1 188
2 216
2 476
1 313
1 472
1 312
1 489
2 293
2 181
2 295
1 134
1 308
2 433
1 478
2 194
2 92
2 424
2 257
2 6
2 118
1 136
2 309
2 453
2 179
2 388
2 259
2 404
1 313
1 283
1 319
2 257
1 61
1 421
1 134
1 90
2 107
1 383
1 54
2 220
1 319
2 204
2 332
2 346
1 147
2 286
2 309
1 226
2 277
1 38
1 276
1 12
1 57
1 1
1 80
2 341
1 179
1 327
1 354
1 6
1 4
2 464
1 36
1 33
1 39
1 73
1 401
1 48
2 329
1 418
1 472
1 157
2 153
2 364
2 359
2 358
1 11
1 26
1 215
1 209
2 183
2 419
1 216
1 244
1 365
1 303
2 271
1 339
1 146
1 134
1 423
2 70
2 16
2 331
1 208
2 187
1 172
2 325
2 70
2 431
1 82
2 474
1 396
1 127
1 218
1 397
1 103
1 424
1 264
1 52
2 497
1 213
1 342
2 54
2 309
1 400
1 69
1 242
1 389
1 357
1 480
1 97
1 423
2 403
2 478
1 9
1 395
2 141
1 462
2 350
1 30
1 160
1 327
2 266
2 472
1 173
2 227
2 236
1 493
2 188
2 148
1 148
2 121
2 482
1 187
1 203
1 285
1 370
2 466
2 177
1 108
2 92
2 322
1 188
1 22
2 488
2 274
1 415
1 480
2 179
1 80
1 85
1 95
1 326
2 88
1 350
1 55
2 234
1 324
2 41
2 147
2 366
1 220
1 18
2 28
1 216
2 77
1 174
1 254
2 84
2 205
2 240
2 429
2 486
2 245
1 449
2 110
1 163
2 298
1 27
2 227
1 284
1 394
2 179
2 160
1 191
1 398
2 326
1 107
2 430
1 40
2 242
1 44
1 330
2 287
2 18
1 450
2 373
2 461
2 193
1 16
1 39
2 18
1 442
1 26
1 327
1 102
2 419
2 176
1 338
2 456
2 180
1 359
1 452
2 306
2 143
2 232
2 437
2 397
1 76
1 101
2 191
1 323
2 199
1 209
1 164
1 94
2 273
1 98
2 122
2 73
1 75
1 149
2 404
2 241
2 170
2 233
2 395
2 173
2 405
2 332
1 397
2 115
2 228
1 97
2 319
2 169
2 324
2 256
2 213
1 410
1 188
1 94
1 49
2 26
2 351
2 224
2 485
1 120
1 402
1 265
1 237
2 464
1 101
2 491
2 66
1 46
1 393
1 187
2 110
2 245
1 125
2 411
1 158
1 173
2 449
2 482
2 73
1 97
2 16
2 337
1 486
2 39
1 226
2 171
2 141
2 498
1 235
1 227
2 493
2 155
1 40
2 126
1 434
1 137
2 160
2 382
2 59
1 227
1 497
2 322
2 15
1 106
1 283
1 198
1 287
1 217
1 340
1 141
2 268
2 74
2 454
2 128
1 79
1 148
2 454
2 267
1 492
2 273
2 408
1 50
1 174
1 223
2 311
1 138
1 344
2 209
2 221
1 161
2 393
1 77
1 128
1 17
1 68
1 246
2 111
2 373
1 412
2 149
1 162
1 152
1 200
1 154
1 47
1 71
2 473
2 488
2 490
1 72
2 497
2 88
1 463
1 243
1 258
2 95
1 380
1 277
2 309
1 203
2 96
2 145
1 271
1 20
2 340
2 21
1 259
1 295
2 419
1 446
2 132
2 300
1 490
1 294
2 357
1 5
1 120
1 372
2 485
2 3
1 186
2 12
1 335
1 369
2 195
1 133
2 58
1 42
1 359
2 50
1 35
1 19
1 407
1 396
1 485
1 67
1 125
1 317
2 88
2 415
1 203
1 312
1 183
2 159
1 40
1 109
1 114
2 79
1 221
2 115
2 224
1 78
1 463
1 362
1 431
2 184
2 28
2 244
1 200
2 103
2 462
2 164
2 190
1 299
1 68
2 466
1 446
2 195
2 288
2 310
1 37
2 202
1 340
1 477
2 200
1 129
2 142
1 440
2 237
1 92
2 2
2 152
1 451
1 60
2 106
2 308
1 214
1 409
2 159
1 443
1 317
2 222
1 66
2 141
1 102
1 162
1 141
2 255
2 363
1 181
1 386
2 462
2 54
1 355
1 107
2 421
2 219
1 85
1 7
2 142
1 308
2 415
1 468
2 243
1 186
2 149
1 467
1 374
1 184
2 83
1 25
2 417
1 497
2 83
2 429
1 314
1 379
2 388
1 101
1 27
2 108
2 414
2 489
2 446
1 15
2 313
1 383
2 339
2 433
2 85
2 497
2 449
2 479
1 72
2 21
1 421
1 476
1 406
1 121
1 487
2 84
1 378
1 380
1 49
2 489
2 25
2 383
2 63
2 364
1 496
1 435
1 364
1 102
2 78
1 324
1 60
2 363
1 77
2 5
2 259
2 257
2 181
1 460
2 204
2 228
2 59
1 467
1 276
1 246
2 141
1 268
1 180
2 341
1 77
1 380
2 42
2 321
2 480
1 317
2 455
2 86
2 410
1 490
2 471
2 241
2 156
2 14
1 491
2 443
2 52
2 253
2 163
2 19
1 205
1 380
2 232
2 375
2 368
1 30
1 450
1 300
1 278
1 293
1 20
2 186
2 409
1 367
2 363
1 416
2 73
1 77
1 260
2 296
1 166
2 317
2 447
2 72
1 134
1 196
2 99
2 279
2 171
2 430
2 234
2 451
1 492
2 461
1 329
2 231
1 285
2 460
2 367
1 159
1 247
1 208
2 86
1 56
1 483
2 140
1 181
1 374
2 468
1 276
1 146
1 141
2 256
2 365
2 336
2 178
1 228
1 131
1 371
1 273
2 22
2 273
1 354
1 226
1 331
2 469
2 210
1 259
1 414
2 292
2 350
2 34
2 206
1 94
2 53
2 485
1 131
2 128
1 254
2 305
2 206
1 413
2 87
2 232
1 349
2 100
1 196
2 127
2 1
1 33
2 438
1 127
1 126
1 404
1 458
1 316
2 185
1 282
2 454
2 270
1 240
2 500
2 206
1 391
1 49
1 258
2 293
1 406
1 341
2 149
2 369
1 17
2 395
1 176
1 311
2 150
1 18
2 188
2 330
1 280
1 353
2 216
2 125
1 267
2 282
2 319
1 83
1 407
2 133
1 177
2 26
1 196
2 30
2 117
2 313
1 236
2 137
1 366
2 277
1 429
1 250
1 412
1 435
1 161
2 399
2 214
1 366
2 171
2 496
2 105
1 387
1 28
2 495
2 487
2 376
2 181
1 366
1 457
1 261
2 219
2 157
1 286
1 44
1 120
2 447
1 402
2 416
1 59
1 322
2 33
1 163
2 175
2 8
2 32
1 452
1 130
1 385
2 334
2 75
2 171
2 177
2 205
1 354
2 353
2 363
2 76
2 301
1 257
1 85
2 131
1 390
1 347
2 379
1 407
2 485
2 473
2 353
2 104
1 495
1 437
2 397
1 233
2 466
1 61
1 130
2 437
2 303
2 497
2 315
2 485
2 332
2 311
1 337
1 94
2 73
1 39
2 245
2 370
1 112
1 259
2 120
2 464
1 330
1 306
1 363
1 294
1 98
1 81
1 369
1 264
2 55
1 114
1 425
2 361
1 412
1 481
2 18
1 157
2 403
1 194
2 104
2 162
2 90
2 487
1 268
1 251
2 256
1 326
1 346
1 67
2 157
2 491
2 342
2 77
2 313
2 361
1 109
2 468
2 265
1 8
1 408
1 58
2 473
2 342
1 421
1 130
2 159
2 307
1 471
1 96
2 154
2 402
1 331
1 312
2 27
1 330
1 429
1 448
1 122
2 275
1 401
2 323
2 377
2 410
2 12
1 482
2 314
2 131
1 456
1 90
2 113
2 268
1 158
1 499
1 208
2 173
1 177
2 370
2 124
1 252
2 137
2 4
1 171
1 445
2 427
1 461
1 304
1 137
1 147
2 93
2 259
2 314
1 112
1 44
2 315
2 73
2 231
1 104
1 61
1 380
1 285
1 83
1 123
2 401
1 57
2 328
2 462
2 306
2 176
1 363
1 496
2 144
2 363
2 332
2 498
2 466
1 402
1 74
1 322
1 497
1 171
1 397
1 317
1 408
1 403
1 38
2 56
2 329
1 132
1 45
2 222
1 115
2 262
1 350
2 13
2 313
2 22
2 166
1 114
2 386
2 194
2 119
1 455
2 19
1 310
2 419
2 277
2 5
1 424
1 472
1 404
1 323
1 344
1 467
1 265
1 178
1 126
1 59
2 446
1 370
2 344
1 285
1 24
2 157
2 346
2 439
1 264
2 27
1 100
2 417
1 197
1 174
1 241
1 106
1 13
1 292
2 115
-1
