2 212
1 165
2 230
1 298
2 115
1 454
1 393
1 106
1 212
2 26
2 274
1 390
2 142
2 301
1 43
1 400
2 206
2 447
1 302
1 38
1 159
1 312
2 165
2 100
1 30
2 21
2 92
1 395
1 256
2 231
2 77
1 257
1 46
2 69
1 150
2 467
1 302
1 62
1 399
2 193
1 137
2 434
2 474
1 314
1 226
1 380
1 377
1 436
2 394
1 474
2 314
1 202
2 422
2 284
1 275
2 451
2 41
1 491
2 415
1 96
1 51
2 294
1 314
2 202
2 436
2 101
1 318
1 216
2 268
1 262
1 328
1 304
1 299
2 86
2 302
2 205
2 359
1 280
1 430
2 230
2 359
1 114
1 335
1 267
1 33
1 495
1 444
2 431
1 445
2 159
1 197
2 450
1 64
2 431
2 413
2 209
2 194
2 299
2 356
2 482
1 296
2 99
2 127
2 185
2 397
2 168
1 57
1 353
1 50
2 316
2 295
1 85
2 198
2 369
2 151
1 292
2 30
1 241
1 123
2 430
2 119
1 464
2 419
1 350
1 99
2 430
2 189
1 233
1 101
2 143
1 155
1 254
1 28
1 192
1 123
2 168
2 422
1 120
1 299
2 308
2 486
2 142
1 455
1 263
1 327
2 363
2 191
1 16
1 313
2 219
2 180
1 28
2 221
2 293
1 319
1 120
1 40
2 181
2 339
1 254
2 52
1 497
1 83
1 163
2 71
2 182
1 471
2 54
2 207
1 266
2 149
1 33
2 350
2 35
1 8
1 204
1 255
1 5
2 416
1 435
1 400
1 439
1 176
1 117
1 42
1 111
1 119
2 230
2 207
1 360
2 51
1 478
2 467
1 345
1 149
1 219
2 247
2 474
2 353
1 8
1 324
1 287
1 464
2 114
2 280
1 89
2 389
1 339
2 47
1 237
1 315
2 448
2 316
2 335
1 363
2 413
1 16
2 331
1 67
2 2
2 270
1 381
1 7
2 364
2 402
1 452
1 259
2 129
1 24
2 93
1 361
2 275
2 407
2 208
1 401
2 172
1 2
1 179
1 122
2 412
1 494
1 91
1 466
2 325
2 386
2 78
1 125
1 474
1 309
2 357
2 93
1 231
1 431
2 305
1 451
2 427
2 284
1 48
2 440
2 90
2 493
2 423
1 19
1 1
2 281
2 239
2 236
2 23
1 230
2 69
1 395
1 328
1 217
1 279
1 452
1 185
1 34
2 413
1 206
2 82
1 121
2 415
1 493
2 373
1 467
1 106
1 141
2 243
2 160
2 216
2 388
1 55
1 358
2 29
1 84
2 105
1 135
2 412
2 159
1 201
1 429
1 339
2 238
2 481
1 102
2 360
2 448
1 466
1 85
2 425
1 309
2 371
2 400
1 421
1 418
2 35
1 278
2 471
1 306
2 265
2 499
1 99
2 242
2 308
1 263
1 493
2 112
2 365
2 349
2 273
1 110
2 167
2 32
2 254
2 88
1 95
1 494
2 236
2 461
2 412
2 274
1 293
1 470
2 100
1 146
1 287
2 31
1 141
1 90
2 250
2 264
1 467
2 240
1 195
2 97
1 275
1 361
1 459
2 428
2 352
2 282
2 179
1 444
1 225
2 66
1 266
2 21
1 290
2 137
1 313
2 442
2 455
1 6
2 336
1 323
1 358
2 30
2 268
2 60
2 209
2 170
1 305
2 409
1 155
1 282
2 130
2 405
1 228
2 349
1 48
2 455
2 127
1 145
2 308
1 239
1 180
1 46
2 450
1 134
1 351
2 274
2 341
2 416
2 293
1 336
1 287
1 300
2 125
2 159
1 500
2 3
1 157
1 368
1 354
2 414
1 268
2 184
1 217
1 28
2 215
2 404
2 4
1 266
1 500
1 115
2 173
1 30
2 17
2 286
1 398
2 426
2 238
2 124
1 60
1 167
2 366
1 127
1 125
1 201
1 168
1 123
1 137
1 168
2 401
2 375
1 356
1 166
2 260
2 250
1 292
1 446
1 190
1 379
1 316
2 438
2 450
1 174
1 415
2 239
2 497
2 464
1 264
2 296
2 270
1 194
2 165
2 70
1 415
1 168
1 231
2 64
1 368
2 266
1 429
1 449
2 172
1 129
2 245
1 161
1 173
2 426
1 197
1 191
2 295
1 192
2 166
2 57
2 195
1 167
2 29
2 252
1 378
1 486
1 7
1 487
1 204
2 369
2 260
2 363
1 121
2 431
1 365
2 23
1 160
2 386
1 155
2 239
1 368
1 358
2 73
1 406
2 108
1 29
2 36
2 273
1 149
2 146
1 41
1 425
1 208
1 239
1 299
2 97
1 404
1 244
1 150
2 104
2 274
1 328
1 375
1 317
2 6
1 388
1 481
1 97
1 474
2 253
1 367
1 289
1 155
2 449
1 33
2 265
2 388
1 468
1 395
1 489
1 450
1 149
1 188
2 322
2 283
1 284
2 127
1 270
1 104
1 289
2 474
2 295
1 348
1 327
1 101
2 493
1 191
2 332
1 237
2 242
2 78
2 19
2 96
1 190
1 210
1 40
2 87
1 248
1 299
2 28
2 389
1 301
2 365
1 160
2 136
2 324
2 277
1 121
2 334
1 276
2 344
2 429
1 500
2 215
1 103
1 400
2 318
1 274
1 183
2 486
1 38
2 235
1 355
2 38
1 369
2 434
1 331
1 345
1 242
2 331
1 5
2 187
1 430
1 355
2 244
1 282
2 1
1 447
2 223
1 246
2 353
2 6
2 244
1 13
1 112
2 181
1 425
2 141
2 30
2 319
1 39
1 258
2 116
1 97
1 392
1 132
1 372
2 278
2 42
1 304
2 337
2 473
2 55
2 115
2 312
2 210
1 385
2 92
1 23
1 41
1 381
1 361
1 364
1 70
2 132
1 57
1 62
2 228
1 346
2 52
2 479
2 210
2 432
2 66
1 340
1 71
1 333
2 175
1 272
1 100
2 321
2 222
1 389
1 202
1 496
2 242
1 218
2 41
2 103
1 306
1 416
1 365
1 362
2 444
2 487
2 240
2 403
2 41
1 114
1 377
2 198
2 287
2 421
2 267
1 136
1 21
2 151
1 3
1 128
1 497
1 192
1 273
2 400
2 386
1 258
1 474
2 232
1 426
2 290
1 380
1 116
1 180
1 489
1 130
2 127
1 82
2 65
1 265
1 18
1 329
2 263
2 434
2 266
2 499
1 402
1 333
2 481
1 487
1 194
1 438
1 297
2 342
2 373
1 176
1 107
2 369
1 159
1 216
1 12
1 331
2 295
2 486
2 27
1 448
1 291
2 243
2 256
2 151
1 42
1 73
2 182
2 222
1 94
2 116
2 2
1 222
1 461
2 274
2 382
1 58
1 310
1 462
2 236
1 396
1 289
2 130
2 261
2 310
2 139
2 15
1 223
1 287
2 146
1 21
2 133
1 50
2 229
2 359
2 122
2 94
2 427
2 233
2 277
1 97
2 171
1 54
2 199
1 427
2 103
2 223
1 376
2 382
1 283
1 420
2 198
2 19
1 439
2 367
2 496
2 129
1 426
1 410
2 77
1 173
1 486
2 267
2 167
1 169
1 239
1 410
2 453
1 264
2 382
1 458
2 445
1 395
1 324
1 198
1 196
1 79
2 117
2 246
2 196
1 436
2 353
2 223
2 328
1 252
2 320
2 438
1 498
1 337
2 191
2 73
1 256
2 419
1 200
1 7
2 281
1 329
2 343
2 494
1 93
2 231
1 305
1 379
1 203
2 327
2 101
2 279
2 401
2 80
1 64
1 495
1 84
2 180
1 430
2 447
1 269
2 285
2 196
2 79
1 377
2 291
1 155
2 186
2 469
2 155
1 55
2 79
1 175
1 63
1 283
2 125
2 186
2 476
2 423
1 131
1 162
2 481
1 193
1 370
2 282
1 396
1 376
1 473
2 83
2 6
2 248
2 268
2 243
2 165
1 500
2 21
2 419
2 328
2 18
2 123
2 425
1 339
1 343
2 54
1 402
1 494
2 394
2 433
1 207
2 357
1 96
2 70
1 229
2 477
1 446
2 101
1 469
2 225
2 453
2 440
1 190
1 2
2 46
1 422
2 235
2 162
1 7
1 47
1 480
2 185
2 474
2 498
1 75
2 456
1 353
1 381
1 181
2 180
1 20
2 330
1 83
1 287
1 75
1 29
1 60
2 183
2 350
1 326
1 106
1 303
1 29
1 55
2 418
1 286
2 187
1 395
2 311
2 62
2 218
1 290
1 7
1 162
1 356
1 483
2 473
1 271
2 321
2 413
1 411
1 378
2 17
1 69
2 157
2 63
1 72
2 355
1 28
2 137
2 208
1 344
1 257
1 384
2 142
1 18
1 345
2 500
1 371
2 40
2 199
2 104
1 307
2 52
1 327
1 217
1 11
1 417
2 377
1 195
1 447
1 422
2 163
2 356
2 341
1 411
2 498
1 365
1 176
1 137
1 455
2 239
1 116
2 84
1 454
2 214
1 46
2 395
1 259
1 240
1 145
1 342
1 368
1 445
2 473
1 249
1 286
2 97
1 142
1 245
2 162
1 199
1 296
2 415
2 342
2 358
2 360
2 480
2 257
2 474
2 358
1 360
2 60
1 248
2 488
2 500
2 154
1 208
1 142
2 208
2 481
2 321
1 467
2 271
2 77
1 156
1 317
2 132
1 323
1 281
1 76
1 162
2 329
1 382
1 344
2 452
1 5
2 367
1 277
2 398
2 84
2 342
1 420
2 480
1 204
1 255
2 39
1 360
2 285
2 188
1 182
2 7
1 115
1 361
2 214
2 447
1 163
1 401
1 113
1 27
1 139
2 447
2 49
1 247
2 250
1 17
2 425
2 173
2 100
2 282
1 495
1 463
1 368
2 443
1 95
1 499
2 454
2 262
1 454
1 39
1 294
2 190
1 281
1 108
2 247
2 194
2 321
1 250
1 370
2 371
1 366
2 49
2 166
1 25
2 21
2 26
1 321
1 383
2 77
2 481
2 231
1 416
2 33
2 90
2 61
1 70
1 181
1 449
1 131
2 464
1 387
1 169
2 57
1 159
2 394
1 308
1 17
2 27
1 91
1 156
1 280
2 281
1 195
2 305
2 53
1 180
2 461
2 349
2 400
1 2
2 499
2 268
2 87
1 268
2 114
2 32
2 148
2 204
1 393
1 18
1 479
1 88
1 398
2 160
2 148
2 293
1 25
1 364
2 58
1 288
2 54
2 415
2 483
1 246
1 329
1 377
2 165
1 450
1 104
1 62
2 122
1 100
2 117
1 109
1 447
1 196
1 419
1 53
2 283
1 480
2 265
1 418
2 24
2 342
2 328
2 82
1 108
2 300
2 144
1 250
1 156
1 442
1 111
1 326
1 495
1 4
1 365
2 40
1 492
1 219
2 136
1 120
1 332
2 320
1 179
2 269
1 218
1 407
2 407
1 222
1 241
2 13
1 498
1 197
2 285
2 159
2 418
2 16
1 49
2 429
2 255
2 412
2 111
1 301
2 402
1 122
1 98
1 99
2 390
1 287
1 414
1 446
1 76
2 285
1 295
2 203
1 113
1 374
2 284
1 92
2 47
2 178
1 199
2 91
1 276
2 113
2 322
2 372
2 19
1 225
1 72
2 67
2 244
1 259
2 465
1 63
2 415
2 6
2 221
1 404
1 325
1 36
1 426
1 247
2 267
2 314
2 101
1 23
1 23
2 223
2 483
2 349
2 81
1 65
2 450
1 148
1 335
1 271
2 295
2 57
2 191
1 399
2 101
2 487
2 54
2 461
1 197
2 136
1 14
1 430
2 19
1 440
2 465
2 113
2 431
2 171
1 390
1 412
1 342
1 316
2 310
1 134
2 436
2 488
1 320
2 264
1 198
1 43
1 266
2 272
1 176
2 169
2 12
2 259
2 182
1 452
1 202
2 202
2 206
2 438
2 457
1 67
2 257
2 316
1 115
1 421
1 382
1 59
2 22
2 449
2 94
1 46
2 337
2 284
1 435
2 270
1 274
1 398
1 296
2 255
2 4
1 52
2 117
1 481
1 278
1 192
1 181
1 18
2 336
2 262
2 374
1 14
2 71
2 381
2 327
2 129
2 14
1 67
1 142
1 119
2 329
2 494
2 400
1 230
2 164
2 357
2 374
1 388
2 484
1 163
2 458
2 141
1 470
2 305
2 106
1 234
1 86
2 295
2 90
1 71
1 14
1 142
1 149
2 36
2 352
1 295
1 192
2 133
2 345
2 476
2 212
2 236
2 435
1 133
2 53
1 130
2 483
2 10
2 4
2 115
2 446
2 16
2 399
1 149
1 437
1 46
1 184
2 297
2 311
2 495
2 484
1 133
1 98
1 449
2 390
2 160
2 28
2 323
1 175
1 21
2 299
1 258
2 199
1 453
2 335
2 75
1 274
1 488
2 53
1 176
2 202
2 129
2 361
1 155
2 127
2 497
2 93
2 111
2 12
2 3
1 213
2 220
1 488
2 61
2 494
1 483
2 422
2 276
1 266
1 21
1 308
2 21
1 327
2 394
2 46
1 240
1 325
2 96
1 17
1 204
1 243
1 57
1 1
1 149
1 317
2 10
1 390
1 376
1 160
2 258
2 17
1 315
2 456
1 4
2 417
1 334
2 97
1 174
2 277
1 363
2 195
1 217
1 105
1 151
1 64
2 173
1 406
2 272
2 100
1 37
1 187
2 378
2 464
2 380
2 76
1 333
1 169
2 205
2 196
1 388
1 116
1 191
2 398
2 85
2 90
1 364
1 344
2 410
2 495
2 47
2 234
1 340
1 484
2 174
1 252
1 291
2 473
2 91
2 295
2 219
1 148
2 363
2 27
2 298
1 413
1 444
2 279
2 400
2 31
1 294
1 339
1 352
2 416
1 33
2 469
1 298
1 186
2 107
1 433
1 437
2 451
1 195
1 15
2 344
2 372
2 31
1 72
1 372
2 176
2 49
1 8
2 463
2 359
2 460
2 176
2 339
2 276
1 60
1 480
2 39
2 391
2 264
1 154
2 152
2 243
2 176
1 251
2 498
2 59
1 251
2 354
2 65
2 122
1 123
2 378
2 155
1 433
1 285
1 257
1 119
2 340
1 453
1 136
1 198
2 259
1 133
1 389
2 445
1 24
2 315
2 431
2 372
2 239
1 4
2 443
1 197
2 120
2 224
2 303
1 153
2 73
2 377
2 185
2 175
1 239
2 312
2 161
2 87
2 190
1 97
2 64
1 119
2 294
1 141
1 115
1 361
1 134
2 352
2 57
1 230
2 366
1 167
2 76
2 277
1 194
1 102
2 19
1 143
1 413
1 112
1 133
1 419
1 60
1 436
1 148
1 114
2 207
1 391
1 236
1 399
2 393
1 38
2 423
1 426
1 167
2 67
2 212
2 65
2 106
1 90
2 17
2 118
2 334
1 357
2 27
2 202
2 311
2 33
2 122
2 272
2 51
1 439
2 26
2 385
1 59
2 236
2 29
2 150
2 213
1 135
2 316
1 362
1 278
1 211
1 56
1 40
2 320
1 221
2 185
2 328
2 283
1 169
1 120
1 378
1 379
1 127
2 200
1 172
2 233
1 228
2 364
2 247
2 449
2 231
2 423
2 227
1 326
2 221
2 269
1 333
2 461
2 193
1 446
2 341
1 98
1 170
2 187
1 347
2 86
1 119
2 488
2 418
2 443
1 461
2 235
2 210
2 103
1 59
1 470
2 430
1 318
2 380
1 71
2 490
1 156
1 16
2 156
2 11
2 422
2 13
1 116
1 55
1 180
2 118
2 215
2 68
1 201
1 240
2 378
2 427
1 41
1 231
1 79
2 498
1 63
2 360
1 436
1 248
2 230
2 116
1 467
2 179
2 334
1 290
2 499
1 299
2 361
2 86
1 121
1 291
1 94
1 213
2 415
1 496
1 380
2 439
1 497
2 365
2 35
1 245
2 73
1 423
2 72
1 224
2 91
1 228
1 367
1 417
2 104
1 276
2 226
1 33
1 182
2 404
1 402
2 452
1 192
1 110
2 86
2 159
1 50
1 64
1 178
1 48
2 95
2 467
1 388
2 245
1 247
2 341
1 149
2 473
1 370
2 306
2 119
2 483
2 202
1 436
2 377
1 363
2 158
1 346
1 180
1 171
2 238
2 426
1 155
2 429
2 185
2 331
2 51
2 323
1 210
2 187
1 446
2 260
2 230
2 352
1 47
1 188
1 33
2 374
2 215
1 415
2 388
1 406
1 410
1 246
1 338
1 57
2 480
2 238
1 125
2 323
2 463
1 159
2 326
1 385
2 185
1 495
2 397
1 214
1 128
2 277
2 390
1 452
1 354
2 283
1 129
2 353
2 318
2 289
2 394
1 239
1 325
1 2
2 133
1 378
1 174
2 281
1 340
1 285
2 272
2 374
1 375
1 343
1 236
2 38
2 156
2 59
1 362
1 404
1 275
1 458
2 288
1 364
2 321
1 171
1 418
1 343
1 122
2 335
2 168
1 338
2 500
1 7
2 307
1 207
1 43
1 234
1 253
2 308
2 448
1 16
2 374
1 156
2 43
1 203
1 213
1 88
2 139
1 425
1 208
2 231
1 498
1 432
1 412
2 174
2 69
2 223
1 399
1 288
2 71
1 206
2 382
2 347
1 91
1 317
1 106
2 399
1 362
1 57
2 421
2 483
2 123
2 282
2 286
2 313
1 58
1 491
2 163
2 163
2 312
2 50
1 230
1 373
2 482
2 216
1 11
1 242
1 255
2 6
1 443
2 248
1 188
1 143
1 278
2 454
1 487
2 211
1 155
2 11
1 363
1 389
1 275
1 211
2 356
1 421
1 238
1 149
1 461
2 127
1 299
2 31
1 435
2 205
2 175
2 76
1 292
1 467
2 445
2 447
1 96
2 97
1 238
1 111
1 92
2 288
2 21
1 380
1 411
1 396
2 3
1 474
1 287
1 212
1 320
2 31
1 377
1 453
2 77
2 16
1 3
2 262
1 473
2 183
2 429
1 467
2 253
2 280
1 436
1 271
1 2
2 23
1 132
2 196
1 241
1 228
2 366
2 470
1 482
1 72
1 434
2 396
1 35
2 225
1 18
2 77
2 148
2 101
2 277
1 339
2 211
1 112
2 406
2 266
2 85
1 352
1 80
2 203
1 422
1 435
2 274
1 310
2 462
1 52
2 409
1 255
1 159
1 48
1 151
2 155
2 354
1 456
2 105
1 250
1 289
2 168
2 48
2 187
2 238
1 99
2 331
1 470
2 423
2 405
2 33
2 11
2 268
1 375
1 476
2 101
1 161
2 30
1 97
2 216
2 306
2 185
2 20
1 477
1 22
2 219
1 143
2 144
2 47
2 486
1 495
2 489
2 207
2 362
2 87
2 341
1 95
2 380
1 30
2 112
2 441
1 309
1 410
1 198
1 322
2 181
1 473
1 322
2 40
2 186
1 316
1 369
1 51
2 80
1 309
2 335
2 372
2 184
2 298
2 441
1 268
2 139
1 494
2 271
2 347
1 10
1 481
2 128
2 479
2 167
2 249
2 239
1 495
2 104
1 7
1 263
1 221
1 366
1 214
1 99
1 443
1 278
2 338
2 158
1 111
1 306
2 176
2 182
1 319
2 313
2 33
1 451
2 329
1 318
1 303
1 305
2 376
1 19
2 486
1 381
1 203
1 158
1 434
2 399
1 476
1 429
1 139
2 112
2 398
2 212
1 49
1 444
1 450
1 488
2 342
1 235
1 258
1 274
2 83
1 295
1 235
2 269
2 157
1 43
1 12
1 253
1 122
1 335
2 9
2 209
1 394
2 246
2 391
2 194
2 42
1 234
2 414
1 205
1 85
1 123
1 353
2 8
1 274
1 248
1 368
2 336
1 103
2 264
2 303
2 317
1 296
1 176
2 403
2 130
2 480
1 287
1 330
1 158
2 339
2 89
2 65
1 320
1 208
2 12
1 40
2 205
2 82
2 396
2 113
2 175
1 481
2 275
1 106
1 117
2 41
2 355
2 480
1 124
2 108
1 196
2 168
1 186
2 132
2 437
1 309
1 335
2 424
1 451
1 245
2 178
2 123
1 242
1 409
2 288
1 352
2 367
2 86
1 472
1 484
1 313
1 371
1 433
2 461
2 28
2 153
2 342
2 292
2 228
1 299
2 67
2 53
2 373
1 484
1 207
2 252
1 463
1 371
2 120
2 481
2 239
2 407
1 111
1 14
1 397
2 408
1 315
1 248
2 449
1 383
1 402
1 379
1 459
2 462
2 135
1 281
2 278
1 305
1 237
1 281
1 482
1 301
1 351
1 187
1 483
2 159
2 406
2 452
1 341
1 146
2 59
2 347
2 318
2 428
1 321
2 391
1 100
2 450
2 443
1 102
2 408
1 13
2 500
2 380
1 82
1 314
1 156
1 476
2 163
1 230
2 316
2 136
2 15
2 365
2 424
1 86
2 77
1 347
1 266
2 267
2 104
1 487
2 444
1 435
1 69
1 440
1 136
2 151
2 364
2 311
2 185
1 322
2 198
1 189
2 246
2 162
2 239
1 311
1 313
2 491
1 261
1 469
1 208
2 250
2 338
2 210
1 160
2 282
2 198
1 24
1 481
2 144
2 184
2 104
1 51
1 81
2 227
1 411
1 20
1 357
2 424
1 378
1 96
1 144
2 185
2 440
2 203
1 235
1 242
1 86
1 135
1 307
2 67
2 147
2 80
2 295
1 420
2 439
2 388
1 363
1 101
2 89
2 90
2 393
2 13
1 326
2 495
1 212
1 52
1 500
1 64
1 487
2 22
2 201
2 210
2 333
1 217
2 317
1 243
2 488
2 390
1 458
1 1
2 297
2 378
1 36
2 146
1 275
2 150
2 428
2 389
1 225
1 180
2 411
1 453
2 381
1 268
1 77
1 358
1 172
2 225
2 27
1 432
2 389
2 127
1 496
2 75
1 472
1 112
2 27
1 337
2 257
1 448
2 371
2 410
2 391
2 101
2 356
2 69
1 317
2 59
1 414
2 31
2 238
1 471
2 409
2 227
2 262
2 202
2 183
2 27
1 97
2 342
2 11
2 400
1 309
2 343
1 295
1 311
2 219
2 353
1 440
2 144
2 457
2 185
1 308
2 65
1 190
1 60
1 372
1 231
2 270
1 106
1 151
1 448
2 401
1 348
1 231
1 392
2 188
2 178
2 139
1 251
1 204
1 380
2 473
1 107
1 35
2 158
2 332
2 406
1 109
2 423
2 96
2 229
1 95
2 278
2 352
1 61
2 394
1 482
1 253
1 460
1 4
2 176
1 277
2 271
2 186
1 427
2 212
1 416
1 414
1 38
2 425
1 24
1 241
2 36
1 444
2 485
1 315
1 487
2 241
2 180
1 154
1 58
2 113
1 170
1 19
1 495
2 361
1 465
1 374
1 447
2 198
2 320
1 442
1 306
1 267
2 311
1 443
2 137
2 194
1 433
1 217
2 210
1 500
1 31
2 377
2 393
1 259
2 289
1 370
2 234
1 283
1 408
2 116
1 280
2 53
1 224
1 194
1 199
2 311
2 417
1 409
2 113
2 225
1 70
2 52
2 434
1 51
2 59
1 236
1 327
2 105
1 410
1 187
1 194
1 40
1 185
1 474
2 318
2 254
2 145
2 394
1 139
1 271
2 461
1 90
2 498
1 189
2 195
2 70
1 372
2 201
1 260
1 57
2 224
1 168
1 467
2 150
2 356
1 5
1 129
1 455
2 139
2 89
2 369
2 424
2 471
1 500
2 1
1 11
2 218
1 296
1 442
2 140
2 216
1 317
2 89
2 27
2 265
2 263
2 477
1 225
1 13
2 30
2 132
1 89
2 274
2 236
2 181
2 68
2 370
1 93
1 358
2 36
1 437
1 458
1 335
2 361
2 111
1 360
1 485
1 295
1 36
1 177
2 257
1 465
1 479
2 436
1 379
2 309
2 269
1 228
2 300
1 302
1 181
2 4
1 312
1 275
1 31
2 268
2 46
1 265
1 140
1 211
1 22
2 184
1 137
1 245
1 203
1 198
1 410
2 401
2 202
2 420
1 330
2 371
2 270
2 103
2 186
2 130
2 36
1 349
1 429
2 311
2 342
1 366
2 412
1 323
2 497
2 49
1 133
2 404
2 257
1 15
1 171
2 500
1 310
1 229
1 496
2 220
2 399
1 291
1 407
1 127
2 60
2 80
1 445
1 446
2 193
2 494
2 105
2 420
1 45
1 355
1 391
1 433
2 11
2 450
1 336
1 172
2 102
1 439
1 291
1 98
2 196
2 198
1 288
2 417
1 469
2 75
2 197
2 499
2 82
1 328
2 228
1 16
2 455
1 79
2 189
1 227
2 471
1 388
1 245
2 441
2 279
2 423
2 226
2 386
2 220
2 75
2 64
1 480
1 395
1 466
1 289
2 172
2 320
2 368
1 419
1 128
1 27
1 24
1 470
2 410
1 474
1 340
2 426
2 259
1 432
1 107
2 268
1 331
1 41
2 3
2 358
2 8
1 180
1 339
1 292
1 43
2 436
1 154
2 257
1 32
1 487
2 408
2 268
2 194
1 289
1 119
1 326
1 86
1 9
1 359
2 376
2 65
2 486
1 23
1 333
1 282
1 396
2 426
1 279
2 323
2 18
2 417
1 271
1 53
2 277
2 431
1 15
1 166
1 417
1 446
1 298
2 273
2 267
1 208
1 20
2 316
2 27
1 232
2 85
1 428
1 398
1 217
1 57
2 264
1 126
2 427
2 287
2 468
2 100
2 450
2 409
1 7
1 349
2 232
1 226
2 499
1 221
2 387
2 301
1 454
2 62
1 201
1 282
1 401
2 195
1 351
2 467
1 38
1 300
1 101
2 132
2 500
1 165
2 333
1 240
1 96
1 370
1 1
2 316
2 236
1 455
1 464
2 147
1 440
1 327
1 323
1 342
1 14
2 412
1 176
1 483
2 305
1 418
2 207
2 410
1 446
1 379
1 488
1 467
1 323
2 171
2 454
2 171
2 371
1 16
1 85
2 20
2 54
2 398
1 374
2 405
2 374
1 284
2 13
1 492
2 246
2 184
1 27
1 370
2 287
1 498
1 88
2 316
2 157
2 253
1 371
2 53
1 292
1 309
1 142
1 343
2 314
1 290
1 231
1 292
2 397
2 444
1 157
1 476
1 472
1 195
2 89
2 142
1 139
1 36
1 102
1 18
2 255
1 459
2 467
1 205
2 391
2 50
2 408
2 212
2 105
2 277
2 357
2 424
2 220
2 126
2 40
1 440
1 451
1 482
2 203
2 335
2 187
1 344
1 408
2 28
1 165
2 56
1 427
1 220
1 142
1 171
1 341
1 327
2 63
2 263
2 347
2 358
2 480
2 182
2 459
2 103
1 365
1 497
2 341
1 141
2 413
2 16
2 124
1 247
1 354
2 450
1 457
2 436
1 211
2 27
1 178
2 293
1 490
2 37
2 208
2 17
2 339
1 77
1 77
1 147
2 36
1 334
2 255
1 132
2 238
1 486
2 490
1 309
1 270
2 162
1 21
1 154
2 413
1 172
2 257
1 123
2 265
2 489
2 78
1 336
2 482
2 82
2 303
1 302
1 86
2 105
1 344
1 168
1 340
2 97
1 156
2 444
1 27
1 291
1 404
1 271
2 150
1 207
1 93
2 228
1 323
1 135
2 442
1 274
2 140
1 80
2 293
1 418
2 307
1 275
1 389
2 446
2 248
2 194
1 13
2 369
2 105
2 57
1 8
2 178
2 404
2 145
1 132
1 367
2 474
2 500
1 37
1 252
1 302
1 179
1 218
2 352
1 253
2 219
1 443
1 258
1 357
1 394
1 167
1 278
1 104
1 206
1 427
2 479
1 254
2 393
1 55
1 497
2 356
1 418
1 315
2 496
2 428
2 363
1 204
1 438
2 121
2 298
2 451
1 274
2 284
1 28
1 114
1 496
2 91
2 471
1 439
1 280
1 410
1 163
2 134
1 419
1 94
1 153
2 47
1 101
1 296
1 19
2 3
1 81
1 426
2 203
1 220
1 433
2 476
2 93
2 47
2 66
1 430
1 36
1 348
1 157
2 115
2 255
1 188
2 415
2 442
2 32
2 450
1 142
2 59
1 89
2 97
2 448
1 76
1 206
2 471
1 269
1 389
2 259
1 414
2 245
2 493
1 367
1 240
1 71
1 94
2 458
1 17
2 271
2 240
1 219
2 42
1 352
1 214
1 209
2 134
2 481
1 81
1 419
1 207
2 173
1 352
1 45
1 386
1 312
1 495
2 392
1 370
2 169
2 204
1 62
2 34
1 314
1 241
1 137
1 425
2 303
1 142
1 495
1 15
2 357
2 41
1 249
1 342
2 196
2 146
2 233
1 151
1 497
2 481
1 42
2 146
2 32
1 44
2 19
1 37
2 270
2 326
1 338
2 287
2 415
1 142
2 463
1 396
1 34
1 445
1 133
1 420
1 229
2 42
2 224
1 325
2 6
1 363
2 20
2 80
1 432
2 284
2 364
2 206
2 259
1 472
2 91
2 258
1 57
1 122
1 81
2 125
2 448
2 133
1 487
1 253
1 284
2 312
2 419
2 396
2 18
2 419
2 314
2 484
1 328
2 354
1 403
1 346
2 316
2 170
1 394
1 219
1 458
2 28
2 251
2 405
2 346
1 433
2 352
1 232
2 372
2 290
2 414
1 477
2 170
1 382
2 67
2 444
2 335
1 105
2 450
2 57
2 36
2 453
2 256
2 121
1 121
2 254
2 250
1 115
2 79
2 333
2 301
2 225
2 452
2 71
2 42
1 48
2 468
1 316
1 388
1 351
2 198
1 395
2 389
2 69
2 61
1 463
2 234
1 347
2 368
1 289
2 249
1 338
1 188
2 439
2 440
2 435
1 448
2 288
1 394
2 154
1 314
2 167
2 8
2 83
2 134
2 136
1 207
2 98
1 477
1 172
1 29
2 257
1 139
2 312
1 457
2 190
1 433
1 316
1 220
1 167
1 120
1 87
1 478
1 423
1 72
2 425
1 405
1 427
2 430
1 279
1 407
1 7
2 175
1 131
1 423
2 99
1 154
1 72
2 221
1 288
1 292
1 95
1 245
1 91
1 463
2 263
2 40
2 60
1 146
1 459
1 42
1 462
2 447
2 177
2 230
1 163
1 175
2 217
1 482
2 297
2 379
1 165
1 384
1 335
1 117
1 97
1 55
1 204
2 294
1 19
1 343
2 397
1 494
2 493
2 124
2 123
1 52
1 124
1 215
1 465
1 103
2 193
2 175
2 9
1 128
1 195
2 264
2 44
2 56
1 84
2 176
1 32
1 49
2 15
1 465
2 299
2 95
2 76
2 239
1 441
2 463
2 41
2 78
1 335
2 119
1 163
1 180
1 225
1 53
2 343
2 421
2 287
1 336
1 340
1 298
1 144
1 119
1 190
1 267
2 32
2 294
1 383
2 91
2 53
2 198
2 215
1 388
1 189
2 215
2 352
1 160
1 476
1 31
2 177
1 41
1 34
2 105
1 159
1 375
2 394
1 458
2 393
2 462
1 271
1 462
1 392
2 469
2 103
1 383
2 149
1 339
1 110
2 302
1 342
1 331
1 99
1 196
2 336
2 424
1 184
2 431
2 210
1 145
1 251
1 442
2 303
1 284
1 427
2 383
1 112
2 355
1 56
1 53
2 58
1 200
1 417
2 20
1 234
2 289
1 44
1 86
1 214
2 461
1 306
2 111
2 112
1 479
2 367
2 410
2 62
2 370
1 91
2 455
1 53
2 11
1 325
1 293
1 317
2 29
1 300
2 242
2 456
1 429
2 306
1 451
1 299
1 197
2 208
1 417
2 394
2 208
1 375
2 107
2 309
2 16
1 478
2 222
2 33
2 459
1 192
2 57
1 228
1 83
1 405
2 48
1 277
2 368
2 311
1 193
1 165
1 79
1 21
2 278
2 155
2 390
1 497
2 188
2 52
1 12
1 268
2 105
1 369
1 47
1 2
2 299
1 151
2 159
2 381
1 75
2 24
1 233
2 114
1 97
2 189
1 472
1 370
2 203
1 400
2 417
2 340
2 418
1 148
1 364
1 216
1 267
2 105
2 111
2 270
2 235
1 166
2 469
2 135
2 125
1 272
2 139
2 312
1 156
2 484
2 338
2 160
1 289
1 306
1 334
2 310
2 236
1 479
1 214
2 79
1 350
1 83
1 164
1 396
2 204
2 189
2 429
1 349
2 463
1 320
2 81
1 69
1 457
2 76
1 363
1 360
1 3
1 52
1 187
2 188
1 177
1 282
2 75
1 25
2 136
2 185
1 178
2 87
1 3
1 155
2 315
1 429
2 159
1 38
2 278
2 234
1 452
1 410
1 349
1 415
1 482
2 403
2 408
1 144
1 3
2 127
1 16
2 338
2 386
1 371
2 100
2 468
1 324
2 429
1 366
2 8
1 498
1 358
2 251
1 314
1 356
1 423
2 198
1 397
2 339
1 449
2 224
1 194
2 496
1 70
1 169
2 61
1 339
1 422
2 475
2 194
1 379
1 53
1 80
2 11
1 68
2 60
2 227
2 41
1 227
2 287
2 39
2 264
2 469
2 318
2 123
2 273
2 331
2 429
1 125
2 31
2 249
2 39
2 343
1 253
2 394
2 19
1 238
1 161
1 170
1 500
2 192
1 293
1 300
2 135
2 11
1 321
1 108
2 438
1 142
1 75
2 81
2 171
1 227
2 375
1 12
1 188
2 350
2 77
2 53
2 425
1 80
2 27
2 308
1 489
2 6
2 188
1 7
1 403
2 392
2 129
2 354
1 457
2 500
2 204
2 448
1 172
2 77
1 66
1 13
1 388
1 320
2 103
1 136
2 411
2 337
2 281
2 58
1 245
1 474
1 166
2 428
2 152
1 34
2 91
1 474
1 416
2 257
1 470
1 227
1 271
2 270
2 105
1 492
1 89
1 149
1 442
1 442
2 135
2 13
2 372
1 407
2 130
2 157
1 406
2 479
1 297
2 79
1 280
1 455
1 239
2 325
2 383
1 125
2 92
1 94
2 475
1 102
2 14
1 56
2 492
1 447
1 486
2 393
2 298
2 188
2 302
1 69
1 129
2 404
1 34
2 183
2 200
1 317
2 393
1 484
1 257
1 227
2 306
1 211
2 318
2 491
2 262
2 6
2 308
1 110
2 258
1 53
1 279
2 22
2 240
2 258
2 286
2 443
2 456
2 46
2 51
1 96
2 299
2 55
1 214
1 298
1 160
2 281
1 71
1 313
2 363
1 159
1 258
2 443
2 105
1 42
1 227
2 172
2 441
1 482
2 241
1 478
1 482
1 42
1 115
1 214
2 127
1 477
2 176
2 301
2 110
1 288
1 330
2 213
2 36
1 129
1 177
1 28
1 67
2 414
2 126
2 10
1 55
1 340
1 256
2 362
2 186
2 52
1 311
1 490
1 162
1 474
1 75
2 52
2 273
2 25
1 295
1 1
2 371
2 431
1 185
1 342
1 293
1 89
2 9
1 301
1 47
1 212
2 478
2 465
1 79
1 351
2 375
2 426
1 395
1 223
2 499
2 153
2 458
2 98
1 171
1 488
2 375
2 42
1 313
1 305
2 199
2 467
1 357
1 23
1 99
2 34
1 161
1 240
1 131
2 288
2 86
2 221
1 325
1 163
2 472
2 379
1 473
2 299
1 89
2 285
2 270
1 136
1 60
1 252
1 416
2 342
1 165
1 165
2 176
1 477
2 498
2 20
2 403
2 4
2 343
1 382
1 161
2 394
1 448
2 261
1 35
1 69
2 164
2 391
2 116
2 337
1 425
1 288
2 230
2 374
2 282
2 36
1 327
2 14
2 129
1 490
2 228
1 65
2 346
2 81
1 173
2 427
2 476
1 480
1 356
2 482
2 311
2 78
2 150
2 263
1 217
1 293
1 13
2 186
2 164
1 172
1 34
1 489
2 163
1 418
1 172
2 154
1 268
2 470
2 26
2 46
1 336
1 389
2 399
1 411
1 43
1 101
1 31
2 288
2 56
1 62
2 308
2 412
2 1
1 195
1 466
2 323
2 430
2 353
1 488
2 241
1 344
1 105
1 282
2 270
1 154
2 268
2 101
1 388
1 413
1 331
1 174
1 382
1 216
2 135
1 349
1 233
2 421
1 270
1 286
1 391
2 426
2 399
2 190
1 332
1 220
1 35
2 19
1 200
2 2
2 290
2 414
1 247
1 63
1 35
1 111
1 138
2 436
2 267
2 26
1 282
2 463
1 194
1 83
2 420
2 431
2 491
1 82
2 177
2 456
1 48
2 341
1 455
1 426
2 456
2 22
2 400
1 256
2 169
1 337
1 126
1 148
1 111
1 204
1 430
1 55
2 226
2 162
1 226
2 104
2 390
2 269
2 460
1 233
2 213
2 68
2 188
1 158
2 297
1 290
1 373
1 54
1 442
1 481
2 154
1 199
2 60
2 183
2 194
2 499
1 188
2 300
2 134
1 25
1 171
1 359
2 361
1 196
1 479
1 172
2 111
1 27
1 40
1 40
2 328
2 195
2 309
1 242
1 303
1 75
2 284
2 71
1 196
1 150
2 293
2 159
2 395
2 424
1 98
1 223
1 206
2 144
1 262
2 455
2 355
2 241
1 313
1 133
1 77
1 34
1 159
1 124
2 81
1 190
1 215
1 307
1 328
2 433
1 187
2 6
2 471
1 30
2 409
2 494
1 148
1 59
1 423
1 210
2 433
1 33
2 163
2 418
2 141
1 284
1 292
2 220
1 386
1 396
2 264
1 132
2 269
1 421
2 223
1 398
1 233
1 154
1 120
1 90
2 273
2 440
2 161
2 326
1 260
1 192
2 463
2 138
2 216
1 125
2 39
1 446
1 303
2 371
2 22
1 183
2 332
1 359
1 484
1 93
1 109
2 118
2 311
2 153
2 164
1 169
2 151
1 178
1 416
1 228
1 359
1 232
1 235
1 237
1 329
2 313
1 465
2 8
1 389
2 6
2 142
1 459
1 139
1 97
1 387
1 343
2 85
1 138
2 219
1 389
1 202
2 485
2 335
1 294
1 356
2 128
2 324
1 141
1 277
2 367
2 413
1 259
2 487
1 20
1 121
1 253
1 312
2 340
2 432
2 222
1 135
2 136
1 138
1 419
1 217
1 428
2 199
1 181
2 285
1 242
2 459
1 78
2 286
1 269
1 106
1 357
2 190
1 198
2 324
2 444
1 106
2 224
1 260
1 192
1 456
1 300
1 131
2 388
2 350
1 486
1 497
1 196
1 37
2 216
1 361
2 103
1 381
1 121
1 82
2 387
2 98
1 302
1 267
1 496
1 49
2 423
1 174
1 435
2 363
2 126
2 13
2 41
1 406
2 237
2 325
1 23
1 161
2 354
2 70
2 247
1 182
2 15
2 139
1 121
2 304
2 223
1 327
2 61
1 276
1 219
1 273
2 226
2 121
2 416
1 131
1 160
1 182
1 371
1 327
2 320
1 441
2 298
2 157
1 499
1 359
2 88
2 161
2 120
1 95
2 323
2 196
1 241
2 8
2 49
1 305
1 316
1 262
2 364
2 322
1 406
2 282
2 15
2 9
1 76
2 168
1 32
2 232
1 444
2 234
1 72
1 211
2 487
2 351
2 95
2 416
1 57
1 197
2 492
2 57
2 12
1 168
2 291
2 166
1 489
2 77
2 140
2 151
2 111
1 33
2 230
1 261
1 497
2 208
1 13
1 258
1 192
1 66
1 28
2 67
2 333
2 281
2 133
2 155
1 488
2 152
2 134
1 354
2 220
1 322
2 29
1 256
1 61
1 405
1 256
2 308
2 317
1 413
1 223
2 45
1 105
1 279
1 460
1 72
2 397
1 411
1 177
2 349
2 192
1 28
2 428
1 387
2 127
2 194
2 69
1 263
2 285
2 115
1 376
1 423
2 431
2 254
2 203
1 47
1 59
2 45
2 262
2 231
1 434
1 441
1 13
2 379
2 95
2 393
1 30
2 446
2 351
2 123
1 153
1 299
2 448
2 197
2 126
2 300
2 54
1 264
1 442
1 215
1 338
2 210
1 273
2 32
2 206
1 176
1 175
2 420
1 169
2 34
1 247
1 56
2 73
1 218
2 165
1 106
2 38
2 222
1 322
2 285
2 258
1 88
2 490
2 258
2 179
1 156
1 125
1 78
2 235
2 267
2 79
2 253
1 39
1 130
1 430
1 90
1 429
2 472
2 388
2 429
1 372
1 343
1 499
1 249
2 67
2 484
2 239
1 464
1 62
2 489
2 210
2 30
2 107
2 409
1 82
2 264
2 476
1 153
2 378
2 59
1 267
1 292
1 130
2 135
2 200
2 385
2 53
2 251
1 267
2 357
1 51
1 357
2 78
2 353
2 261
2 102
2 305
2 384
1 499
1 328
1 493
1 163
2 330
2 56
2 276
2 148
1 236
1 56
2 364
1 119
1 23
1 355
2 316
1 464
2 108
2 68
1 206
1 144
1 495
1 484
1 316
2 151
2 339
2 216
1 466
1 30
1 258
1 18
2 473
2 239
1 475
2 179
2 388
2 68
1 78
2 355
2 385
1 147
2 64
1 129
2 48
1 221
2 245
1 81
2 71
1 149
2 478
2 225
2 353
1 451
1 46
2 174
2 14
2 357
2 34
2 310
2 198
1 89
1 119
1 11
2 341
2 234
1 337
1 34
1 306
1 471
2 493
2 485
1 465
1 287
1 30
1 283
1 329
2 373
2 40
2 488
1 393
2 401
1 234
2 123
2 122
2 390
1 237
1 324
2 67
1 403
2 57
2 380
2 407
1 183
2 487
1 30
2 94
2 164
1 217
1 366
1 379
2 156
2 333
2 20
2 88
1 199
1 310
1 232
1 182
1 14
1 288
1 102
2 326
1 60
1 51
1 83
2 236
1 248
1 68
2 319
2 392
2 2
2 299
2 416
1 499
1 203
1 177
1 18
1 69
1 247
1 207
2 252
1 419
2 214
1 117
1 345
1 252
1 60
1 431
1 233
2 461
2 214
2 91
2 490
2 12
1 482
1 64
1 364
1 84
2 172
2 460
1 412
2 65
1 465
2 3
2 423
2 336
1 451
1 71
1 288
1 175
1 152
1 207
2 424
1 91
2 194
1 314
1 112
1 133
1 225
2 477
2 301
1 487
2 89
2 190
1 138
1 497
2 453
2 155
1 345
2 174
1 146
2 199
1 69
2 37
2 169
2 291
2 324
2 219
1 333
1 140
2 123
1 463
1 339
1 155
2 214
2 424
1 19
2 469
2 157
2 379
1 370
1 146
2 446
2 457
2 476
1 453
2 83
2 26
2 384
1 307
1 360
2 309
2 57
2 465
2 485
1 390
1 365
1 399
1 104
2 292
2 154
1 29
1 363
1 9
1 86
2 47
2 397
2 175
2 335
1 18
1 187
2 25
2 294
2 64
2 481
1 328
1 155
1 222
2 262
1 467
2 44
2 143
2 220
1 245
1 309
1 77
2 21
1 397
1 228
1 415
2 19
1 194
1 449
2 42
1 144
1 408
1 373
2 332
1 72
1 201
1 338
1 78
1 231
1 375
1 137
2 370
1 382
1 181
2 330
1 244
1 82
1 365
1 406
1 101
2 123
2 60
1 78
2 169
1 314
1 470
1 184
2 457
1 254
2 248
1 211
2 261
1 346
2 449
2 24
2 283
1 201
1 106
2 182
1 290
2 169
2 297
2 302
2 270
2 242
2 342
1 211
1 447
2 430
2 11
2 147
1 451
2 487
1 329
2 33
2 15
1 81
2 258
1 416
2 493
2 395
1 312
2 140
1 365
2 356
1 226
1 373
1 200
2 83
2 231
2 499
1 20
2 408
2 17
2 155
2 479
2 46
1 358
2 399
1 458
1 153
2 107
2 62
2 88
1 187
1 462
2 415
1 467
2 110
2 497
2 195
1 17
2 469
1 277
1 152
1 473
1 472
1 181
2 90
1 380
1 437
1 16
1 27
1 378
1 169
1 104
2 201
2 103
1 198
1 389
2 317
2 5
2 144
2 173
2 156
2 64
1 246
2 147
1 413
1 259
2 102
2 295
1 335
1 175
1 481
2 437
2 128
2 289
2 329
1 60
1 14
2 279
2 54
1 382
1 153
1 250
1 354
1 408
1 497
1 276
2 349
1 478
1 4
1 450
1 79
2 19
1 484
2 54
2 74
2 354
2 75
2 332
1 202
2 320
2 25
2 27
2 306
1 200
2 122
2 344
1 362
1 144
2 10
2 233
1 484
1 310
1 392
2 189
2 232
1 143
1 454
1 332
2 377
2 123
1 383
1 50
1 179
2 440
2 93
1 272
1 461
2 337
1 425
1 149
1 385
2 115
2 312
1 301
2 180
1 38
2 241
2 10
1 335
1 312
1 473
2 355
1 367
1 489
2 69
2 151
2 280
2 495
2 415
1 483
1 71
2 360
2 311
1 434
1 171
2 425
2 31
2 280
2 322
2 392
1 257
1 195
1 10
2 331
1 336
2 370
1 37
2 421
1 450
1 197
1 303
2 319
2 251
1 434
2 70
2 314
2 70
1 66
2 401
1 355
1 413
1 198
2 156
1 352
1 175
1 429
2 20
2 162
2 197
2 195
1 123
1 296
1 72
1 270
1 461
1 411
2 51
1 26
2 77
2 16
1 277
1 80
1 395
2 418
2 391
1 60
2 324
1 204
2 69
1 70
2 153
1 254
1 292
2 114
1 359
2 323
2 128
2 431
1 199
1 316
1 312
1 102
2 83
1 233
2 335
1 383
2 485
1 42
1 266
2 348
2 487
1 111
2 276
2 340
2 389
1 64
1 383
2 38
2 174
1 171
1 423
2 347
2 189
1 387
1 247
1 282
2 255
2 51
2 285
2 357
2 398
1 76
1 288
2 300
1 234
1 173
1 22
2 415
1 259
2 368
2 386
2 441
1 245
1 22
1 86
1 406
2 1
1 114
2 446
2 454
1 234
1 335
2 497
2 317
2 401
1 463
1 36
2 278
2 98
2 162
2 381
2 17
2 400
1 373
1 246
1 377
2 156
2 234
1 164
1 462
1 437
1 202
1 178
2 456
1 481
2 310
2 388
2 446
2 308
1 484
1 200
1 384
2 275
2 210
1 370
2 205
1 446
1 130
2 88
2 102
2 406
1 133
2 90
1 431
2 452
2 154
2 478
1 209
1 6
1 393
1 292
1 181
2 207
1 63
2 99
2 67
1 280
2 148
2 333
1 321
1 344
2 138
1 12
1 277
2 467
1 244
1 323
2 198
2 438
1 27
1 128
2 243
2 496
1 331
1 320
1 315
2 126
1 40
2 297
2 357
2 190
2 372
1 229
2 392
1 32
2 406
1 363
1 270
1 242
2 389
2 104
2 279
2 154
2 69
1 487
2 416
1 229
2 39
2 59
1 475
2 52
1 102
2 231
2 476
1 323
2 236
1 271
2 6
2 185
1 78
2 55
1 198
2 484
1 92
2 221
1 485
2 149
1 39
2 160
1 55
2 82
1 112
2 156
1 129
1 395
1 362
2 403
2 84
2 350
2 133
2 92
2 195
1 258
2 322
2 450
1 251
1 18
2 236
2 184
1 365
1 125
1 379
1 489
1 266
1 340
1 260
2 70
1 22
2 38
2 243
1 219
1 371
1 60
1 260
2 25
1 172
2 54
1 28
1 67
2 83
1 394
2 336
2 148
2 289
1 404
1 377
1 81
2 61
1 56
1 86
1 148
2 432
2 11
1 446
2 104
1 335
1 222
1 312
1 231
2 407
1 188
2 107
1 233
2 111
1 338
1 71
2 304
1 389
1 313
1 95
2 362
2 118
2 450
2 304
1 233
1 165
1 196
2 391
1 289
2 67
2 48
2 315
1 343
1 369
2 37
2 423
1 95
1 185
2 321
1 76
2 402
2 29
2 363
2 229
1 272
2 130
2 136
1 22
1 147
2 132
1 409
2 137
1 446
2 252
1 161
2 375
1 419
2 362
1 173
1 285
1 237
1 115
1 209
1 201
1 230
1 95
2 90
2 346
1 404
2 5
1 275
2 329
1 133
1 179
1 132
2 249
1 80
2 443
1 351
2 199
1 30
2 422
1 376
2 359
2 215
2 194
1 446
1 35
1 63
2 235
1 379
1 265
1 50
2 449
1 405
1 184
2 144
2 406
2 76
1 149
1 478
1 279
2 67
2 353
1 229
2 175
2 422
1 416
1 202
2 223
2 68
1 41
2 215
1 82
1 61
1 79
1 276
1 165
1 374
2 323
2 455
1 209
2 141
2 52
1 45
1 448
1 384
1 174
1 137
2 91
2 189
2 439
1 378
2 9
1 471
1 206
2 33
1 5
2 94
1 366
1 386
1 101
2 5
2 70
1 381
1 42
2 180
1 236
1 82
2 13
1 280
1 329
1 187
2 336
2 445
2 270
1 218
2 450
2 497
2 68
2 30
2 2
2 441
2 470
1 185
1 426
1 403
1 479
1 142
1 222
1 367
2 267
1 213
1 158
2 86
2 142
2 186
2 28
1 83
2 351
1 183
1 435
2 85
1 378
2 79
2 164
2 442
2 381
1 498
1 419
1 467
1 402
1 406
2 481
1 130
2 459
1 311
1 100
2 11
1 121
2 428
2 238
2 419
1 227
1 359
2 351
2 408
2 180
2 33
1 152
1 195
2 325
2 208
2 399
1 106
1 10
2 8
2 106
1 216
1 341
2 180
1 251
2 296
2 103
1 294
1 194
1 68
1 492
2 146
2 196
2 114
1 488
2 304
2 398
1 128
1 298
2 133
1 97
1 182
2 460
1 304
2 315
1 374
2 202
1 401
1 474
1 455
2 486
1 405
2 481
1 472
1 190
2 30
1 384
2 336
2 38
1 199
2 67
2 363
1 296
2 165
2 480
2 82
2 433
1 199
2 370
1 395
2 126
1 49
1 486
1 204
1 227
2 228
2 327
1 61
1 56
2 390
2 400
2 351
1 161
2 96
1 70
1 292
1 265
1 205
2 76
1 274
1 162
2 95
1 146
2 109
2 83
2 87
1 173
2 313
2 337
2 66
1 102
1 101
2 49
2 117
1 65
1 278
1 94
1 66
2 230
1 143
1 376
2 146
2 17
1 233
2 70
2 110
1 8
2 38
1 219
1 384
2 247
2 213
1 88
1 282
2 303
1 480
2 152
2 79
1 435
2 224
1 313
2 175
1 247
1 80
1 69
2 452
2 179
1 6
1 293
2 82
1 62
2 274
2 38
1 84
1 366
2 475
2 196
1 350
1 417
2 259
1 95
2 152
2 226
1 38
2 148
2 466
1 384
2 274
2 294
1 392
2 368
1 337
2 219
2 357
1 319
2 325
1 29
1 38
2 337
1 125
2 398
1 398
2 180
2 201
2 232
1 483
1 162
1 366
1 210
1 219
1 41
2 293
2 223
2 27
2 258
2 247
2 92
1 288
2 19
1 447
1 136
1 405
2 453
2 380
1 344
2 41
1 493
1 157
2 16
2 478
2 186
1 131
2 72
1 104
1 462
1 43
2 183
1 393
2 70
1 500
2 222
2 1
2 78
2 133
2 43
1 69
1 186
2 61
2 321
1 50
1 65
1 378
1 243
1 234
1 245
1 77
2 126
2 385
2 437
2 147
2 479
2 411
1 117
2 476
2 486
2 70
1 320
2 149
2 272
2 226
2 468
1 335
2 82
2 351
1 439
2 201
2 63
2 136
2 433
2 468
1 487
2 319
2 188
1 221
2 202
1 327
2 452
2 317
2 83
2 255
1 15
2 142
2 269
1 459
2 240
1 322
2 167
1 237
1 459
2 164
1 106
2 384
2 355
1 294
1 70
1 163
1 354
1 364
1 137
2 174
2 452
2 307
1 486
2 175
2 203
2 160
1 385
1 421
2 447
1 380
2 261
1 452
1 402
1 439
1 342
1 266
2 458
1 467
2 318
2 443
1 183
2 32
2 498
1 10
1 17
2 312
2 135
1 94
1 283
1 73
1 495
2 120
1 114
1 450
1 431
2 303
2 199
1 384
1 489
2 343
2 133
2 133
2 122
1 302
1 461
2 231
2 269
1 110
1 140
1 165
1 156
1 34
1 5
2 253
1 161
2 350
1 453
2 60
1 264
1 181
2 440
2 31
1 113
2 441
1 404
1 173
2 425
1 264
2 475
1 126
2 462
1 428
2 14
1 340
2 53
2 353
1 283
1 51
2 228
2 350
2 448
1 41
1 80
1 5
1 23
1 40
1 457
1 250
1 11
1 99
2 462
2 258
1 186
1 343
2 2
1 43
1 418
2 25
2 90
2 402
1 159
2 448
2 464
2 289
1 138
2 388
2 337
2 47
2 304
2 287
1 284
1 107
2 116
2 49
1 160
1 21
1 447
1 488
1 17
1 236
1 14
2 309
2 120
2 77
2 447
2 80
1 44
1 135
1 21
2 69
1 189
2 201
2 409
1 248
2 316
2 282
2 310
1 31
2 296
2 55
1 322
2 28
2 24
1 228
1 400
1 75
1 89
2 426
2 167
1 273
1 8
1 162
2 348
2 97
2 151
1 89
1 490
1 189
2 481
1 409
1 416
2 320
1 314
2 204
1 418
1 313
1 233
1 94
1 18
2 75
2 46
2 492
2 130
1 399
1 300
2 341
2 494
1 422
2 257
2 138
1 452
1 303
1 275
2 116
2 143
1 461
1 204
1 74
2 336
1 146
2 483
1 53
1 350
1 486
1 450
2 483
2 424
1 288
1 386
2 342
1 296
1 67
2 458
1 35
2 315
1 279
2 18
2 476
2 156
2 324
2 287
1 61
1 443
1 112
1 455
2 59
1 459
2 249
1 468
2 60
2 167
1 135
1 372
2 254
2 275
2 335
1 234
2 123
2 94
1 60
1 39
2 150
2 95
1 116
2 384
2 401
1 68
2 85
2 497
1 465
1 266
2 185
1 397
2 232
1 393
2 390
2 409
2 131
1 140
1 270
2 476
1 73
2 408
2 481
2 495
2 28
1 447
1 463
2 370
1 36
1 485
2 44
2 167
1 100
1 475
2 329
1 242
2 492
1 409
1 406
2 120
2 367
1 348
2 112
2 375
1 331
2 276
1 455
2 252
2 248
1 479
1 28
2 328
2 74
2 195
2 343
1 115
2 436
1 390
2 30
1 398
1 178
1 438
1 468
2 390
2 118
2 143
2 441
1 368
1 410
1 344
2 79
1 461
1 123
1 117
1 169
1 216
1 391
2 330
1 193
2 425
1 87
2 307
2 240
1 392
1 87
2 402
2 396
1 235
1 268
2 22
1 68
2 282
2 241
2 168
2 181
1 94
1 214
1 498
1 277
1 455
2 328
1 232
1 273
1 241
1 168
1 328
2 350
2 45
1 71
2 374
2 360
1 370
1 423
1 231
1 109
2 414
1 244
2 11
1 462
1 408
2 217
2 216
2 195
1 8
2 28
1 367
1 405
2 313
2 456
2 378
1 79
1 203
1 288
1 41
1 317
1 230
2 34
2 451
1 409
2 196
1 396
2 27
1 3
2 330
1 233
1 225
2 351
2 336
1 492
2 91
1 176
2 193
1 469
2 141
2 453
2 17
1 103
2 351
2 234
2 414
1 240
1 333
1 120
1 431
1 248
1 271
1 194
2 337
1 458
2 243
1 17
2 462
2 301
1 75
1 344
1 56
2 329
1 376
2 407
2 412
2 32
1 282
2 349
1 90
1 298
1 419
2 90
1 285
2 44
1 480
2 51
2 322
1 274
2 180
2 207
2 39
1 328
1 166
1 141
1 333
1 439
1 456
2 131
2 475
1 304
1 413
1 341
1 85
1 134
1 146
2 410
1 430
1 207
1 265
2 55
1 137
2 349
1 225
2 36
2 357
2 5
2 397
2 206
2 162
2 449
1 31
1 195
2 447
1 260
1 100
1 161
1 158
2 32
2 43
2 285
2 110
2 371
1 189
1 338
2 119
1 362
2 496
1 461
1 309
1 357
2 385
2 496
2 229
2 129
1 298
2 22
2 406
2 264
1 24
2 296
1 91
2 291
1 65
2 83
2 175
1 133
2 308
2 453
2 359
2 160
1 50
2 266
2 277
2 400
2 334
1 294
1 204
1 213
1 39
2 493
2 86
2 271
1 309
1 282
1 360
2 27
2 473
2 215
1 173
2 402
1 366
2 281
2 131
2 41
2 492
2 381
2 213
2 470
1 78
2 41
1 43
2 198
1 211
2 117
1 83
1 241
1 64
1 368
1 218
1 214
2 144
1 286
2 449
2 378
1 62
1 167
1 188
2 471
2 481
2 134
2 308
1 362
1 247
2 417
2 341
2 25
1 428
1 340
1 121
2 254
1 338
1 137
1 136
1 276
1 398
2 382
1 134
2 429
2 176
2 49
1 179
2 351
2 87
2 334
2 111
2 92
2 359
1 178
1 187
2 314
2 65
2 290
1 142
1 430
2 266
1 184
2 255
1 255
2 224
1 251
2 27
1 487
2 421
1 434
1 468
2 44
1 146
2 81
2 254
2 455
2 192
1 315
1 171
2 138
2 9
1 433
2 81
2 475
1 434
1 109
2 7
1 136
1 336
1 290
2 78
1 459
1 233
1 215
2 46
2 1
1 92
2 292
2 55
1 26
1 26
1 92
1 137
2 35
1 295
1 264
1 271
1 493
2 51
1 461
2 264
1 354
2 98
1 231
2 115
1 344
1 241
1 23
2 366
2 52
1 84
2 32
1 93
1 412
2 435
2 91
1 186
2 405
2 146
2 139
1 391
2 400
2 474
1 360
2 183
2 499
1 430
1 324
1 257
2 16
1 107
2 389
1 255
2 279
1 280
2 11
1 103
1 4
1 36
2 267
1 126
2 335
2 498
1 428
1 393
2 297
2 253
1 495
2 182
2 110
2 393
2 334
1 382
1 423
2 52
2 486
2 305
2 435
1 478
1 408
1 9
1 73
2 93
2 120
2 191
2 87
2 201
2 430
2 314
2 203
2 245
2 246
1 361
1 55
1 98
1 412
1 370
1 218
1 402
2 236
1 270
2 174
1 299
1 256
1 160
2 328
1 499
2 157
2 309
1 400
1 377
2 215
1 146
1 208
2 473
2 490
1 321
1 415
2 323
2 82
1 129
1 89
2 38
1 189
1 161
1 455
2 251
2 487
1 305
1 147
2 340
1 222
2 3
1 483
2 158
2 158
1 30
2 116
2 196
1 117
1 244
2 96
1 444
1 241
1 479
2 376
2 227
2 183
2 84
2 258
1 81
2 83
1 365
2 29
1 354
2 267
2 419
2 442
1 148
2 109
2 125
1 297
2 432
2 284
1 143
2 461
1 159
2 37
1 93
2 435
2 413
1 247
1 268
2 193
2 427
1 393
2 137
2 254
2 19
2 288
1 281
1 89
2 142
2 462
2 42
2 385
1 302
2 137
2 375
1 187
2 335
1 204
2 472
2 243
2 49
1 356
2 129
1 119
2 272
2 357
2 329
2 119
1 427
2 50
1 436
1 306
1 19
2 93
2 21
2 185
2 217
1 397
2 187
1 467
1 300
2 475
1 267
2 109
1 199
1 199
2 449
1 108
1 217
1 310
2 239
1 306
2 385
1 151
2 273
1 232
1 144
1 51
2 150
2 308
2 20
1 187
2 213
1 288
2 346
2 18
1 442
2 390
1 80
1 100
2 9
2 424
2 389
2 415
1 485
1 386
2 431
1 177
2 218
1 276
2 412
2 146
2 171
2 382
1 426
2 454
2 163
1 439
2 204
2 89
1 278
1 248
1 250
1 54
2 239
2 29
1 325
1 354
2 60
2 97
2 67
1 271
1 131
2 132
1 413
1 78
1 250
2 249
2 249
2 317
2 483
2 489
1 222
1 6
2 281
1 469
2 208
1 428
1 300
1 376
2 483
2 402
1 129
2 82
2 305
1 68
2 446
1 150
2 453
1 3
2 313
1 432
1 415
2 210
1 122
2 278
2 241
1 40
2 34
1 98
1 223
2 180
2 424
1 391
1 189
1 461
2 69
1 373
2 102
1 48
1 370
1 384
1 61
2 478
1 248
2 487
2 443
1 343
1 347
2 446
2 478
1 388
1 297
1 380
1 193
1 177
1 457
1 171
2 335
1 314
1 279
1 404
2 465
1 291
1 183
1 198
1 493
2 58
2 196
2 242
1 216
2 449
1 330
2 392
1 471
2 98
2 356
2 173
2 451
2 336
2 402
2 144
1 470
2 386
2 342
1 405
2 398
2 81
2 324
1 243
1 29
1 246
1 192
1 56
1 85
2 126
1 276
1 232
2 174
2 261
2 448
2 424
2 370
1 424
2 179
1 42
2 357
2 443
1 408
1 42
1 241
2 330
1 140
2 464
1 381
1 32
2 93
2 25
1 162
1 358
2 465
2 251
2 37
2 221
1 395
1 436
2 484
2 354
1 177
2 141
2 244
1 237
1 479
1 297
1 61
1 332
1 404
2 50
1 127
1 384
2 235
2 359
2 287
1 194
2 380
1 371
1 357
1 459
2 73
1 327
2 113
1 362
2 444
1 308
2 385
2 295
1 213
1 190
2 217
2 313
2 420
1 72
1 495
1 315
2 341
2 403
1 354
2 322
1 28
2 72
1 172
1 235
1 371
1 235
1 10
2 388
2 434
2 261
1 192
2 198
2 419
2 338
1 217
2 273
1 139
1 359
1 62
1 250
1 369
1 223
2 234
1 363
1 420
2 447
1 49
2 144
2 97
2 443
2 343
2 260
2 411
1 495
1 63
1 255
1 79
1 14
1 87
1 331
2 351
1 470
2 126
2 218
1 297
1 386
2 226
2 471
1 114
2 459
2 60
1 460
1 43
2 154
2 200
1 487
1 113
1 301
1 272
1 311
1 381
1 206
1 44
2 446
1 345
1 38
2 469
2 246
2 173
2 492
1 235
1 126
2 138
1 289
2 499
2 329
2 351
1 188
1 414
2 255
2 389
1 367
2 492
1 72
1 215
2 240
2 96
2 351
2 494
2 494
1 442
1 74
1 59
2 389
2 98
1 435
1 139
2 46
2 116
2 146
1 383
2 482
2 453
2 63
1 323
1 141
1 81
1 407
1 327
1 316
1 143
1 113
2 254
1 263
2 479
2 51
2 497
1 43
1 364
1 99
2 365
1 302
1 305
2 289
2 60
1 258
1 57
1 334
1 232
2 30
1 209
1 422
2 112
2 358
2 274
2 365
1 400
2 435
1 431
2 187
1 30
1 191
1 166
1 99
2 472
2 106
1 208
2 237
2 195
1 350
1 254
1 458
2 84
1 357
1 171
2 355
1 190
2 490
2 273
1 251
1 216
1 128
1 439
1 298
2 161
2 305
2 65
1 419
1 357
2 366
2 373
1 79
2 469
1 417
2 7
1 188
2 227
2 202
2 382
2 2
2 498
1 161
1 419
2 61
2 410
1 154
1 498
1 344
1 3
2 58
2 280
2 435
1 264
1 23
2 487
1 391
1 181
2 249
2 334
2 225
2 439
1 24
1 313
1 105
2 480
1 176
2 110
1 468
2 98
1 370
1 365
1 123
2 15
2 495
1 383
1 442
2 301
2 460
1 36
1 428
2 77
2 477
2 65
2 411
1 138
1 301
2 244
2 251
1 145
1 309
2 169
1 200
2 270
2 434
1 223
1 24
2 168
2 337
1 149
1 97
1 231
2 140
1 171
2 435
2 488
2 342
1 196
2 476
1 51
1 475
2 123
1 276
1 202
1 226
1 211
1 340
1 423
2 267
2 73
1 260
1 148
2 419
1 345
2 13
2 156
2 372
1 336
2 271
1 462
1 91
2 170
1 318
1 113
1 36
2 489
2 449
2 247
2 184
2 113
1 190
1 34
2 249
2 263
1 110
1 367
2 100
1 334
2 331
1 205
2 335
2 13
2 33
1 1
1 406
1 115
2 233
1 359
1 369
2 353
1 197
2 30
1 459
1 65
2 13
2 7
2 17
1 333
1 335
1 469
1 151
1 187
2 83
2 216
2 18
1 429
1 139
1 361
2 173
2 89
1 249
1 236
1 319
2 167
2 458
2 392
1 70
1 490
2 475
1 103
1 477
2 57
2 193
2 415
2 398
1 254
1 451
1 411
2 114
2 273
2 64
1 178
2 446
2 137
1 428
1 115
2 326
2 371
1 291
1 235
1 141
1 186
2 33
1 211
1 377
2 68
1 498
2 276
2 468
2 214
2 356
1 299
2 350
1 51
2 159
2 32
2 328
2 241
2 369
2 210
2 137
1 388
1 226
2 429
2 427
1 88
1 174
1 167
2 259
2 367
2 205
2 419
1 171
2 244
2 313
1 135
2 83
1 435
1 185
2 353
2 208
1 449
2 29
2 256
1 183
1 260
2 76
2 122
2 189
1 137
1 171
1 302
2 293
1 264
2 450
1 292
1 407
1 390
1 206
2 279
1 323
1 478
1 68
2 496
2 316
2 110
1 256
2 442
1 499
1 229
1 173
1 457
1 463
2 71
1 195
2 259
2 90
1 267
1 186
1 118
1 246
2 191
2 489
2 253
2 42
2 139
1 56
2 497
1 145
2 389
1 471
2 356
2 234
1 422
2 236
2 124
2 265
2 38
2 299
1 296
1 474
1 257
2 232
1 250
2 24
1 68
2 136
2 407
2 249
1 491
1 366
2 20
1 429
2 438
2 198
2 270
2 370
1 51
1 131
1 330
2 437
2 353
1 375
2 144
2 290
2 310
2 249
1 340
2 386
2 107
1 362
1 106
2 253
2 184
1 456
2 94
2 465
1 168
1 408
1 314
2 298
1 55
1 453
1 426
1 22
1 125
2 111
2 318
2 239
2 302
1 218
2 290
1 192
1 373
2 473
2 147
1 310
2 167
1 94
1 155
1 179
1 350
2 362
2 355
1 20
2 145
2 51
2 122
2 244
2 341
1 33
1 337
1 40
2 159
1 150
2 101
1 444
1 468
2 321
1 404
1 478
2 280
2 335
2 475
1 99
2 497
2 6
2 28
1 39
1 179
1 203
2 367
1 432
1 303
1 155
1 443
2 458
1 365
1 327
2 73
2 5
2 112
2 253
2 56
2 177
1 330
2 68
1 376
2 381
1 103
1 88
2 20
2 471
1 189
2 74
2 425
1 330
1 292
1 27
2 225
2 284
1 285
2 454
1 202
1 190
1 221
2 200
1 321
1 327
2 318
1 122
2 182
2 482
2 384
1 172
1 414
2 218
1 10
2 62
2 356
2 366
2 379
2 20
2 439
2 412
1 98
2 202
2 335
1 104
1 395
2 30
2 433
2 62
1 269
2 356
1 225
2 404
2 490
1 6
1 122
2 387
2 301
2 202
2 476
2 204
1 283
2 234
2 183
1 361
2 418
1 279
2 141
1 97
1 309
1 113
1 18
2 1
1 291
1 304
1 358
1 340
1 444
2 58
2 220
1 429
1 338
2 132
1 93
1 311
2 330
2 331
2 273
2 369
1 236
1 33
2 383
1 436
2 297
2 157
1 263
2 5
1 144
1 281
1 216
2 488
2 217
1 447
2 352
2 256
2 191
2 383
2 12
1 103
1 311
2 176
2 196
1 228
2 20
1 278
2 302
2 335
1 287
2 62
1 300
1 429
1 458
2 266
2 129
2 129
2 479
1 67
1 187
1 216
1 153
2 496
1 110
1 27
1 463
1 237
1 257
2 455
1 328
1 35
1 440
2 450
2 170
1 296
1 161
1 118
2 356
2 322
2 295
1 64
2 287
2 222
1 317
1 461
1 247
2 155
2 361
1 457
1 323
1 90
2 115
2 351
2 171
1 287
2 223
2 277
1 3
1 257
2 377
2 167
1 64
2 162
1 481
1 454
2 221
2 490
1 453
1 158
2 216
1 292
1 146
1 299
1 418
2 319
1 272
2 269
2 361
1 110
2 251
2 496
1 309
2 11
2 380
1 236
2 463
2 385
2 446
2 108
2 90
1 361
2 114
2 399
2 411
1 167
2 423
1 484
2 350
1 344
1 13
2 176
1 309
1 436
1 95
2 321
1 173
2 248
1 309
1 112
2 153
2 232
2 292
2 158
1 413
2 75
2 431
1 252
2 162
2 344
1 434
1 291
1 344
1 243
2 35
2 427
2 485
1 114
1 77
2 121
2 123
2 117
2 297
2 495
1 259
1 65
1 354
2 1
2 96
1 405
1 302
1 168
1 341
2 265
2 255
1 109
2 432
1 485
1 446
2 37
1 169
2 452
1 159
1 422
1 399
2 383
1 10
2 337
1 35
1 471
1 339
2 222
1 156
2 202
2 37
1 361
2 191
1 78
2 115
1 103
1 30
2 417
2 91
1 240
1 207
1 119
2 141
1 166
1 46
2 101
2 457
2 139
2 124
2 199
1 420
2 455
2 490
1 339
1 477
1 57
2 492
2 79
1 367
1 483
1 463
2 346
2 395
2 269
1 53
2 108
1 120
1 124
2 137
1 40
2 243
2 147
1 475
2 421
2 321
1 105
2 338
1 53
2 286
2 102
1 287
2 13
1 327
1 218
2 449
1 76
1 58
1 481
1 447
1 225
2 157
2 401
1 130
2 430
1 125
1 309
2 444
1 373
1 309
1 233
1 199
1 5
1 233
2 140
2 238
1 149
1 44
2 240
2 353
2 144
2 52
2 444
1 126
1 117
1 405
2 247
1 360
2 211
2 88
1 123
2 417
1 71
1 172
1 189
2 182
1 57
1 136
1 81
2 167
2 251
1 102
2 379
2 100
2 405
2 143
1 215
2 3
2 223
1 298
2 402
1 94
2 65
1 310
2 194
2 45
1 104
1 293
1 459
1 274
2 282
1 94
1 179
1 133
2 474
1 15
2 261
1 37
2 189
2 173
2 379
1 30
1 215
1 315
2 417
1 240
1 356
2 46
1 133
1 138
1 311
1 184
1 111
2 452
1 271
2 238
2 342
2 130
1 293
1 433
2 383
1 259
1 356
1 475
1 37
1 445
2 115
2 474
1 53
1 229
2 50
1 323
2 84
1 150
1 99
1 437
2 105
2 423
2 54
2 448
1 213
2 140
2 225
1 256
2 391
1 451
1 301
2 34
2 76
2 112
1 117
1 6
2 446
1 33
2 177
2 292
2 77
1 419
2 45
2 429
2 10
2 226
2 151
2 399
1 293
1 103
2 262
1 334
2 240
1 410
1 198
2 156
1 132
1 426
1 100
1 314
1 232
2 124
1 1
1 163
1 383
2 406
1 77
2 55
1 309
1 83
1 16
1 132
1 163
2 27
2 263
2 224
1 83
2 432
1 220
1 229
1 63
1 450
2 77
1 306
2 319
1 242
1 477
2 333
2 134
1 105
1 52
1 93
1 26
1 421
2 470
2 51
1 487
1 22
2 207
2 151
2 66
1 210
1 469
2 384
1 254
2 349
2 168
2 494
1 317
2 142
1 415
1 317
2 395
1 167
2 16
2 329
2 413
2 326
2 285
2 334
1 197
1 398
2 326
2 410
1 305
2 427
1 447
2 324
2 136
2 498
2 159
1 435
2 216
1 303
1 321
1 241
2 21
1 233
2 29
1 340
2 397
2 256
2 65
1 387
2 274
1 203
1 62
1 207
2 249
2 129
2 349
2 438
2 7
1 419
2 16
2 71
1 377
2 106
2 110
1 493
2 80
1 18
2 37
1 269
2 233
2 354
2 118
2 153
1 164
1 214
2 330
1 442
1 314
2 350
2 243
2 9
1 94
2 462
1 250
1 414
1 479
2 266
1 113
2 275
2 342
1 455
2 123
2 80
2 295
2 63
2 327
1 210
1 450
2 49
2 105
2 237
2 285
1 234
1 124
1 26
2 347
1 135
2 228
1 109
2 347
1 115
2 447
2 445
1 199
2 298
2 11
1 441
1 388
1 45
2 33
1 328
2 253
1 52
2 380
1 207
1 183
2 250
2 349
1 376
1 391
1 406
2 59
2 48
1 372
1 161
2 365
1 487
1 153
1 450
1 198
1 109
1 180
2 361
2 108
1 428
1 409
2 399
1 31
1 117
2 242
2 11
1 116
2 75
2 387
1 152
1 31
2 167
2 323
2 91
1 115
1 280
2 54
1 194
2 327
2 339
1 439
2 378
2 197
1 175
2 328
1 370
1 438
2 420
1 415
1 394
2 231
2 256
2 54
2 73
1 259
2 152
1 463
2 104
2 184
1 446
2 455
2 221
2 203
1 356
1 354
2 350
1 125
2 72
1 54
1 262
1 406
2 213
1 145
1 231
1 297
1 339
1 342
2 496
2 402
2 366
2 304
2 43
1 172
1 458
2 462
2 240
2 483
2 87
2 472
2 306
2 344
1 372
2 54
2 433
1 421
1 62
1 217
1 4
1 422
2 316
2 31
2 101
2 359
2 491
2 207
1 303
1 292
1 439
2 244
2 152
1 373
1 92
2 373
2 180
1 259
2 28
2 49
2 153
1 371
2 442
1 142
1 479
2 121
2 130
1 140
2 231
1 198
1 452
2 120
2 216
1 125
1 18
2 428
1 136
1 368
2 227
1 24
1 442
1 474
2 211
2 204
1 476
2 115
2 175
2 261
2 464
2 190
1 262
2 207
2 266
2 326
2 84
2 50
2 197
2 448
2 488
2 200
2 255
2 94
1 401
1 24
1 91
2 49
1 181
1 100
1 330
2 290
2 330
2 141
1 214
1 284
2 442
1 367
2 298
1 330
1 314
2 265
1 417
1 459
2 421
1 394
1 187
1 366
1 374
1 393
2 446
1 491
2 11
1 435
1 169
1 209
1 468
1 237
1 139
2 480
2 105
1 12
2 409
2 158
1 234
1 73
2 429
2 418
1 272
1 99
2 468
1 274
2 133
2 319
2 409
1 33
2 23
1 7
2 272
1 417
2 417
2 388
1 403
2 137
2 8
2 467
2 394
1 114
1 102
1 500
2 433
1 375
1 427
1 90
1 249
1 55
1 346
1 363
2 98
2 275
2 85
2 284
2 332
2 208
1 180
1 148
1 91
1 271
1 107
2 67
1 70
2 21
1 414
2 16
2 233
1 468
2 86
2 499
2 499
2 54
1 118
2 141
1 75
1 77
2 476
1 388
2 264
1 312
1 494
2 40
1 172
2 247
2 109
2 26
2 155
2 284
1 132
2 480
1 392
1 90
2 51
1 263
2 237
2 196
2 457
2 308
2 94
1 237
1 151
1 161
2 193
1 429
1 72
1 233
2 167
1 181
1 151
1 236
1 222
2 118
1 17
2 158
1 331
2 16
2 8
1 489
1 471
2 375
2 176
2 209
2 281
1 412
2 185
2 170
1 429
2 435
2 416
2 111
1 339
1 430
1 153
1 46
2 187
1 369
1 231
1 408
2 467
2 293
2 317
2 260
2 101
1 394
1 138
1 113
1 481
1 322
2 164
2 107
1 490
1 267
1 405
2 82
2 345
2 77
1 189
1 110
2 233
2 157
2 358
2 198
1 15
2 322
1 89
2 379
2 108
2 2
1 171
1 438
1 14
1 381
1 201
1 194
2 345
1 155
1 323
2 392
2 75
2 14
1 345
1 446
1 240
2 19
2 86
1 130
2 321
1 152
2 499
1 158
2 399
1 397
2 368
1 57
2 352
1 458
2 17
2 352
2 405
2 371
2 30
1 441
2 361
2 75
2 142
1 54
1 248
1 113
2 441
2 409
1 295
1 192
2 324
1 271
2 118
2 71
2 344
2 349
1 307
1 415
1 359
1 192
1 121
1 425
2 176
2 204
1 403
1 133
1 291
2 158
1 248
1 406
2 295
2 295
2 30
2 253
1 380
1 346
1 451
1 412
1 454
2 300
1 362
1 138
1 38
2 263
2 227
2 228
2 127
1 473
1 434
2 395
2 372
1 16
1 213
2 152
2 245
2 226
2 86
2 314
2 10
2 260
1 449
2 460
2 360
1 82
2 361
1 309
1 272
1 258
1 454
2 2
1 415
1 8
1 294
1 474
2 250
2 242
1 71
2 124
1 337
2 426
2 384
1 132
2 409
2 491
1 353
1 264
2 423
2 118
2 444
1 223
2 176
2 242
2 369
2 380
2 125
1 105
2 391
2 367
1 329
2 365
1 201
1 300
2 251
1 191
1 361
1 239
1 230
1 134
1 49
1 155
2 171
2 385
2 347
1 64
1 108
2 209
1 408
1 283
1 129
2 204
2 386
1 25
2 125
1 65
2 375
2 50
2 181
1 310
1 185
2 55
2 153
2 304
2 326
1 422
2 411
2 443
1 270
2 115
2 329
2 271
2 453
1 452
2 106
2 12
1 485
1 138
1 32
1 254
1 379
2 164
2 4
1 289
2 425
2 371
2 137
1 11
2 313
1 221
1 74
2 412
2 150
2 400
1 342
2 243
2 179
1 213
1 363
2 11
2 107
2 243
2 226
1 331
2 67
1 160
2 136
2 403
2 472
1 22
2 306
1 237
1 21
1 222
1 154
1 374
2 464
2 355
1 74
1 80
1 293
2 484
1 14
1 416
2 39
1 1
1 53
1 32
1 391
2 161
1 336
1 156
2 2
2 340
2 252
2 67
1 10
1 323
2 436
1 359
1 27
2 22
1 300
2 357
1 157
2 86
1 50
2 290
1 307
1 478
1 400
1 453
2 94
2 135
2 365
2 206
2 408
2 26
2 131
1 249
2 250
1 278
1 278
1 55
2 401
1 494
1 76
2 265
2 73
2 253
2 96
1 384
2 389
2 61
2 143
2 10
1 198
2 395
1 410
2 264
1 333
2 314
1 55
1 132
1 180
1 268
2 45
2 481
2 264
1 156
1 54
2 1
1 155
1 431
2 48
1 226
1 450
2 139
2 468
1 336
1 357
2 274
1 458
2 186
2 148
2 330
2 209
1 156
1 429
1 280
2 279
2 356
2 396
2 289
2 468
1 362
2 78
1 78
2 94
2 459
2 308
1 497
1 470
2 83
1 90
1 374
2 219
1 153
1 280
2 328
2 64
1 423
2 381
1 232
1 467
1 270
1 330
1 345
2 270
1 400
1 493
1 432
2 207
1 176
1 24
1 436
2 249
2 283
2 62
1 158
1 56
2 5
2 44
1 239
1 129
1 25
2 263
1 184
2 391
2 306
1 418
1 56
1 304
1 498
2 352
2 245
2 81
2 347
2 302
2 290
1 222
1 403
2 473
1 157
2 500
2 332
1 408
2 83
2 224
2 75
2 87
2 185
1 272
2 144
2 467
2 355
2 450
2 229
1 398
2 488
2 199
2 314
1 57
2 316
1 181
2 207
2 265
2 286
1 126
2 313
1 65
2 336
1 479
1 139
1 449
1 124
2 296
1 105
1 38
1 484
1 14
1 188
2 284
1 18
2 106
1 57
2 348
1 388
1 308
2 201
1 4
2 106
1 114
1 3
2 334
1 72
2 27
2 477
2 84
2 423
1 176
2 64
1 75
2 201
1 329
1 341
2 78
1 484
2 8
1 45
2 472
1 39
1 226
1 12
1 214
2 203
2 265
1 264
2 420
2 72
2 218
1 433
2 210
1 41
2 401
2 409
1 52
2 426
2 18
2 290
2 223
1 472
1 109
2 178
2 51
1 129
1 365
2 118
1 328
1 494
1 94
1 304
2 53
2 126
1 17
2 153
1 259
1 79
2 62
1 247
2 209
2 84
1 287
1 499
1 211
2 194
2 98
2 301
1 429
1 72
2 193
1 184
2 199
1 169
1 222
1 224
1 142
1 207
2 361
1 394
2 402
2 227
2 287
1 149
2 305
1 12
2 295
2 151
2 161
1 456
1 87
1 15
1 191
1 360
2 279
1 473
1 396
1 178
2 79
1 101
2 249
1 84
2 11
1 239
2 53
2 256
2 78
1 71
1 343
1 170
2 239
1 300
2 193
1 21
2 7
2 6
1 85
2 150
2 174
2 469
2 435
1 421
1 197
2 131
1 477
1 12
2 441
1 201
1 493
2 108
2 194
2 106
1 405
1 76
2 496
1 9
1 323
2 145
2 124
2 410
1 426
1 166
1 437
2 203
2 291
2 279
1 275
2 465
1 344
1 462
2 287
1 472
2 250
1 480
2 94
2 324
2 14
1 236
1 208
2 378
1 101
2 334
2 245
1 406
1 42
2 278
1 188
2 141
1 68
1 14
2 212
1 31
1 179
1 175
1 56
2 235
1 265
1 383
2 70
1 448
2 359
2 142
1 177
1 39
1 105
2 108
2 94
1 394
1 255
1 9
2 176
2 170
1 15
1 300
1 396
2 398
1 175
2 3
2 25
1 298
2 298
2 297
2 246
1 14
2 110
1 15
2 320
1 77
1 440
1 121
2 327
1 440
2 261
1 56
2 187
2 117
1 462
1 226
2 455
2 59
1 464
2 53
1 109
2 321
1 356
1 234
1 163
2 387
2 466
1 411
2 498
1 488
2 293
1 18
2 304
1 15
1 1
2 255
2 47
2 360
1 220
2 288
2 117
1 9
1 319
1 438
1 299
1 127
2 139
1 41
1 71
2 413
2 325
2 235
2 446
1 477
2 38
1 399
1 141
1 440
2 179
2 126
2 302
1 271
1 395
2 86
1 70
1 240
1 369
2 117
1 420
2 330
1 356
2 315
1 340
1 306
1 483
2 346
1 183
1 428
2 130
2 98
2 362
1 445
1 16
2 247
2 5
2 96
1 9
2 59
1 164
1 217
1 146
1 282
1 233
2 461
1 73
1 265
1 99
2 220
1 473
1 401
2 394
1 188
1 406
1 305
1 461
2 419
1 286
1 138
1 112
1 84
1 7
1 174
1 408
2 71
1 358
2 208
1 319
2 209
1 344
1 497
1 386
1 261
1 319
1 393
2 199
1 318
1 175
2 163
1 383
2 165
2 204
1 196
1 470
1 97
2 269
1 468
2 213
2 30
2 330
1 165
2 102
2 86
1 473
1 62
1 480
1 300
2 302
2 408
2 102
2 436
2 154
2 229
1 483
1 248
2 383
2 193
1 247
1 112
2 377
2 278
1 102
2 95
2 423
1 378
2 210
2 99
2 215
2 80
1 436
1 214
1 92
1 6
1 35
2 260
2 493
1 470
1 466
1 201
2 418
1 117
2 242
2 342
1 393
2 357
1 100
1 349
2 327
1 232
2 322
1 475
1 381
2 112
1 212
1 86
2 241
1 460
1 120
2 289
1 425
1 191
2 67
1 419
1 245
2 106
2 346
2 84
1 229
2 423
1 6
2 421
1 414
1 431
1 384
1 397
1 217
1 184
2 331
2 28
2 309
1 345
1 66
2 231
1 123
2 437
2 365
2 430
2 440
2 164
2 80
1 483
1 351
1 430
2 472
1 460
1 443
1 285
1 84
2 5
2 372
2 39
1 150
1 366
2 328
2 264
2 293
1 406
2 115
1 176
2 145
2 218
2 290
2 150
1 369
1 432
1 446
1 328
2 289
2 388
2 426
2 227
1 100
2 64
1 172
2 152
1 77
1 106
2 224
2 444
1 260
2 184
2 48
2 356
1 407
2 156
1 97
2 253
1 71
2 261
1 259
2 409
1 134
1 54
2 120
2 300
2 75
2 139
1 49
1 161
1 88
2 139
1 255
1 231
2 60
1 66
1 108
1 5
2 191
1 301
1 258
1 244
1 139
1 157
2 376
1 142
2 338
2 499
1 376
2 268
2 276
2 456
2 10
2 179
1 222
2 213
1 283
1 15
2 337
1 459
1 341
2 379
1 85
2 121
1 309
1 450
2 72
2 171
2 217
1 132
2 180
1 122
1 151
1 234
2 159
2 403
2 497
2 28
2 9
1 244
2 239
2 457
1 449
1 390
1 329
2 308
1 216
2 174
1 416
2 205
2 451
2 425
2 91
2 231
2 156
1 471
2 370
1 204
2 55
1 188
2 170
2 94
1 127
2 103
1 26
2 468
1 469
2 479
2 401
2 9
1 35
1 450
1 259
1 74
2 303
2 399
1 107
1 209
2 463
1 479
1 322
1 19
2 42
2 201
1 58
1 498
1 393
2 495
2 156
2 167
1 181
2 430
1 260
1 224
1 301
1 413
2 500
1 265
2 132
2 335
2 378
1 280
1 334
2 124
1 47
1 447
2 206
1 218
1 366
1 391
1 495
1 140
1 439
1 91
1 73
2 111
1 460
1 424
2 16
2 134
1 189
2 141
1 160
1 211
2 151
1 43
1 257
1 195
2 290
2 116
1 61
1 15
1 468
1 165
2 189
1 249
2 82
2 122
1 98
2 118
2 434
1 98
1 194
1 236
2 77
2 48
2 281
1 9
1 56
2 82
1 174
1 324
1 70
2 497
1 277
1 268
1 126
2 251
2 156
1 5
1 41
1 221
2 317
2 272
1 253
2 319
1 387
1 33
1 87
2 475
2 495
1 277
1 106
2 142
1 217
1 197
2 49
2 281
2 497
1 441
2 256
2 27
1 253
2 450
2 292
1 257
1 18
2 109
2 412
1 236
1 395
2 88
2 201
1 11
1 123
2 150
1 62
1 372
1 439
2 356
1 448
1 367
2 497
2 440
1 76
2 239
1 311
1 264
1 45
1 413
2 77
1 396
1 90
2 155
1 143
1 109
2 325
2 407
2 153
1 432
1 373
1 49
2 495
1 46
2 289
1 409
2 20
2 206
2 127
1 340
1 73
1 212
1 126
1 422
1 464
1 5
1 375
2 370
1 216
1 464
1 373
2 221
1 381
1 204
2 490
2 128
1 342
2 15
2 161
2 244
1 494
1 163
1 4
1 441
2 447
2 75
1 129
2 415
2 276
2 367
2 365
2 31
2 389
2 25
2 333
2 172
1 220
1 46
1 218
1 294
1 94
1 39
1 218
1 434
1 276
2 110
1 499
1 198
2 185
2 436
2 343
2 195
1 145
1 489
1 429
2 229
2 354
1 96
1 73
1 417
1 182
1 339
1 166
2 418
1 111
2 218
2 16
1 218
1 3
2 225
1 341
2 306
1 72
2 117
1 430
2 195
2 59
1 142
1 422
1 277
1 468
1 188
2 258
2 346
1 111
1 395
2 375
1 497
1 101
2 294
1 498
1 345
1 373
1 483
1 249
2 29
2 456
1 51
2 473
2 177
2 318
2 386
1 123
1 342
2 346
2 456
2 474
1 250
2 138
1 344
1 194
2 306
1 440
2 214
1 457
1 347
1 165
1 170
2 317
2 361
1 349
1 357
1 468
1 372
2 42
1 194
2 292
1 88
2 208
1 347
1 395
2 141
2 128
1 197
1 24
2 457
1 225
2 398
1 271
2 148
1 188
2 102
2 340
1 62
2 343
1 414
2 452
2 500
2 68
1 374
1 105
1 167
2 143
1 20
2 185
2 428
1 359
2 351
2 70
1 449
1 23
2 205
1 269
1 256
1 251
2 279
2 458
1 35
1 361
1 216
2 424
2 417
2 376
2 333
2 382
2 61
1 495
2 81
2 468
1 451
1 464
2 277
2 26
2 77
2 217
1 283
1 139
2 126
1 169
1 162
1 91
1 9
2 486
2 348
2 276
1 375
2 230
2 364
1 313
1 346
2 83
1 373
2 31
1 438
2 308
1 305
1 321
2 482
2 254
2 315
2 182
2 120
1 43
2 371
1 274
1 88
1 47
1 429
2 162
1 332
2 317
1 218
1 300
2 500
2 232
1 286
2 355
2 176
2 239
1 456
1 465
1 71
1 207
2 292
1 69
2 188
2 110
2 226
1 456
2 166
2 391
2 303
2 207
2 345
2 228
2 160
2 344
2 56
1 81
2 270
2 322
2 386
2 214
2 192
2 188
1 59
1 12
2 174
2 43
1 367
2 318
2 315
2 109
1 415
2 420
1 190
2 344
2 24
2 389
2 77
1 128
2 153
1 348
1 210
1 196
1 12
2 454
1 230
1 399
1 455
2 31
1 263
1 422
1 431
1 57
2 386
1 494
1 323
2 68
1 434
2 460
1 479
2 475
1 327
1 55
2 396
2 276
1 311
2 296
2 358
1 451
2 387
1 485
1 488
1 445
1 18
1 71
1 169
2 260
2 270
1 479
2 251
1 323
2 154
1 153
2 173
2 458
2 399
1 472
1 197
2 11
1 172
2 265
1 478
1 390
2 338
1 412
1 473
1 500
1 407
1 341
2 458
1 341
1 91
2 446
2 81
1 204
1 389
1 296
1 344
2 464
2 405
2 472
2 164
2 355
1 326
2 500
2 344
2 343
1 5
1 72
2 447
2 188
2 94
2 404
2 20
1 469
1 94
1 152
1 262
1 179
2 52
2 222
2 223
1 180
2 203
2 311
2 377
1 336
2 185
2 259
1 458
1 479
1 19
1 13
2 340
2 71
2 73
1 490
2 207
2 373
2 272
2 262
1 385
2 322
2 187
2 124
2 364
1 400
1 83
1 366
1 306
2 165
2 80
1 25
2 174
1 399
2 80
1 149
1 108
1 384
2 254
2 143
2 460
1 351
2 305
1 168
1 4
1 340
1 189
2 222
2 262
1 11
2 280
2 9
2 481
1 385
1 103
2 55
1 420
2 160
1 472
1 38
1 11
2 411
1 241
1 266
1 251
1 195
1 287
2 121
2 298
2 204
1 236
1 166
2 366
2 83
1 152
1 17
2 496
2 66
2 58
2 90
1 310
1 394
-1
