2 52
1 280
1 496
1 211
1 155
2 385
2 326
1 55
1 405
1 139
1 68
2 101
2 421
1 404
2 271
1 364
1 56
2 79
2 104
1 57
1 58
2 205
2 122
2 66
1 102
1 61
2 290
1 247
2 213
1 309
2 73
1 8
1 18
1 383
1 79
2 231
2 231
2 223
1 45
2 433
1 196
2 370
1 6
1 400
1 470
1 404
1 84
2 22
2 201
1 74
2 46
2 119
1 443
1 183
1 334
2 337
2 459
2 218
2 26
2 34
2 177
1 389
1 52
1 212
1 369
1 383
1 442
2 245
1 46
2 223
2 393
1 112
2 470
2 315
2 446
2 342
1 342
1 233
2 195
1 349
2 81
2 180
1 435
1 258
2 202
1 63
1 243
1 444
1 3
2 411
1 311
1 421
1 185
2 248
2 448
1 145
2 178
1 402
2 99
2 297
1 343
2 245
2 33
1 353
2 150
2 334
1 366
1 315
1 258
2 484
2 10
1 85
1 303
2 4
2 349
1 404
2 158
1 332
1 39
1 76
2 298
2 352
2 14
2 416
2 433
2 328
1 378
1 333
1 250
1 432
2 487
2 345
2 334
1 38
1 359
1 264
1 374
1 22
1 486
2 10
1 187
2 63
1 101
1 95
1 435
1 152
1 212
2 122
2 172
2 473
2 476
1 390
1 55
1 441
1 200
1 309
2 139
1 154
2 323
2 440
2 478
1 382
1 440
2 290
2 366
1 197
2 350
2 394
1 202
1 296
2 136
1 491
1 179
2 364
2 449
2 110
1 98
2 319
2 50
2 352
2 222
1 107
2 338
2 179
2 38
1 292
2 281
1 150
1 482
2 164
1 20
2 208
2 468
1 358
2 486
2 283
1 460
2 334
1 93
1 188
2 337
2 7
1 465
2 429
1 21
1 376
1 69
2 361
1 460
1 404
1 130
1 209
2 278
1 90
2 54
1 353
1 108
2 211
1 367
2 370
1 435
2 483
2 179
2 390
1 264
2 287
2 330
2 186
2 37
2 329
1 404
2 35
1 244
1 287
1 236
1 53
1 252
1 172
1 230
2 420
1 205
1 90
1 201
2 493
2 402
2 382
2 58
1 372
2 161
2 114
2 166
2 418
1 406
1 199
2 2
1 332
2 176
1 92
1 400
1 316
2 109
2 310
1 464
2 318
2 191
2 373
2 301
1 126
1 231
1 193
2 294
1 291
2 149
1 196
2 170
2 201
1 411
1 295
1 395
1 350
2 246
1 145
2 216
1 456
1 298
1 382
2 376
1 59
1 110
1 424
2 468
2 408
1 190
1 251
1 369
2 373
1 378
2 216
2 491
1 243
1 171
1 378
1 500
1 274
2 393
2 239
1 25
1 237
2 403
2 150
2 291
1 88
2 391
1 113
2 327
2 20
2 183
2 247
1 36
1 494
1 420
1 139
2 81
2 363
2 417
1 457
1 238
1 80
1 199
1 360
2 251
2 374
2 127
1 318
1 343
2 293
1 246
2 410
1 361
1 160
2 136
1 336
2 11
2 352
1 311
2 438
2 293
2 345
2 134
1 136
1 176
1 90
2 62
2 246
1 123
2 198
1 224
1 334
1 152
2 147
1 99
2 22
2 247
1 13
2 231
1 208
1 427
2 326
1 148
2 261
1 31
1 379
1 343
1 192
2 100
1 308
1 126
1 292
2 399
1 457
1 155
1 35
2 165
2 420
1 487
1 433
1 489
2 123
1 226
1 30
2 356
2 226
2 18
2 57
2 24
2 46
1 29
1 462
2 496
2 356
2 412
1 500
1 302
1 435
2 288
1 55
2 153
1 475
1 148
1 438
2 396
2 52
1 119
2 320
1 245
2 96
1 314
2 259
2 69
1 345
1 361
2 350
2 382
1 387
2 207
1 51
2 11
1 378
2 466
1 94
1 224
1 217
1 136
1 208
1 373
2 263
2 155
1 98
2 140
1 65
1 11
1 300
2 273
1 1
2 79
2 300
1 136
2 43
2 344
2 327
1 155
2 300
2 405
2 345
1 84
1 241
2 81
2 467
2 274
1 443
1 266
2 5
2 111
1 171
1 150
2 373
1 290
1 112
1 273
2 89
1 70
2 154
1 425
2 354
1 292
2 401
2 391
1 457
2 157
2 306
1 180
1 109
2 201
1 14
2 380
1 33
2 134
1 450
2 158
1 108
2 304
2 209
1 118
2 46
1 496
2 79
2 380
2 495
1 110
1 405
1 461
2 290
1 474
1 4
1 247
1 284
1 472
2 447
2 9
1 214
1 342
1 382
2 330
1 152
2 235
1 280
2 196
1 141
1 13
1 153
2 255
1 12
1 280
1 166
2 449
2 348
1 22
1 214
2 105
2 494
1 125
2 386
1 194
1 193
1 170
2 316
1 485
2 206
1 136
2 256
1 454
1 77
2 333
1 30
2 7
2 480
2 147
1 154
2 243
2 398
1 43
1 40
2 392
2 143
1 319
1 463
1 205
1 247
2 181
1 178
2 150
2 21
1 374
2 136
2 373
1 232
2 451
2 294
1 219
1 221
1 389
1 309
1 427
2 334
2 182
2 146
2 372
1 127
2 192
1 65
1 499
2 331
2 419
1 495
1 115
2 175
2 102
2 300
1 390
1 339
2 496
1 254
2 1
1 316
2 345
1 108
1 176
1 496
2 117
1 436
2 57
1 438
1 444
2 390
2 370
1 108
1 63
2 436
2 92
2 459
1 131
2 483
1 208
2 456
2 172
2 259
1 352
1 90
1 285
2 480
1 410
2 371
1 299
2 238
1 409
2 178
2 115
1 49
1 342
1 202
1 247
2 445
1 8
1 245
1 68
2 298
2 15
1 152
1 178
1 55
2 438
1 477
1 96
2 429
2 233
2 154
2 443
2 76
1 336
2 446
1 397
2 232
2 114
1 76
1 125
2 82
1 214
1 317
2 287
2 450
2 227
2 497
2 257
1 323
2 96
1 348
1 362
2 255
2 314
1 470
1 312
2 351
1 461
2 38
2 116
2 117
1 146
2 67
1 240
2 346
1 8
2 31
2 124
2 399
2 319
2 227
1 271
2 359
2 300
2 181
2 87
2 460
1 465
1 338
2 266
2 392
2 228
1 197
2 59
1 139
2 316
2 210
1 146
2 21
2 317
2 211
2 202
1 191
1 48
1 222
2 210
2 290
2 239
1 139
2 433
1 377
1 494
1 186
2 6
1 83
1 258
2 429
2 463
2 329
1 498
1 26
2 15
2 348
2 5
1 401
2 263
2 389
2 214
1 247
1 131
1 393
1 122
2 51
1 143
2 297
1 280
2 51
1 193
1 250
2 235
1 486
1 278
1 106
1 299
1 63
2 33
2 20
2 480
1 442
1 152
2 466
1 265
1 429
2 413
2 6
2 180
2 496
1 68
2 5
1 157
2 498
2 225
2 195
1 291
2 178
1 79
2 429
2 10
1 3
1 388
1 272
2 202
1 80
2 72
1 486
1 2
2 121
2 352
2 282
1 7
2 139
2 305
1 131
1 277
1 87
1 345
2 434
2 478
1 167
2 449
2 333
2 487
2 29
1 471
1 183
1 121
1 414
2 389
2 91
2 382
2 180
1 387
2 124
1 330
2 469
2 147
2 81
2 253
2 323
2 270
2 404
1 178
1 19
1 214
2 82
2 137
2 172
1 78
1 443
2 290
2 37
1 211
2 420
2 77
1 390
2 99
2 440
1 462
1 194
2 418
2 121
2 92
2 282
2 144
1 427
2 487
1 72
2 284
2 12
2 437
2 59
2 397
1 14
2 308
2 385
2 186
1 131
2 2
1 297
2 488
2 429
1 390
1 22
1 342
2 386
1 489
1 164
1 145
1 244
1 236
1 177
2 485
2 49
1 71
2 482
1 272
1 235
2 261
1 186
2 493
2 232
2 70
1 218
2 277
2 166
1 441
1 137
2 1
2 115
2 382
1 332
2 358
1 165
1 173
2 72
2 125
1 350
2 51
2 261
2 380
1 190
1 472
1 448
1 363
1 394
1 158
2 248
2 142
1 132
1 114
1 183
2 359
1 137
2 98
2 87
2 174
1 500
2 454
1 468
1 9
2 411
1 289
1 384
1 421
1 96
2 423
1 477
2 309
2 41
1 361
2 87
1 106
1 383
2 385
1 78
1 415
1 115
2 349
2 133
1 366
1 156
1 357
1 420
2 448
1 274
1 290
1 193
2 150
2 10
1 277
2 483
2 131
1 393
2 448
2 100
2 456
2 304
1 90
2 180
2 386
1 196
2 17
2 125
1 167
1 404
2 425
1 485
2 187
1 33
1 106
2 150
1 91
2 77
2 27
2 421
1 62
2 290
1 209
2 448
2 400
2 318
1 440
1 378
2 383
2 464
2 247
1 106
2 66
1 221
2 290
1 208
2 110
1 485
1 264
1 44
2 486
2 487
2 367
1 255
2 478
2 441
1 332
1 413
2 80
2 45
2 126
2 276
2 102
1 256
2 43
1 379
1 364
2 304
1 81
2 331
1 129
2 134
1 169
1 60
1 30
2 320
1 209
2 446
1 354
1 174
1 205
1 275
1 269
2 150
2 489
1 110
2 454
2 428
1 492
2 221
1 443
2 381
2 487
1 460
2 379
2 440
2 389
2 3
2 145
1 209
2 187
1 249
1 265
1 114
1 14
1 481
2 78
2 459
2 391
2 461
2 107
1 56
2 466
1 3
1 413
2 94
2 233
1 90
2 221
2 456
2 241
1 395
1 1
2 438
2 475
1 364
1 150
2 280
2 328
1 429
1 197
1 190
2 68
2 129
1 186
2 226
1 77
1 447
2 177
2 172
2 282
1 436
2 453
1 398
1 350
1 223
1 51
1 327
1 394
2 258
2 95
2 356
2 455
2 452
2 39
1 133
1 157
2 455
2 136
1 240
2 381
1 30
2 77
1 49
1 367
1 49
2 140
1 336
1 410
2 76
1 261
2 120
2 129
1 377
1 277
1 100
2 281
2 439
2 189
2 326
2 496
1 219
1 482
1 433
2 192
2 191
1 273
1 220
2 235
1 368
2 415
2 371
2 447
1 403
2 500
1 393
2 306
1 334
2 17
1 382
2 331
1 364
2 233
1 355
2 31
1 181
1 188
2 492
1 63
2 473
1 475
2 409
1 328
1 123
2 212
1 257
1 427
1 144
2 203
1 477
1 219
2 383
1 411
1 244
2 120
1 387
1 80
2 430
1 388
1 456
1 55
1 141
2 183
2 491
1 134
2 323
2 327
2 462
2 430
2 61
1 420
2 347
1 93
1 259
2 327
1 432
2 277
1 213
2 208
2 48
1 373
1 398
2 426
2 139
1 416
1 257
2 350
2 186
2 231
1 127
2 361
1 290
2 481
1 300
2 409
2 234
2 69
2 184
1 341
1 201
1 373
2 91
2 264
1 17
1 424
2 50
1 52
2 125
1 45
1 72
2 122
2 437
1 287
1 36
1 294
1 235
1 397
2 240
1 305
1 5
1 102
1 215
2 97
2 37
2 114
1 297
1 265
2 277
2 205
1 382
1 400
2 367
1 293
2 159
2 66
2 176
1 68
2 172
1 81
1 156
2 168
1 282
1 37
1 38
2 370
1 442
2 388
1 120
1 266
1 129
1 440
1 351
2 398
1 171
2 82
1 25
2 130
1 236
1 363
2 110
1 44
2 204
2 358
2 463
1 452
2 307
2 450
2 250
1 30
1 178
2 449
1 63
1 7
1 447
2 423
1 305
1 106
1 249
1 35
2 439
1 5
2 229
1 253
1 153
1 101
1 97
2 31
2 331
2 161
2 462
2 333
1 400
1 125
1 105
2 62
2 349
1 139
2 224
2 406
1 25
1 58
2 258
1 483
1 329
2 365
1 77
2 407
2 338
2 328
2 394
1 337
1 159
1 170
1 218
2 258
1 432
2 214
2 106
2 129
1 191
2 75
1 393
2 448
1 216
2 24
2 16
2 202
2 40
2 408
2 297
2 351
1 183
1 120
2 464
1 222
2 92
2 274
1 481
2 66
1 495
2 156
2 153
2 389
1 79
1 301
2 313
2 306
2 270
1 283
1 173
2 240
2 5
2 100
2 85
2 33
2 254
1 293
1 397
2 302
2 477
1 54
2 308
2 135
2 136
1 162
2 274
2 425
1 265
1 466
2 41
1 280
1 38
1 403
1 105
1 112
2 9
2 73
1 228
2 393
2 124
1 23
2 307
2 230
2 175
1 272
2 45
2 360
1 474
1 219
1 170
2 362
1 199
1 494
1 141
1 141
1 143
2 217
2 314
1 224
1 141
2 406
1 397
2 119
1 230
1 152
2 224
2 77
1 447
1 52
2 159
1 54
2 206
1 454
2 216
2 210
1 23
2 245
2 231
1 492
2 405
2 211
1 156
2 401
1 60
1 392
1 347
2 223
2 419
1 275
1 204
2 193
1 303
1 348
1 153
2 198
2 482
1 388
2 47
1 442
1 444
2 176
1 333
1 194
2 73
2 88
1 157
2 205
2 70
1 344
1 390
2 334
2 301
2 359
2 212
1 304
2 188
2 297
2 376
1 123
1 162
2 427
1 343
2 481
1 34
1 189
1 69
1 146
2 94
2 67
2 360
1 312
1 201
1 420
1 153
1 228
2 104
1 336
1 137
1 61
1 344
2 445
1 122
2 280
2 151
1 372
1 67
2 409
2 346
1 195
1 222
1 16
2 427
1 327
2 371
2 437
1 488
2 125
2 175
1 28
2 453
2 187
1 285
2 490
1 275
1 331
1 457
2 24
1 50
1 298
1 89
1 134
1 319
1 240
2 366
2 170
1 17
1 41
2 302
2 282
1 418
2 423
2 311
2 462
1 500
2 483
1 197
1 367
2 78
2 359
2 225
1 464
1 87
2 42
2 91
1 316
1 140
2 86
1 389
2 365
1 158
2 328
1 167
1 220
1 4
1 390
2 458
2 470
1 413
2 136
2 390
1 363
2 42
1 34
1 495
1 21
1 97
1 357
2 246
1 358
2 5
2 329
1 303
1 210
1 365
2 70
1 148
1 487
2 232
1 322
1 270
2 81
1 394
2 480
2 216
2 92
1 139
1 386
2 422
2 8
1 291
1 243
2 213
2 331
1 101
2 373
1 199
2 87
1 93
1 83
1 458
1 232
1 297
2 36
1 63
1 207
2 325
1 495
2 30
1 333
1 330
2 351
1 362
2 119
1 206
2 466
2 226
2 110
2 17
1 92
2 393
2 135
2 100
1 457
2 307
2 259
1 346
2 15
2 398
2 364
2 186
2 470
2 81
2 137
2 76
2 379
1 231
1 388
1 347
2 458
2 485
1 140
1 29
1 240
1 138
1 232
2 488
2 290
2 280
1 17
2 358
1 175
1 113
1 269
2 406
2 463
2 498
1 424
1 459
1 303
1 119
2 123
1 439
1 26
1 189
2 277
2 290
2 486
1 364
2 212
1 185
1 364
1 127
2 60
2 450
1 32
1 452
1 378
2 417
2 460
1 149
1 356
1 38
2 191
1 299
1 375
2 427
1 369
2 376
1 489
1 493
2 97
2 378
1 187
2 81
1 104
2 234
2 19
2 3
2 376
1 463
1 488
2 191
1 294
2 487
1 96
1 6
1 276
1 370
1 382
1 459
2 30
1 147
1 19
2 109
1 154
2 348
1 311
1 201
1 308
1 90
2 371
2 447
1 182
1 311
2 117
2 251
1 165
2 46
2 398
1 280
2 428
2 396
1 369
2 46
1 488
2 79
1 81
2 355
2 192
2 29
1 285
1 305
2 28
1 335
2 207
2 180
1 445
2 372
2 23
2 489
1 403
2 219
2 295
2 449
1 89
1 145
1 461
2 378
1 3
2 117
2 179
1 343
2 222
1 288
2 334
1 458
1 46
2 422
1 101
2 29
1 52
2 267
1 325
1 499
2 208
2 36
1 114
1 213
1 295
1 284
1 127
2 363
1 269
1 215
1 6
2 263
2 119
2 420
2 376
2 122
1 237
2 173
2 238
2 38
1 384
2 11
1 413
2 33
1 360
2 403
1 193
2 274
2 397
1 458
1 464
2 207
1 439
1 402
1 264
2 411
1 111
2 9
1 145
1 57
1 492
2 221
2 327
2 347
2 392
1 346
2 86
2 258
1 432
1 255
2 450
2 194
2 85
2 436
2 96
1 85
2 154
2 123
1 151
1 54
1 477
2 248
2 303
1 290
1 17
2 133
1 209
1 230
1 380
2 374
2 360
1 414
2 115
1 344
2 209
2 11
1 500
1 100
1 467
2 240
2 433
1 153
1 197
1 139
2 399
1 255
1 174
1 123
1 408
1 256
1 67
1 153
1 376
1 71
1 141
1 29
2 181
2 418
1 414
1 10
1 420
1 422
2 136
1 84
2 361
2 362
2 457
2 344
1 118
2 377
1 76
2 35
2 437
1 338
2 360
2 14
2 314
2 75
2 478
1 195
2 496
2 117
1 423
2 487
1 79
1 150
1 268
1 114
2 487
2 407
1 1
1 328
2 355
1 115
1 411
1 374
2 70
2 210
1 7
2 235
2 412
1 442
2 271
1 235
1 210
2 455
2 413
2 377
2 184
2 302
2 4
1 353
2 222
1 268
1 462
2 164
2 90
2 404
2 364
1 470
1 483
1 284
2 58
1 365
1 354
1 40
1 45
1 134
1 9
1 197
2 460
1 195
2 169
1 261
1 292
1 105
1 358
1 372
2 251
1 360
2 105
2 18
1 142
2 119
2 256
1 473
2 27
2 116
2 469
1 227
1 310
2 237
2 423
1 433
2 47
2 333
2 43
1 152
2 353
2 187
1 438
2 323
1 29
1 363
2 17
2 312
1 271
1 196
2 7
2 70
2 125
1 56
2 104
2 203
1 181
2 63
1 251
2 286
1 378
1 480
2 88
1 72
1 191
1 255
1 100
1 454
1 429
2 242
1 68
2 487
1 185
1 218
1 138
2 271
1 2
1 262
2 245
2 298
1 304
1 337
2 227
1 478
1 151
1 187
1 164
1 169
1 427
1 339
1 240
2 431
2 211
1 329
2 229
2 242
1 30
1 287
2 220
1 264
1 483
1 291
1 327
2 50
2 197
1 21
1 497
2 381
2 347
2 365
2 187
2 106
2 36
1 325
2 8
1 328
1 241
1 340
1 281
2 24
2 276
1 116
1 199
1 34
2 57
2 471
2 5
1 311
1 320
2 147
2 426
1 20
2 296
2 438
1 247
2 256
2 209
2 350
2 219
1 303
2 282
2 221
1 200
1 177
2 18
2 49
1 1
2 462
1 279
2 223
1 63
1 252
2 200
2 29
1 484
2 44
2 455
2 402
2 148
2 377
2 105
1 312
2 198
2 400
1 375
1 353
1 451
1 412
2 57
2 272
1 475
1 157
1 432
1 288
2 340
1 447
2 293
2 49
1 235
2 318
1 126
1 103
2 478
1 431
1 306
1 277
2 369
2 414
1 195
2 82
1 68
2 330
2 491
2 54
2 31
2 38
1 97
1 84
1 6
1 459
2 68
2 295
1 20
1 88
1 464
2 99
1 49
2 448
2 159
2 116
2 76
2 196
1 497
1 97
1 497
2 16
1 493
2 500
1 222
2 77
1 107
1 421
1 456
1 194
1 220
2 154
2 166
2 170
1 332
1 15
2 24
1 244
2 44
2 380
1 33
2 155
1 336
2 295
2 294
1 404
2 149
2 12
1 257
2 179
2 299
2 269
1 74
1 190
1 107
1 235
2 230
2 130
2 315
1 207
1 264
1 472
1 18
2 429
1 368
2 214
1 151
1 339
1 494
2 193
1 302
2 442
2 19
1 447
2 347
2 292
1 114
1 225
2 302
2 404
2 463
1 334
2 451
2 41
1 405
2 247
1 216
2 88
1 464
1 419
1 38
1 124
2 29
1 281
2 205
1 499
2 5
2 336
1 209
1 103
2 312
1 318
2 242
2 113
2 290
2 366
2 92
2 329
2 41
2 303
2 496
2 115
2 485
1 160
2 177
1 157
2 463
1 367
1 82
2 112
2 9
1 401
2 318
2 425
1 189
2 306
2 27
2 241
1 222
1 260
2 13
2 239
1 446
2 383
1 436
2 102
1 324
2 248
2 83
1 203
1 398
1 12
2 280
1 492
1 151
2 252
2 19
1 342
2 298
2 196
2 219
2 29
1 151
1 386
1 300
1 209
2 96
1 325
2 323
1 228
2 419
2 339
2 24
2 105
1 405
1 258
2 97
1 368
2 266
2 184
2 341
1 113
1 315
1 162
2 105
1 313
2 72
1 164
1 332
1 269
1 420
1 62
1 16
2 466
2 33
1 197
2 97
2 12
1 98
1 252
2 415
2 429
1 68
1 285
2 64
2 338
2 283
2 202
1 179
2 78
2 372
1 436
2 434
2 84
1 472
2 438
1 103
1 428
1 14
1 272
2 117
2 411
2 211
1 196
2 482
2 304
1 250
2 174
2 389
2 66
2 295
2 302
1 425
2 271
1 441
2 14
2 355
1 455
1 239
1 158
1 126
2 277
2 403
1 409
1 58
2 356
2 33
2 454
2 238
1 394
1 118
2 86
2 386
1 242
1 245
2 48
1 416
1 96
1 126
1 313
2 34
1 239
2 177
1 375
1 268
2 443
2 379
1 61
2 123
1 92
2 257
2 236
1 167
2 341
1 38
1 178
1 173
2 490
2 312
1 466
2 484
1 168
2 139
1 331
2 86
1 479
1 265
1 13
2 248
2 74
1 358
2 61
2 371
1 83
2 265
2 465
2 308
1 315
2 212
2 411
2 270
1 490
1 455
1 168
2 58
2 192
1 196
1 298
1 153
1 100
2 280
2 369
1 48
2 238
2 179
1 259
2 389
1 186
1 101
1 398
2 298
2 426
2 44
2 59
1 306
1 316
1 426
2 377
1 367
1 84
1 465
2 198
1 442
2 401
2 440
1 53
1 90
1 230
2 404
1 180
2 150
2 498
2 179
1 400
1 191
1 295
1 30
1 213
2 78
2 365
1 114
2 107
2 98
1 39
2 328
1 414
2 64
2 255
2 137
2 344
2 342
1 186
2 333
1 193
1 214
1 279
2 178
2 233
1 73
2 480
1 340
2 228
1 8
1 202
1 340
2 174
2 386
1 51
1 109
1 479
2 153
1 1
1 346
1 309
1 356
2 21
1 237
1 155
1 434
1 91
2 252
2 454
2 328
1 58
1 451
1 462
2 497
2 489
2 400
2 464
2 289
2 154
1 84
1 121
2 163
1 142
1 32
2 106
2 302
2 350
2 51
1 411
2 478
2 241
2 48
2 483
1 41
2 213
1 296
1 493
2 249
1 428
1 80
1 342
2 196
2 337
1 354
1 145
2 498
2 59
2 293
1 233
2 30
2 309
2 130
2 487
1 286
2 9
2 448
1 449
2 41
1 93
1 385
2 225
1 325
2 131
1 28
2 154
2 159
1 86
2 466
1 18
2 338
2 319
2 376
1 132
1 405
1 162
2 312
1 226
1 224
1 457
1 70
2 160
2 276
2 369
1 21
1 196
1 264
2 495
1 486
1 111
1 53
1 382
1 213
2 203
2 315
1 188
1 474
2 316
2 296
1 342
1 274
1 25
2 256
2 232
2 348
2 482
1 466
2 115
2 25
1 467
2 181
1 427
1 204
1 106
2 130
1 166
2 189
2 143
1 61
2 388
2 421
2 308
1 287
2 268
2 444
1 2
1 239
1 481
2 21
1 293
1 385
2 256
2 1
2 72
2 477
2 321
2 179
2 486
2 403
1 128
1 339
2 173
1 408
2 372
1 90
1 282
2 326
2 103
1 139
2 91
2 133
2 215
1 391
2 480
2 306
2 342
1 87
1 73
1 18
1 274
1 312
2 286
2 443
1 167
1 62
2 400
2 19
2 210
1 167
2 258
1 500
1 467
1 317
1 432
2 335
2 294
1 259
2 135
2 318
2 134
1 261
1 278
2 500
2 392
1 379
1 341
1 101
2 316
2 198
2 455
2 303
1 382
2 30
1 113
1 20
2 79
1 484
1 411
2 194
1 204
1 155
1 154
2 54
2 376
1 67
1 488
2 430
2 281
2 89
2 306
1 195
1 92
1 91
1 216
1 7
2 60
1 166
2 268
1 33
2 323
2 325
1 171
1 382
2 212
1 47
1 282
1 105
2 123
1 226
2 331
1 109
1 245
2 454
2 346
1 359
1 288
2 181
1 436
1 260
1 88
2 17
2 252
2 93
1 168
1 64
2 253
2 92
1 151
1 214
1 87
1 367
2 107
2 36
1 312
1 41
2 306
2 471
2 382
2 134
2 84
1 251
2 426
2 38
1 444
2 423
1 26
2 256
1 187
1 26
1 291
1 101
1 475
2 356
1 338
2 108
2 390
2 461
2 405
1 390
1 304
1 229
1 304
2 313
1 480
1 44
1 256
1 69
1 418
1 289
2 264
1 28
1 458
1 320
1 42
1 61
2 225
1 26
2 478
2 222
2 28
2 430
2 260
1 216
1 125
1 284
1 104
2 393
2 355
2 423
1 126
2 240
1 476
1 82
2 308
1 465
2 420
1 322
1 95
2 61
2 245
1 459
1 211
2 408
2 267
1 312
1 369
2 446
1 20
2 353
2 182
2 14
1 415
2 337
2 223
2 432
2 296
1 166
1 444
1 274
2 459
2 454
2 488
2 375
2 278
2 186
2 395
2 116
2 385
1 22
2 52
2 426
1 194
2 57
2 368
2 199
2 267
2 5
1 403
2 465
1 457
1 195
1 200
1 364
1 114
2 394
2 41
2 216
1 114
2 223
2 455
2 11
2 425
1 327
1 98
2 63
2 292
2 110
2 419
2 426
1 414
2 400
1 342
1 40
2 240
1 139
1 386
1 414
2 369
1 194
1 30
1 372
2 365
2 163
2 158
1 166
2 111
2 376
1 32
2 258
2 232
1 464
1 249
1 132
2 117
2 435
2 432
1 319
1 343
1 78
1 273
2 274
2 160
2 186
2 268
2 314
2 43
2 468
2 6
2 260
2 275
1 473
2 203
2 354
2 476
1 248
2 378
2 483
2 170
2 432
2 315
2 287
1 373
2 500
1 205
2 353
1 156
2 38
1 467
2 107
1 174
1 395
1 375
2 292
1 249
2 332
1 319
1 272
1 224
2 422
2 233
1 408
1 302
2 98
1 187
1 414
2 57
1 264
2 389
2 326
2 130
2 52
1 479
1 195
1 446
1 482
2 93
2 66
1 185
2 14
1 218
2 84
2 87
2 409
2 253
2 463
1 95
2 386
1 190
1 127
2 48
1 17
1 349
2 34
2 449
2 256
1 325
2 497
1 37
2 89
1 491
1 375
1 270
1 362
2 340
1 297
2 448
1 26
1 100
2 180
1 309
1 418
1 478
1 248
2 319
2 156
2 444
1 450
2 290
1 375
2 151
2 219
1 188
1 97
2 7
2 335
2 268
1 152
2 18
1 111
1 440
1 348
2 148
1 447
2 313
2 269
2 195
2 265
2 82
2 169
1 193
2 107
1 459
1 57
1 9
2 163
1 285
1 182
1 11
1 220
2 152
1 138
2 326
1 81
2 318
2 51
2 456
2 322
1 266
1 241
2 397
2 74
2 116
1 112
2 439
2 301
1 22
1 141
2 43
2 309
1 173
2 223
1 367
1 245
2 126
2 259
1 91
1 54
2 143
2 333
1 51
2 376
1 423
1 122
2 440
1 29
1 141
2 296
2 499
1 491
1 81
2 349
2 285
1 377
2 122
2 212
1 46
2 95
1 306
1 136
2 349
2 413
1 119
1 200
2 451
1 444
2 143
1 54
2 397
1 57
1 491
2 393
1 207
2 355
2 406
1 109
2 358
2 95
1 80
1 445
2 336
2 265
1 32
1 256
2 100
1 150
1 80
2 329
2 381
2 151
1 376
2 393
1 484
2 210
1 133
1 297
1 394
1 297
1 83
1 58
1 215
2 123
2 249
2 285
1 337
2 268
2 45
1 298
1 498
2 443
1 12
2 301
1 356
2 35
2 352
1 120
2 298
2 65
2 397
2 380
1 135
2 298
1 158
2 411
1 453
2 489
1 295
2 73
1 90
2 441
1 198
1 359
1 6
2 98
2 123
2 340
1 475
2 140
1 83
1 490
2 254
1 202
1 323
2 402
1 381
1 204
2 254
2 130
2 41
2 365
1 55
1 124
2 44
2 364
1 164
2 364
1 387
1 21
2 192
1 472
1 468
2 206
2 293
2 183
1 413
1 349
2 103
1 347
2 87
1 476
1 415
1 371
2 257
2 361
1 16
1 75
2 358
2 55
2 467
1 336
1 137
1 198
2 7
2 89
2 106
2 47
1 404
2 24
1 159
1 163
1 67
2 9
2 221
2 279
1 4
1 271
1 149
1 231
2 364
2 452
1 383
1 193
1 266
2 1
1 452
2 301
2 252
2 147
1 428
2 11
2 390
2 71
1 101
2 248
1 323
2 137
1 48
1 195
2 398
1 440
2 210
2 71
1 105
2 285
1 493
2 315
1 280
2 475
1 389
2 47
1 273
1 268
2 365
2 485
1 10
2 314
1 221
2 32
1 453
1 61
1 314
2 383
2 111
1 28
2 80
2 61
1 462
2 24
1 143
2 291
1 489
1 222
2 340
2 89
1 420
2 294
1 375
1 30
2 385
1 39
1 336
1 168
2 132
2 474
1 255
1 277
2 219
1 155
2 103
1 407
1 392
1 459
2 227
2 307
1 250
1 427
2 297
1 381
1 489
1 53
2 469
2 338
2 178
1 301
1 87
2 154
2 258
1 449
2 452
2 96
2 100
1 285
1 468
2 175
1 222
2 402
1 407
2 433
2 83
2 68
2 292
2 499
1 185
2 385
1 406
1 41
2 354
2 105
1 194
2 480
1 358
2 161
1 324
2 404
1 177
1 278
1 44
2 221
1 427
2 420
1 289
1 41
1 136
2 166
2 275
2 448
1 229
1 100
1 52
2 161
1 326
2 400
1 67
1 153
2 428
1 177
1 383
2 209
2 361
1 51
2 222
1 471
2 457
1 206
1 276
2 440
1 305
2 175
2 310
2 363
2 251
2 305
2 107
2 3
1 239
1 306
1 403
1 114
1 49
1 71
1 186
1 277
1 348
2 360
2 482
1 98
1 465
1 216
2 266
2 390
1 124
2 168
1 470
2 89
1 452
1 193
2 169
1 478
2 124
2 229
2 263
1 188
2 79
1 297
2 178
1 404
2 380
2 30
2 56
2 218
2 278
2 496
1 232
2 18
2 162
2 312
1 424
2 150
1 458
1 51
2 484
1 287
2 377
2 64
1 287
2 290
1 395
2 65
1 258
2 185
1 329
1 194
1 198
2 106
1 140
1 142
2 462
2 338
1 97
2 121
2 385
1 150
1 47
1 109
1 296
2 426
1 492
2 228
1 461
2 49
1 341
1 75
1 322
1 491
1 16
2 4
1 224
2 383
1 219
1 425
1 488
1 342
1 320
2 225
1 105
2 84
2 314
1 450
1 273
1 405
1 254
2 39
1 413
1 99
2 117
1 349
1 225
1 287
2 462
2 176
1 135
2 67
2 120
1 436
1 308
1 31
2 452
1 390
2 195
2 347
2 364
2 266
1 88
2 484
2 267
1 171
1 122
2 54
1 252
2 485
2 32
1 324
1 437
2 200
2 405
1 293
1 297
1 208
1 314
2 137
2 54
2 334
1 43
2 269
1 79
2 57
1 268
1 445
1 444
1 186
2 246
1 320
1 388
2 277
2 422
2 485
2 219
1 2
2 408
1 407
1 375
2 448
1 194
1 50
2 92
2 189
2 417
2 230
1 387
1 208
1 271
2 135
2 214
1 102
1 110
1 459
1 470
1 477
2 354
1 3
2 465
1 133
2 200
1 36
1 219
2 246
2 139
1 330
2 219
2 178
1 290
1 311
2 246
1 125
2 17
2 43
2 170
2 213
2 240
1 307
1 47
1 151
2 135
1 389
2 262
1 181
2 54
2 13
2 482
2 249
2 115
2 331
2 169
1 5
1 495
2 69
2 66
2 78
1 50
1 405
2 384
2 417
2 279
2 291
2 417
2 463
1 33
2 168
2 188
1 312
2 187
1 427
1 451
1 156
1 322
1 367
2 348
2 197
1 64
2 90
1 377
1 215
2 49
1 461
1 110
1 122
1 355
2 251
2 52
1 9
2 169
2 281
1 9
2 346
1 463
2 108
2 191
1 99
2 408
2 326
2 34
1 16
2 348
1 45
2 24
2 328
1 131
1 412
1 437
2 415
2 395
1 442
2 48
1 27
2 451
2 175
1 356
1 224
2 455
2 157
1 25
1 374
1 92
2 147
1 245
2 130
2 287
2 428
1 463
1 140
2 362
1 100
2 355
1 271
2 444
1 491
1 263
1 475
1 500
2 85
1 386
2 234
1 137
2 209
2 171
1 363
1 13
2 101
2 138
2 27
2 2
2 252
2 232
2 470
2 51
2 326
1 121
1 311
2 424
2 208
1 218
1 478
1 384
1 448
2 152
2 305
1 343
2 270
2 135
2 9
2 145
2 473
1 98
2 226
1 154
2 467
1 206
1 453
1 77
1 314
1 78
2 233
2 27
1 199
2 445
2 49
2 393
2 58
1 8
2 215
1 67
2 383
1 328
2 65
1 291
2 483
1 349
1 492
2 421
1 91
2 101
2 454
1 364
2 187
1 145
2 383
1 433
2 186
1 304
2 15
1 481
2 313
1 416
2 407
1 346
2 201
1 487
1 291
1 368
2 72
1 377
1 278
2 71
1 420
1 66
1 319
1 134
2 78
1 287
1 386
2 184
1 430
1 444
1 372
2 400
2 175
1 397
1 436
2 119
2 192
1 492
1 433
1 492
1 27
2 345
1 263
1 349
1 50
1 116
2 455
2 215
2 143
2 284
1 281
2 489
1 438
1 333
2 309
2 232
2 307
2 98
2 308
2 464
2 442
2 481
1 446
1 228
1 10
1 369
2 118
2 114
2 189
2 277
2 475
2 184
2 437
2 201
1 283
1 453
2 95
2 324
1 480
1 479
1 267
2 280
1 56
2 290
1 43
2 92
2 75
2 149
2 260
1 106
1 217
1 118
2 343
1 202
1 197
1 163
2 82
1 50
2 39
2 84
2 257
1 98
2 154
1 45
2 299
2 307
2 264
1 177
1 69
1 132
2 261
1 431
1 440
1 331
1 171
1 58
2 293
2 314
2 105
1 211
2 212
2 269
1 293
2 285
2 174
1 478
1 62
1 127
2 240
2 478
1 75
2 40
2 394
2 165
1 63
1 104
1 244
1 453
1 20
1 101
2 5
1 330
1 189
1 66
1 265
2 189
2 282
2 57
2 433
1 376
2 97
2 473
1 406
2 432
2 14
1 469
2 313
1 436
2 105
1 281
2 100
2 59
2 401
1 259
1 189
1 32
2 168
1 328
2 133
2 497
1 494
2 368
1 114
1 307
2 9
2 439
1 259
1 341
1 317
2 345
2 289
1 493
1 232
1 29
1 431
2 213
1 194
2 82
2 384
1 377
1 178
1 351
1 17
2 95
2 494
2 41
1 167
2 89
1 204
2 465
1 346
2 410
2 257
2 49
1 82
1 235
2 445
1 46
2 480
2 497
2 283
2 106
2 69
2 50
1 15
1 258
1 395
2 102
2 213
2 495
1 280
2 404
1 18
2 388
1 293
1 174
1 272
1 228
1 178
1 463
1 495
1 404
2 442
2 392
1 359
1 447
1 318
1 65
1 355
1 389
2 187
1 74
1 193
1 1
1 283
1 266
2 387
2 18
2 377
2 482
1 146
2 77
2 334
1 354
1 445
1 187
1 304
1 293
1 265
1 70
2 109
2 176
2 355
2 175
2 453
2 170
1 141
2 116
1 388
1 14
1 211
1 167
1 311
1 66
1 105
2 474
2 321
2 59
2 45
1 109
2 446
2 150
1 377
1 263
1 87
1 299
2 327
1 367
1 277
1 65
2 418
1 445
1 243
2 116
2 292
1 340
2 206
2 26
1 106
2 197
1 64
1 193
2 313
2 380
2 490
1 173
2 37
2 348
2 471
2 270
2 390
2 351
1 449
2 177
2 17
1 98
1 73
1 174
2 348
2 177
2 200
2 447
2 465
1 219
2 108
1 401
1 300
1 93
2 332
2 303
1 346
1 131
1 42
2 154
2 209
1 78
2 178
1 349
1 170
2 133
2 259
2 274
1 340
1 158
2 339
1 222
1 212
2 102
2 157
2 493
2 85
1 477
1 446
2 460
2 448
1 243
1 476
2 467
1 234
2 338
1 436
1 108
2 264
2 103
1 463
1 488
2 369
2 365
1 345
1 132
1 267
2 349
1 243
1 261
1 292
2 400
2 10
2 78
2 67
1 396
2 479
2 132
1 51
1 13
1 171
2 39
2 19
1 30
2 407
2 88
1 241
2 128
1 197
2 226
2 89
2 496
2 207
2 266
1 474
2 357
1 423
2 432
2 486
2 405
1 103
1 293
2 35
2 444
2 477
2 198
2 493
2 336
1 23
2 309
1 231
2 343
2 411
1 297
2 86
1 492
2 397
1 383
2 57
1 365
2 199
1 302
1 458
2 391
1 89
2 179
1 215
2 324
2 146
1 225
1 25
2 124
2 353
1 55
2 184
1 293
2 333
1 74
2 434
1 122
2 14
1 46
1 173
2 56
2 193
1 254
1 349
2 342
2 382
1 461
1 20
2 300
1 199
2 346
1 188
1 358
2 120
2 280
1 124
2 462
1 467
2 237
2 443
1 367
2 179
1 94
1 432
2 253
1 117
2 465
1 418
2 4
2 429
1 180
1 321
1 72
1 60
1 454
2 238
2 383
1 499
1 465
1 220
1 263
1 168
1 491
2 254
1 325
1 480
1 86
1 497
2 291
2 316
2 115
1 269
2 173
2 324
1 401
2 207
2 82
1 242
1 14
2 417
1 29
1 193
1 399
1 474
1 450
2 138
1 46
1 412
2 376
2 356
1 333
1 143
1 491
1 337
1 231
2 193
2 352
2 224
1 426
2 291
2 337
1 142
2 37
2 101
2 491
1 392
2 73
1 88
2 122
1 270
1 380
1 314
2 198
2 185
1 437
2 350
2 255
1 7
2 396
2 407
2 118
2 413
1 36
2 104
2 128
2 212
1 186
2 90
1 265
1 359
2 101
1 326
2 403
1 349
2 143
1 389
1 258
2 450
2 153
2 302
2 130
2 140
2 242
2 50
1 355
1 207
2 320
1 365
1 215
2 372
2 172
1 117
2 413
1 74
2 322
2 345
2 91
1 118
1 65
2 190
2 427
1 429
1 279
2 319
2 357
2 202
1 154
1 161
1 87
1 131
1 312
2 211
2 163
1 438
2 494
2 349
1 374
2 369
1 421
1 349
2 82
1 9
2 71
1 153
2 403
2 64
2 461
1 321
2 453
1 201
2 89
2 70
1 29
2 318
1 330
1 78
2 419
1 497
2 107
2 145
1 283
1 428
1 186
1 70
1 209
2 288
2 23
1 111
1 500
1 352
2 445
2 443
2 367
2 203
2 440
2 186
1 110
2 317
1 212
2 137
1 9
1 69
2 485
2 434
1 106
1 16
1 66
1 468
1 249
1 109
1 220
1 409
1 259
1 328
1 316
1 242
1 92
2 206
1 489
1 264
2 129
2 200
1 89
1 330
2 189
1 376
2 83
1 442
2 213
2 163
1 437
1 55
1 418
2 307
2 104
1 205
1 53
1 277
2 275
1 181
1 395
1 76
1 191
2 170
1 137
1 135
2 88
1 452
2 302
2 115
2 32
2 488
1 427
1 76
2 222
1 16
1 311
2 445
1 459
2 461
1 298
2 20
2 488
1 94
2 434
1 397
2 379
1 49
2 352
1 357
2 232
2 40
1 315
2 247
1 451
2 369
1 6
1 485
2 63
1 486
1 285
1 313
2 470
2 319
2 336
1 245
2 400
1 461
1 472
2 339
1 118
2 170
2 299
1 319
2 83
1 209
2 38
2 234
2 85
1 31
1 431
2 191
1 262
2 248
1 61
1 155
1 497
1 4
2 181
2 359
2 126
2 334
2 291
2 373
2 322
2 147
2 29
2 434
2 191
2 376
2 471
1 133
2 206
1 113
1 310
2 1
1 390
1 302
1 104
2 407
2 281
2 29
1 241
2 304
2 347
2 385
2 60
2 135
2 5
2 355
1 70
2 453
2 392
2 342
1 485
1 271
2 152
1 426
1 318
2 378
1 259
2 333
2 279
2 435
1 418
2 301
1 495
2 149
1 211
1 232
2 442
2 460
1 358
2 189
1 318
1 190
1 180
1 394
2 193
2 445
1 469
2 300
1 350
1 201
1 141
2 107
1 491
1 27
1 6
2 374
2 484
2 251
1 289
1 474
2 176
1 294
2 367
2 312
1 392
1 479
1 148
2 114
1 354
1 337
1 58
1 34
2 125
1 56
2 132
2 97
2 151
1 303
2 334
1 436
2 330
1 108
2 351
2 115
1 64
2 267
2 13
2 366
2 436
2 401
2 154
2 226
1 238
1 24
2 346
2 147
1 224
1 3
1 179
2 482
1 272
1 419
1 400
1 420
1 408
1 254
2 168
2 420
2 63
2 475
1 401
2 434
2 78
1 50
1 257
2 54
1 131
1 311
1 107
1 217
1 401
2 279
1 5
1 324
2 493
1 326
2 122
2 221
2 399
2 11
2 153
1 34
2 387
1 165
2 425
2 62
2 55
1 96
1 242
2 126
1 420
1 478
2 414
2 295
1 321
2 170
2 220
2 460
1 398
1 302
1 356
1 202
2 407
2 470
1 419
2 381
1 250
2 434
1 261
2 179
2 385
2 109
2 403
1 414
2 43
1 178
2 283
1 161
2 380
1 337
2 428
2 340
1 279
1 45
2 354
2 323
1 275
1 194
1 351
1 182
1 27
2 144
2 90
1 349
1 285
2 120
1 106
2 93
1 84
2 127
2 212
2 27
1 84
1 367
2 31
1 180
2 111
2 69
1 478
1 21
1 306
1 325
2 451
1 499
1 406
2 175
2 277
2 455
2 272
2 147
2 73
1 63
2 352
1 234
2 253
2 442
1 246
1 321
1 35
2 286
2 295
1 409
2 160
2 135
1 388
2 437
1 310
1 494
2 335
2 193
1 185
1 496
2 252
1 182
1 338
2 430
1 426
2 407
2 405
2 220
1 174
1 455
2 359
1 348
2 379
1 131
2 26
2 197
1 498
2 266
1 197
1 319
2 34
2 59
1 118
1 434
2 286
1 477
1 40
1 189
1 68
2 184
2 149
2 73
2 463
1 334
2 33
1 133
1 229
1 208
1 321
2 136
1 380
1 250
2 140
1 40
2 460
1 3
2 456
2 459
1 264
1 280
2 443
2 66
2 456
2 16
1 117
2 234
2 319
2 119
1 124
2 368
1 382
1 43
2 296
2 458
1 144
2 207
1 353
2 109
1 397
2 288
1 331
2 214
1 207
1 310
1 490
2 264
2 250
2 411
1 11
1 308
2 309
1 93
2 138
2 173
1 29
1 252
1 332
2 360
1 148
1 71
1 198
1 360
1 344
2 196
2 194
2 361
1 369
2 367
1 5
2 96
1 350
2 245
2 15
1 422
2 477
1 152
2 177
2 326
2 337
2 79
1 228
2 384
1 243
1 305
2 140
2 132
1 303
1 21
1 332
1 332
1 285
2 186
1 49
2 186
1 384
1 268
2 54
2 58
1 105
1 394
1 318
1 85
2 401
2 438
1 251
2 244
2 307
2 200
2 440
2 92
2 352
2 137
1 214
1 52
1 259
1 61
2 471
2 197
2 454
1 159
1 458
1 90
1 330
1 470
2 378
1 147
1 272
2 338
2 476
1 302
2 187
2 163
2 211
2 83
1 196
2 219
2 142
2 268
1 154
2 296
1 298
2 464
1 225
1 258
2 43
1 139
2 126
2 89
1 11
2 204
1 264
1 210
2 434
2 80
1 65
1 470
2 318
2 136
1 438
2 94
1 304
1 412
2 384
1 469
1 375
1 303
1 445
1 394
2 192
1 317
2 201
1 471
1 275
1 263
1 350
2 396
1 440
2 138
1 11
1 421
2 129
1 226
1 291
2 156
2 296
1 239
1 314
2 217
1 166
1 151
2 188
1 224
2 205
1 154
2 319
2 303
1 354
1 225
1 498
1 126
1 55
1 493
1 276
1 307
2 41
1 12
1 207
2 58
2 96
1 329
2 490
2 214
2 10
1 338
1 169
1 153
2 383
2 443
2 206
2 303
1 410
1 325
2 401
2 231
1 298
1 262
2 42
2 333
1 116
1 411
1 337
2 359
1 411
2 230
2 253
1 214
2 198
2 483
1 125
2 445
1 476
2 412
1 237
1 273
2 117
2 488
1 449
1 377
2 350
1 327
2 341
2 321
1 283
2 339
2 219
1 384
2 194
2 416
1 390
1 134
1 222
1 163
1 171
2 232
2 496
2 327
2 303
2 78
2 301
2 47
2 52
1 65
2 224
1 26
2 19
1 322
1 133
2 113
2 375
2 27
2 107
2 59
2 351
1 197
2 404
2 22
2 172
1 51
2 418
2 211
1 88
1 380
1 220
1 226
2 188
2 317
1 457
2 406
1 214
1 310
1 344
2 424
2 473
2 113
1 255
2 177
1 411
1 265
1 400
1 76
2 94
1 437
2 322
1 210
1 444
2 357
2 406
1 6
1 458
1 119
1 145
2 405
2 55
2 36
1 11
1 244
1 207
1 6
2 374
2 416
2 438
1 455
2 255
1 220
2 282
1 276
1 484
2 184
1 201
2 195
2 182
2 315
2 322
1 269
2 387
1 363
1 307
1 18
2 481
2 477
1 426
2 39
2 285
1 151
2 145
2 196
1 487
1 418
2 385
1 3
2 221
1 446
2 387
2 292
2 51
1 481
1 372
2 441
1 445
2 141
2 287
1 266
1 401
1 434
2 369
1 408
1 5
2 172
2 20
2 258
1 435
1 250
1 108
1 462
1 132
1 140
1 493
1 43
2 441
1 29
2 264
1 102
1 493
1 11
1 440
1 285
1 357
1 180
1 427
2 368
1 298
2 328
1 116
1 386
1 50
1 69
2 54
1 284
1 147
1 261
2 413
2 312
2 283
2 233
2 187
1 119
1 310
1 125
1 19
1 185
1 276
2 436
2 275
1 78
2 365
1 211
1 234
2 46
1 217
1 225
1 433
2 387
2 140
1 372
1 373
1 282
1 309
2 180
2 288
2 207
2 446
1 282
1 292
2 195
1 161
2 263
2 113
1 187
1 365
1 466
2 114
2 89
1 463
1 208
2 377
1 255
1 35
1 1
1 66
1 38
1 318
1 319
2 301
2 238
2 415
2 254
1 449
1 301
1 461
1 366
2 125
1 11
1 359
2 189
1 410
1 2
1 26
1 362
1 176
2 343
1 302
1 321
1 289
2 13
2 332
1 438
2 349
1 320
2 310
1 483
1 86
1 299
2 155
1 140
1 110
1 124
2 429
1 13
2 417
2 170
1 255
2 408
2 258
2 14
2 439
1 490
1 479
1 338
2 151
2 166
2 15
2 171
2 85
2 364
2 412
2 100
1 343
1 472
1 86
2 370
1 480
1 399
1 499
1 146
1 269
1 262
2 452
1 77
1 319
1 36
1 324
1 247
1 495
1 469
1 55
2 456
1 50
1 196
1 294
2 401
1 4
1 196
1 446
1 491
1 64
2 345
2 366
2 257
1 12
2 143
1 415
1 100
1 156
2 216
2 339
1 214
2 130
2 150
2 384
1 42
2 370
1 38
2 180
1 298
2 370
2 257
2 390
1 452
2 206
2 197
1 283
1 238
1 22
2 190
1 379
2 204
1 468
2 187
2 238
1 189
1 276
2 448
1 4
2 414
2 66
2 105
1 224
1 463
1 81
1 3
2 234
1 410
2 3
1 199
1 432
2 51
2 184
1 224
2 249
1 248
1 452
1 365
2 397
2 124
2 182
1 287
2 388
2 467
1 144
2 481
2 403
1 134
1 233
2 477
2 198
1 498
2 279
1 28
2 392
2 4
2 481
1 339
1 190
2 257
1 321
2 260
1 472
2 13
2 454
2 389
2 416
2 356
1 100
2 221
1 237
1 268
2 365
2 84
2 115
1 240
1 281
2 363
1 448
2 12
2 68
2 255
2 139
1 29
1 344
2 81
2 324
2 149
1 159
2 94
2 276
2 412
1 388
1 364
2 353
2 87
1 127
2 106
2 303
1 355
1 86
2 78
2 487
2 301
2 163
1 122
1 431
2 198
1 159
2 4
2 287
1 486
1 282
2 382
1 429
1 82
1 375
2 127
2 237
2 210
2 172
2 41
1 215
1 123
2 2
1 87
1 67
1 405
2 15
2 284
2 226
2 308
1 376
1 165
1 212
1 215
1 408
2 41
1 344
1 199
2 493
2 336
1 61
2 112
2 231
2 221
1 260
1 260
2 166
1 450
2 1
1 464
1 270
2 381
2 20
2 161
1 68
2 275
1 441
1 54
2 281
1 330
1 5
2 378
1 364
2 251
1 343
1 271
1 70
1 429
2 82
2 305
2 289
2 128
2 317
2 455
2 158
2 340
2 225
2 184
2 247
1 304
2 500
2 405
2 430
2 362
2 125
1 364
1 300
2 198
1 376
2 64
2 289
2 47
2 175
2 453
1 164
2 362
2 387
1 436
1 302
2 382
2 166
2 44
2 440
2 433
2 393
1 51
2 103
1 46
2 180
1 50
2 310
1 210
1 381
2 363
2 293
2 461
1 193
1 274
1 244
1 150
2 406
2 169
1 150
1 488
2 416
1 23
2 153
1 273
2 228
2 67
1 231
2 181
1 382
2 259
1 364
2 114
2 109
1 480
1 200
1 438
2 357
1 191
2 396
2 393
2 450
1 347
1 338
2 307
1 333
1 197
2 474
1 317
1 443
2 43
1 116
1 460
1 143
2 480
1 113
1 365
1 183
2 446
2 237
1 92
1 169
1 118
1 449
1 427
2 434
2 237
2 152
1 20
2 198
2 36
2 75
1 76
2 462
2 481
2 125
1 472
2 63
2 139
2 226
2 106
1 386
1 60
2 241
1 35
2 282
2 453
1 322
1 169
1 401
2 186
2 425
2 21
2 97
2 350
1 76
2 185
2 500
2 201
1 28
1 382
2 306
1 221
2 214
2 262
1 37
2 342
2 455
1 300
2 225
2 77
1 307
2 112
1 209
1 249
1 47
2 249
1 464
2 183
2 357
1 494
2 95
2 58
2 401
2 452
2 209
1 424
2 492
2 172
2 198
1 140
2 402
1 300
1 208
1 394
1 278
1 161
1 426
1 272
1 278
2 450
1 306
2 352
1 111
2 202
2 146
2 53
1 81
1 265
1 186
1 204
2 249
1 38
2 285
2 352
1 88
1 251
2 378
1 394
2 180
2 297
2 288
2 224
1 52
1 7
2 350
1 403
1 425
1 476
2 453
1 326
1 481
1 136
1 381
1 346
1 124
1 237
2 194
1 130
1 300
2 186
2 198
2 450
2 232
1 35
1 253
2 279
2 288
2 442
2 444
1 80
2 133
1 182
2 128
2 276
2 299
2 279
2 253
1 471
2 5
2 224
2 217
2 193
2 417
2 25
1 126
1 130
1 124
2 288
2 474
2 381
1 228
2 120
1 90
1 168
2 447
1 55
2 246
1 371
1 234
2 225
2 55
1 468
1 17
1 280
1 318
1 113
2 22
2 229
2 322
1 409
1 491
1 487
1 211
2 101
1 456
2 154
1 31
2 39
2 376
1 240
1 181
1 442
1 84
1 368
1 418
2 229
1 92
2 496
1 424
1 449
2 125
1 92
2 222
1 405
1 151
1 495
2 347
1 88
2 458
2 40
2 231
1 486
1 335
2 327
1 281
2 340
2 376
2 263
1 264
2 251
1 14
2 96
1 384
2 142
2 137
2 419
1 301
2 245
2 89
1 96
2 346
2 477
1 69
2 375
1 109
2 97
1 221
1 334
1 226
2 149
1 360
2 285
1 175
1 498
1 101
2 336
1 231
2 371
2 403
2 482
1 221
1 337
2 121
1 249
1 349
2 411
1 315
1 219
1 77
1 457
2 308
1 326
1 456
2 188
2 145
2 74
1 450
1 10
1 432
1 119
1 6
2 339
2 428
2 14
1 124
1 32
2 113
1 172
2 258
2 279
1 231
1 471
1 113
2 453
1 442
2 27
1 451
2 472
2 125
2 234
1 158
1 30
1 327
2 190
1 411
1 337
2 23
1 24
1 492
1 31
2 398
1 84
2 126
2 283
2 243
1 202
1 133
1 374
2 284
2 394
2 87
2 391
2 242
2 244
2 94
2 221
1 36
2 396
2 63
1 115
1 193
2 409
1 252
1 488
2 401
1 433
2 316
1 95
2 442
2 345
2 317
2 230
1 221
2 216
1 302
2 441
2 351
2 376
1 335
2 488
2 96
2 73
2 300
2 171
2 61
2 479
2 80
2 432
1 185
1 83
2 182
2 185
1 76
1 337
1 274
1 348
1 448
1 132
2 142
2 339
2 169
1 431
1 378
2 48
1 362
1 400
2 357
1 278
1 495
1 45
2 289
1 490
2 15
2 187
1 275
1 358
1 195
2 43
1 3
1 485
1 424
2 258
1 320
2 415
2 500
2 435
1 350
1 376
1 396
2 371
2 440
2 318
1 221
1 409
2 302
2 438
2 481
2 208
2 433
1 319
1 432
2 71
2 28
2 348
2 213
1 297
1 150
1 489
1 178
2 296
2 345
2 407
1 131
1 330
2 439
1 346
1 252
2 354
2 215
2 405
2 122
1 430
1 371
1 345
1 370
2 378
1 77
1 243
1 249
1 122
2 71
1 260
1 384
2 304
1 165
2 228
2 466
2 410
1 278
1 236
2 246
2 64
2 249
2 382
2 378
2 388
2 322
2 474
2 112
1 6
1 42
2 414
2 241
2 46
1 281
2 368
1 98
1 200
1 90
2 46
2 288
2 119
2 432
2 166
2 426
2 170
2 256
1 29
1 258
1 218
1 59
2 416
1 220
2 353
2 252
1 480
2 183
1 499
1 394
1 360
2 39
2 341
1 464
2 493
1 295
1 111
2 351
1 360
1 197
1 231
1 313
1 190
2 11
1 312
2 56
2 427
1 52
1 239
2 488
2 88
1 145
2 134
2 428
2 416
1 260
1 275
2 59
1 271
1 4
2 326
2 105
1 152
1 223
1 23
2 324
1 492
1 160
1 166
1 174
1 267
1 79
1 358
1 357
1 59
1 62
1 270
2 191
2 174
1 14
1 476
1 306
2 9
2 148
2 108
1 108
2 107
1 268
1 27
1 443
2 336
2 24
2 171
2 378
1 480
2 392
2 432
2 477
2 217
2 319
2 150
1 199
1 315
1 423
1 441
2 130
1 369
1 85
2 220
1 87
2 56
1 209
1 230
2 484
1 13
1 122
1 79
1 121
2 489
2 86
1 260
1 409
1 369
2 371
1 158
2 138
1 138
1 405
2 382
1 312
2 41
1 260
2 105
2 11
1 127
2 375
1 164
2 218
1 480
1 323
2 396
1 202
2 9
1 251
1 345
1 488
2 347
1 3
1 332
1 397
1 314
2 48
2 109
2 212
1 204
1 225
2 345
1 335
2 384
2 94
1 498
1 113
2 329
2 500
1 332
1 321
2 370
1 473
1 484
1 418
2 217
1 489
2 271
2 265
1 111
2 234
2 440
1 157
1 164
1 131
1 255
2 492
1 319
2 305
1 500
1 341
2 215
2 481
1 356
1 491
1 456
1 130
2 273
1 14
2 145
1 284
2 446
2 226
1 443
2 418
2 104
1 215
2 290
2 8
2 292
1 167
2 426
1 493
1 434
1 486
1 353
2 329
2 248
1 414
1 436
2 336
1 292
1 62
1 97
2 282
1 418
1 339
2 96
2 393
2 41
1 458
2 351
1 43
1 44
2 491
2 343
2 370
2 228
2 420
1 351
2 64
2 1
1 463
1 436
2 476
1 437
2 73
2 423
2 440
1 127
1 148
1 108
1 456
1 152
2 11
2 427
1 123
2 31
2 226
2 144
2 294
1 338
1 422
1 185
2 429
2 142
1 280
1 297
2 289
2 461
2 303
1 77
2 18
2 213
1 73
1 148
2 139
2 288
1 448
1 272
1 135
1 304
1 367
1 353
2 400
2 305
1 404
2 478
1 488
2 369
1 250
1 482
2 1
1 152
1 93
1 28
2 41
2 345
2 282
2 265
1 213
2 87
2 302
2 242
2 459
1 200
1 125
1 300
2 303
1 277
2 227
1 326
2 486
1 229
2 70
2 4
1 61
2 102
1 7
2 2
2 304
1 376
2 87
1 109
2 479
2 487
2 392
1 175
2 333
2 200
1 247
2 36
2 293
2 373
2 184
1 467
2 279
2 119
2 18
1 457
1 316
1 52
1 107
1 288
1 332
2 193
1 190
1 236
1 69
1 485
1 334
2 90
1 293
2 181
1 140
2 9
2 432
1 366
2 489
1 330
1 344
1 249
2 454
2 367
1 444
2 125
2 153
1 93
1 126
2 459
2 261
1 424
2 379
2 435
1 498
1 391
1 489
1 374
1 476
1 315
2 294
2 400
2 5
1 244
1 468
1 99
1 21
1 476
1 14
1 323
1 229
2 205
1 352
1 363
2 22
1 98
2 468
2 465
1 44
1 454
2 262
1 442
1 425
1 237
1 31
2 153
1 272
2 181
2 139
2 302
1 72
2 178
1 451
2 363
1 202
1 208
2 219
2 301
2 270
2 285
2 448
2 264
2 146
1 45
1 338
1 147
1 448
1 449
1 170
2 243
1 479
1 38
2 451
1 192
1 79
1 224
1 264
2 448
2 134
1 44
1 42
1 381
2 366
2 239
2 491
2 258
2 135
1 18
2 189
2 8
2 184
1 348
2 422
2 208
1 491
2 27
1 293
2 372
1 439
1 396
2 295
1 250
2 5
2 365
2 327
1 164
1 455
2 308
2 158
2 432
1 470
1 31
1 68
1 123
1 364
1 286
1 227
2 290
2 153
1 276
2 229
2 192
1 449
1 264
1 218
2 105
2 356
2 300
2 389
1 428
1 144
2 113
1 100
1 453
1 259
1 287
2 18
1 22
1 329
2 276
2 183
1 233
1 367
2 312
2 158
2 358
2 304
1 375
2 223
2 210
2 258
1 319
2 474
2 92
1 329
2 200
1 451
2 49
2 169
2 423
1 451
1 479
1 453
2 212
2 31
1 359
1 269
2 414
1 369
2 248
1 76
2 61
1 231
2 194
2 321
1 77
1 247
2 81
2 259
2 225
2 66
2 428
1 259
2 280
1 49
2 29
1 473
2 1
1 401
1 306
1 309
1 49
2 288
2 105
1 273
2 38
1 263
2 376
1 9
2 353
1 181
2 33
2 173
1 412
2 79
1 498
1 303
1 146
2 175
2 340
2 283
1 341
1 194
1 419
2 222
2 112
1 207
1 110
2 29
1 155
1 295
2 51
2 198
1 391
1 150
2 375
2 312
2 478
2 282
1 411
2 18
1 460
1 18
2 306
1 294
1 209
1 112
2 389
1 307
2 385
1 213
2 388
1 325
2 85
1 112
2 312
2 369
2 56
1 44
2 487
2 321
1 277
1 306
2 445
1 147
1 420
1 88
2 87
2 24
2 370
2 166
1 468
1 156
2 123
2 88
2 388
1 156
1 43
1 32
1 425
1 317
1 389
1 151
1 20
1 498
1 12
2 275
2 400
1 206
1 481
2 483
1 52
1 235
1 303
1 81
1 295
2 71
1 5
2 11
1 450
1 469
1 23
2 144
1 377
2 148
2 345
1 428
1 471
1 342
1 131
1 353
2 375
2 312
2 348
1 106
2 34
2 110
1 169
1 181
2 454
1 105
2 161
1 46
1 397
2 257
2 365
2 156
2 383
2 469
1 345
1 379
1 500
1 137
2 93
2 417
2 349
1 49
2 257
1 344
1 185
1 32
2 412
2 139
2 6
2 376
1 384
1 79
1 94
2 256
1 235
1 436
2 397
1 296
1 282
2 307
1 91
1 218
1 377
1 148
1 314
1 435
2 129
2 432
1 431
2 464
2 63
2 100
2 87
2 464
1 385
1 185
2 312
1 329
1 109
1 273
1 499
2 322
1 71
1 405
2 144
1 17
1 119
1 369
2 214
1 72
2 454
1 425
2 361
2 452
2 81
1 94
2 282
2 410
1 372
2 204
1 34
1 425
1 40
2 208
2 125
2 203
1 238
1 194
1 84
2 418
1 72
2 95
2 130
1 56
2 22
2 368
1 330
2 411
2 437
2 474
2 101
1 490
2 7
2 140
2 179
1 254
1 124
1 454
2 56
2 254
2 119
2 484
2 117
2 21
1 217
1 114
2 374
1 211
1 490
2 322
2 464
1 122
2 127
1 340
1 288
2 111
2 417
1 207
1 192
2 87
1 425
1 429
1 359
2 29
2 193
2 369
1 130
1 243
1 269
1 142
2 26
1 315
1 49
2 327
2 451
2 352
2 169
1 172
2 271
2 227
2 255
2 119
1 289
2 343
2 294
1 465
2 439
2 112
1 151
2 432
1 55
2 328
2 63
1 102
2 404
1 147
1 275
2 393
2 329
2 471
1 275
1 292
2 66
1 404
2 194
2 170
1 118
2 323
1 200
1 216
2 251
1 112
2 183
1 439
2 443
1 485
2 197
1 133
1 179
2 330
1 371
2 472
1 348
1 371
2 69
1 2
2 4
2 196
1 469
1 48
2 247
1 183
2 160
2 409
1 351
1 62
1 441
2 413
1 30
1 38
1 73
2 268
1 4
2 465
1 301
2 438
2 248
1 46
2 286
1 97
2 395
1 210
2 246
1 326
2 109
1 372
1 106
2 461
2 306
1 136
1 142
2 356
2 44
2 148
1 58
1 318
2 105
2 491
1 352
2 476
2 384
2 494
2 189
1 302
1 231
2 451
1 362
2 465
2 411
1 438
2 59
2 273
2 485
2 216
2 283
2 297
1 389
1 359
2 95
1 275
1 300
2 401
2 235
2 270
1 328
2 318
1 314
1 400
1 56
2 486
2 157
1 208
2 275
1 326
1 77
1 47
2 176
2 389
2 164
1 260
2 217
2 229
1 18
1 31
2 447
2 263
2 2
2 352
2 388
2 498
2 128
1 45
2 194
2 269
2 295
1 348
2 456
1 96
2 55
1 398
2 346
1 456
1 334
2 328
1 187
2 390
1 72
1 320
2 422
2 474
1 468
2 430
1 248
2 248
1 355
2 7
1 9
1 251
1 472
1 267
1 458
1 323
2 145
1 146
2 434
2 134
1 291
1 177
1 292
1 395
1 421
2 198
2 66
1 326
2 230
2 398
2 452
1 68
2 418
2 15
2 35
1 252
2 415
1 66
2 204
1 204
1 213
2 108
1 53
2 371
1 377
1 320
2 192
2 481
2 303
2 311
2 346
2 365
2 342
1 171
2 242
1 372
1 127
2 435
2 116
2 312
1 277
2 24
1 222
1 280
1 202
1 213
1 4
2 12
1 359
1 94
1 407
1 257
2 148
2 63
2 200
1 107
1 209
1 147
1 338
1 305
2 219
2 438
2 446
2 420
1 130
2 107
2 182
2 273
1 257
1 444
1 413
1 135
2 384
2 50
2 262
2 259
2 223
2 203
1 145
1 175
2 190
2 15
1 347
2 405
1 326
1 411
2 250
1 359
2 30
2 205
1 467
2 272
2 363
1 61
1 151
2 486
1 220
1 415
1 490
2 21
1 19
1 54
1 181
1 104
1 24
1 353
1 474
1 31
2 153
2 48
2 177
2 347
1 236
2 166
2 432
1 244
1 321
2 421
2 413
1 63
1 35
2 130
1 243
1 48
2 102
2 402
1 479
1 230
1 212
2 495
2 432
1 148
2 387
1 253
2 295
2 438
2 434
2 41
1 78
1 126
2 387
2 13
2 478
1 283
1 488
2 388
2 366
1 23
1 455
1 402
1 294
1 430
2 110
1 458
1 114
1 70
1 462
1 216
1 175
1 333
1 478
1 433
1 107
2 95
1 434
2 163
1 40
1 158
2 118
1 188
2 199
1 82
1 191
2 451
1 499
2 379
1 59
2 319
2 470
1 430
2 262
1 130
2 240
1 301
2 255
2 439
2 98
1 112
1 168
2 357
1 401
1 142
2 250
1 476
2 225
2 122
1 201
2 342
1 242
2 148
1 483
1 448
1 457
1 71
1 178
1 142
1 367
2 389
1 446
1 187
2 472
1 212
1 262
1 463
1 48
1 499
1 399
2 313
2 62
2 331
2 14
1 20
1 310
1 348
2 123
1 129
2 193
2 470
1 246
2 309
2 246
1 174
2 458
1 351
2 424
2 461
1 356
1 169
2 240
1 272
1 253
1 160
2 92
1 251
2 266
2 481
2 218
1 7
2 343
1 397
2 390
2 56
1 189
1 114
1 444
2 141
1 489
2 493
1 134
2 121
2 301
2 261
2 459
1 45
2 477
1 419
1 2
1 315
1 50
2 469
2 17
1 392
2 114
1 289
2 478
2 497
2 361
2 149
2 376
2 472
1 338
1 70
1 216
1 381
2 164
1 313
2 163
1 37
1 440
2 374
2 85
1 47
1 478
2 116
1 92
2 57
2 329
1 472
1 214
2 12
2 406
1 261
1 27
1 343
1 474
1 235
2 437
2 4
1 328
2 471
2 58
1 51
1 357
2 281
1 227
1 299
1 467
2 51
2 208
2 15
1 312
2 240
1 381
2 365
1 65
1 330
1 363
2 211
2 255
2 141
2 486
2 464
1 497
1 1
2 258
2 238
2 263
2 168
2 423
1 55
2 367
1 313
2 116
2 152
1 366
1 202
2 82
2 7
1 382
2 486
2 21
2 59
2 51
1 129
2 462
2 164
1 271
1 113
1 350
1 460
2 407
2 270
1 30
1 417
2 134
2 402
1 477
1 288
1 242
1 204
2 303
2 234
2 194
1 310
1 461
2 110
2 134
2 58
2 358
2 425
2 81
1 496
2 342
2 436
2 403
1 137
2 358
1 129
1 68
1 447
1 411
1 451
1 139
1 58
1 334
1 339
1 364
1 323
2 321
1 139
2 101
2 131
2 348
2 214
2 400
1 499
1 67
2 57
2 456
1 405
1 300
2 407
2 280
2 71
1 43
2 26
2 187
1 305
1 118
1 301
1 29
2 31
1 99
1 4
1 53
1 47
1 206
1 218
1 386
1 289
1 200
2 275
1 174
2 272
1 449
1 13
2 74
2 276
1 130
1 77
2 243
1 386
2 281
1 138
1 95
1 298
2 444
1 384
1 2
2 113
1 282
2 131
2 19
1 378
2 389
2 183
1 282
1 432
1 375
2 79
1 494
1 320
1 299
2 111
2 62
2 454
2 51
1 50
2 194
2 69
1 85
2 213
1 23
1 279
2 212
1 422
1 437
2 199
1 296
2 240
2 383
2 403
2 129
1 353
1 83
1 255
2 376
1 237
1 463
2 499
2 76
1 436
2 161
1 100
1 294
2 16
1 383
1 460
2 74
1 36
1 437
2 26
2 110
1 62
1 129
1 302
1 332
2 420
1 222
2 151
2 61
1 42
1 287
2 158
1 17
1 219
2 188
2 117
2 210
2 72
1 90
1 246
2 462
2 264
1 388
1 50
1 431
1 95
1 296
2 281
1 150
1 117
2 448
2 485
2 263
1 199
2 281
1 125
2 312
2 278
2 6
2 499
2 270
2 358
1 197
1 229
1 489
2 386
1 430
1 297
1 130
2 396
1 142
2 356
2 113
2 356
1 164
1 406
2 298
2 350
2 253
2 44
2 127
1 29
1 3
2 100
1 171
2 246
1 71
2 468
2 438
2 153
2 28
1 385
1 25
2 24
2 17
2 17
2 200
2 51
2 73
1 186
2 200
2 110
2 236
1 305
2 252
2 125
1 367
2 309
2 447
1 19
2 102
2 310
1 284
1 356
1 65
2 155
1 176
1 34
2 193
2 83
2 147
2 428
2 419
1 107
1 419
2 32
1 12
2 321
2 404
1 354
1 421
1 84
1 124
2 6
1 307
1 112
1 498
2 318
1 274
2 133
1 49
2 64
1 209
1 58
2 264
1 432
1 271
2 131
1 484
1 62
1 279
2 243
1 64
2 395
2 189
1 381
2 396
1 1
1 31
1 68
1 321
1 329
1 366
2 189
2 298
1 491
1 127
2 203
1 497
1 378
2 329
1 126
1 405
1 327
1 35
2 81
1 246
1 3
2 220
2 312
1 145
1 445
2 238
1 312
2 449
2 123
2 151
1 352
2 373
1 342
1 424
2 467
2 184
2 484
2 11
2 272
2 300
2 277
2 68
1 475
1 481
1 144
2 197
2 37
1 24
2 33
1 153
2 320
1 319
2 90
2 301
1 188
1 430
1 193
2 404
2 364
1 468
2 366
2 353
1 438
1 484
1 175
1 320
2 323
1 1
2 170
1 126
2 457
2 173
2 255
1 168
1 163
2 476
1 151
1 281
1 55
2 261
1 104
1 76
2 421
1 43
2 81
1 299
1 426
2 186
1 250
2 149
1 488
1 291
1 303
1 430
2 40
1 438
2 474
2 273
1 441
2 336
2 334
2 58
2 309
1 290
2 448
1 322
2 413
2 129
2 388
1 276
2 451
2 273
1 78
1 22
1 212
2 390
1 195
1 8
1 247
1 414
1 87
2 333
1 51
2 418
1 222
2 68
1 258
2 448
2 90
2 56
2 29
2 50
1 448
1 227
1 355
1 240
2 78
1 144
2 236
1 418
2 106
1 480
2 30
2 253
2 99
1 271
1 457
2 351
1 230
2 302
1 272
2 228
2 316
1 329
2 285
2 211
1 84
1 457
2 469
2 83
2 369
2 46
2 377
1 284
1 28
2 41
2 477
2 500
1 492
1 398
1 426
1 17
2 298
2 325
1 34
2 388
1 464
1 282
1 33
2 446
2 2
1 63
1 310
1 474
2 94
2 428
2 331
2 232
1 269
1 449
1 315
1 259
1 121
1 469
1 457
1 418
1 104
1 287
2 246
1 66
2 335
2 209
2 289
1 144
1 348
1 415
1 279
1 143
1 65
2 257
2 377
1 478
1 357
2 96
1 228
2 292
1 6
2 78
1 292
2 407
2 16
1 4
2 495
1 46
2 109
1 432
2 327
2 316
2 377
2 137
2 424
1 18
2 428
1 426
1 20
2 210
1 6
1 182
1 211
2 410
2 380
2 303
1 454
1 388
1 233
1 138
1 304
1 288
2 455
2 302
1 249
1 361
1 77
1 253
2 472
2 458
2 59
1 56
1 82
1 46
1 171
2 173
1 42
1 205
1 376
1 322
2 221
1 378
2 428
2 288
2 349
2 102
2 356
2 271
2 452
1 306
2 202
1 96
1 141
1 91
2 10
1 493
1 298
1 231
2 352
1 327
1 262
1 459
2 437
2 110
1 248
2 362
2 97
1 44
2 313
2 105
1 398
2 256
2 467
1 123
1 3
1 74
1 229
1 436
2 464
2 405
2 312
1 11
1 279
2 496
1 41
2 117
1 49
1 485
2 357
2 389
2 260
1 326
2 345
1 5
1 158
2 370
2 379
1 80
2 490
1 100
1 28
2 320
1 440
1 295
2 466
2 7
1 496
2 66
1 446
1 499
2 331
1 424
2 303
2 217
2 430
2 174
2 237
2 237
1 352
2 324
1 65
2 395
1 15
1 251
1 29
2 266
2 172
2 419
1 44
1 470
2 8
1 282
1 340
1 271
1 400
2 361
1 425
2 375
2 214
2 454
1 429
2 305
1 260
2 425
2 414
2 127
2 390
1 16
2 129
2 272
1 381
1 195
2 238
2 299
2 249
1 397
2 322
2 128
2 127
2 235
2 151
1 461
1 325
2 120
1 263
1 37
2 227
1 299
2 152
2 119
2 200
2 429
2 419
2 454
1 461
1 86
2 105
1 2
1 374
2 87
1 68
2 130
2 206
1 463
1 228
2 462
2 300
1 300
1 446
2 263
1 292
1 220
2 246
2 178
2 46
1 107
2 90
1 259
1 368
2 5
2 6
1 374
2 355
2 22
2 425
2 410
1 484
1 316
2 202
2 200
2 460
1 212
1 245
1 197
1 395
2 59
1 370
1 56
1 104
2 228
1 213
1 447
2 471
2 129
1 459
1 123
2 189
1 172
1 7
1 397
2 272
2 4
2 386
2 216
2 488
1 368
1 285
2 100
2 281
2 278
2 112
1 9
2 437
1 234
1 399
1 48
1 437
1 162
1 462
1 163
2 173
1 353
2 48
1 63
1 384
1 67
1 444
2 296
1 255
2 27
2 362
2 175
1 478
1 120
2 65
1 92
2 15
1 397
2 247
2 242
2 3
1 478
1 87
2 29
2 5
1 197
1 482
2 16
2 59
2 101
2 120
1 64
1 339
1 400
1 271
1 68
2 153
2 422
2 21
1 431
2 209
1 242
1 350
2 500
1 243
2 235
1 496
1 348
2 109
2 272
2 240
2 3
2 87
1 131
2 78
1 483
1 41
1 328
1 481
2 2
2 131
1 289
2 237
1 165
2 234
1 428
1 330
1 218
1 58
1 374
2 261
1 272
2 79
2 43
2 278
1 338
1 483
1 90
2 113
1 267
1 393
1 171
1 476
1 489
2 88
1 371
1 69
1 353
1 93
2 262
1 142
2 481
1 224
2 46
1 28
1 34
2 210
1 494
2 444
2 421
2 196
2 82
2 284
1 116
1 180
2 97
2 476
1 148
2 352
2 239
2 61
1 3
1 327
2 306
1 183
1 152
1 368
1 494
2 19
2 27
2 338
2 223
2 256
2 215
2 119
2 190
2 76
1 448
2 40
2 24
1 330
1 452
2 113
2 200
2 258
1 33
2 52
1 259
1 182
2 266
1 426
2 479
2 351
1 255
1 383
2 464
1 158
2 113
1 63
1 456
1 389
2 266
1 448
1 99
2 349
2 280
1 23
1 126
2 240
2 115
1 11
1 37
1 196
2 493
1 164
1 282
1 288
2 344
2 423
1 67
2 10
2 44
2 308
2 109
2 401
2 372
2 4
2 282
2 261
1 161
2 74
1 328
2 488
2 300
1 465
1 32
1 416
2 210
1 448
2 474
1 393
1 463
2 106
1 299
1 222
2 142
2 400
1 359
1 492
1 1
1 228
2 282
2 311
2 70
1 161
1 310
1 241
1 154
1 71
1 415
1 263
2 290
1 230
2 253
2 10
1 29
2 138
1 84
1 4
2 410
2 400
2 274
1 342
2 189
1 82
1 56
1 364
2 210
2 197
1 313
2 67
2 147
1 354
1 356
1 87
2 226
1 483
2 478
1 277
1 439
1 473
1 54
1 43
2 428
2 76
2 297
2 285
1 50
2 25
2 200
2 169
2 449
2 423
1 30
2 443
2 408
1 166
2 103
1 427
2 299
2 475
2 349
2 390
1 101
2 155
1 229
2 76
2 178
1 306
2 48
2 379
1 368
2 472
1 104
2 352
1 253
1 201
2 141
1 350
2 208
1 393
2 179
1 317
1 318
2 118
2 75
2 376
1 393
1 411
1 98
2 102
1 144
1 154
1 243
2 377
2 359
2 91
2 440
2 96
2 233
2 326
2 61
2 100
2 252
2 153
2 477
1 50
1 407
2 256
2 58
1 451
1 252
2 156
2 152
2 152
1 167
2 43
1 381
1 384
2 4
1 481
1 141
2 304
2 437
2 400
1 190
1 261
2 95
1 335
1 18
1 481
2 314
2 264
2 369
2 179
1 35
2 56
2 245
2 74
1 417
2 175
1 174
1 102
1 203
1 365
2 274
1 405
2 424
1 485
1 166
2 16
1 378
2 227
1 281
1 303
2 476
1 6
2 265
2 269
2 394
2 39
2 34
2 310
1 314
1 101
1 161
1 31
1 390
2 159
1 260
1 70
2 291
2 236
2 385
1 225
2 192
1 149
1 58
1 35
1 104
2 203
1 455
2 153
1 194
2 366
2 124
2 40
1 362
2 172
1 130
2 228
2 160
2 398
2 186
1 292
2 271
1 256
2 431
1 68
1 423
2 280
1 220
2 164
2 445
2 30
1 83
1 99
1 486
1 163
2 132
1 16
1 152
2 126
1 383
2 261
2 330
1 202
2 211
2 185
2 52
1 433
1 323
2 228
1 378
1 183
2 47
1 262
1 320
2 483
1 284
2 210
2 135
1 217
2 480
2 351
2 466
2 165
2 165
1 448
2 485
1 403
2 179
2 81
2 255
2 404
1 158
1 354
1 377
1 136
1 322
1 239
1 121
2 280
2 498
2 31
1 209
1 364
2 302
1 89
1 211
2 446
1 458
2 11
1 73
1 41
1 335
2 385
2 33
1 444
1 243
1 363
2 463
2 393
1 374
1 24
1 326
2 155
2 471
2 468
2 162
1 141
2 139
2 155
2 393
1 53
2 128
2 141
1 345
2 206
2 14
2 6
2 49
2 473
2 177
1 266
2 300
1 187
1 282
2 460
1 495
1 12
1 131
1 63
2 37
1 397
1 348
2 93
1 415
2 119
2 357
1 281
1 141
2 297
1 364
1 300
1 120
2 331
1 167
2 76
2 365
2 104
1 227
1 312
2 113
1 83
2 165
1 328
2 34
1 78
2 231
2 106
1 392
1 451
1 33
2 260
2 351
2 460
2 411
2 421
2 52
2 195
1 70
1 224
1 497
1 204
2 30
1 281
2 301
2 330
2 461
2 81
2 156
2 91
1 163
2 292
2 218
1 134
2 359
1 94
2 11
1 433
1 163
2 165
2 296
1 148
1 287
1 419
1 268
2 211
2 372
1 349
2 339
1 227
2 191
2 255
2 174
2 93
1 252
2 150
2 454
2 6
1 377
1 385
1 137
2 278
1 300
1 300
1 108
1 38
1 402
1 351
2 331
2 410
1 403
1 184
1 208
2 448
1 169
1 432
2 279
2 16
1 187
2 420
1 396
2 443
1 101
2 372
2 439
1 68
2 45
2 49
1 291
1 40
2 179
2 467
2 31
1 239
2 352
1 362
1 318
2 45
1 301
1 52
1 401
2 80
2 221
1 49
1 475
1 174
1 410
2 314
1 326
1 9
1 413
1 425
2 26
2 500
2 88
1 418
2 22
2 285
2 329
2 310
2 272
2 160
2 475
1 473
2 229
2 330
1 202
1 372
1 74
2 258
2 126
2 353
1 23
1 94
2 470
2 6
1 237
2 274
1 490
1 364
2 430
2 212
1 298
2 63
2 157
1 235
2 494
1 282
1 225
2 219
1 481
1 139
2 92
2 132
1 362
2 4
1 39
2 275
1 149
2 410
2 156
2 439
2 436
1 368
1 298
1 409
1 13
1 199
2 312
1 242
2 177
2 168
2 311
1 255
2 482
1 467
2 364
1 489
2 329
2 162
2 146
2 460
2 470
1 467
2 488
1 157
1 304
2 82
1 470
1 276
1 56
1 440
2 351
2 70
1 137
2 10
1 153
2 292
1 479
1 254
1 317
2 333
1 439
1 85
1 454
1 359
2 454
2 279
1 227
1 335
2 283
1 348
2 165
1 261
2 249
1 312
1 128
1 389
1 409
1 474
1 185
1 222
1 482
2 146
1 52
1 274
1 28
1 473
1 113
2 38
2 450
2 130
1 492
2 495
1 344
1 262
1 152
2 370
2 335
2 193
2 346
1 72
2 439
1 416
2 480
2 264
1 301
2 7
1 115
2 44
1 321
2 190
1 491
2 456
1 425
1 416
1 466
2 143
1 235
1 455
1 363
1 495
2 314
2 159
2 206
1 238
1 210
2 349
1 337
1 229
2 304
1 383
2 187
2 172
2 434
1 338
1 47
2 163
2 37
2 141
1 226
1 119
2 9
2 338
2 123
2 458
1 414
1 194
1 216
2 372
2 47
1 149
2 394
2 157
1 187
2 24
1 379
1 198
2 109
2 83
2 305
1 8
2 83
2 170
1 269
1 151
2 103
2 260
1 165
1 129
2 65
1 114
2 294
2 181
1 49
2 484
1 359
2 424
2 395
2 91
2 486
2 330
1 243
2 287
2 208
1 257
1 67
1 66
1 384
1 113
1 213
1 137
2 290
1 363
1 5
2 51
1 45
1 282
2 172
1 45
2 187
2 3
1 374
1 465
2 166
1 41
1 229
2 4
2 441
1 54
2 171
1 286
2 335
2 206
1 339
1 89
2 255
2 130
1 158
2 237
2 228
2 256
1 157
2 326
2 477
1 393
2 335
2 417
1 449
1 231
2 76
2 16
1 409
2 457
2 91
2 445
1 173
2 126
1 311
2 278
2 182
2 285
2 53
1 242
2 175
1 344
1 291
2 431
2 3
1 321
1 432
1 115
2 466
1 286
1 43
2 415
1 437
2 92
2 252
2 46
2 157
2 380
2 247
2 349
2 50
1 398
2 435
2 289
1 104
1 27
1 341
2 370
2 492
2 322
2 146
2 373
1 107
2 100
2 267
1 305
1 469
2 500
2 215
2 6
1 214
2 316
1 177
2 387
1 497
1 115
1 74
2 295
1 443
1 384
2 46
1 376
1 242
1 473
1 164
1 478
2 214
2 135
2 329
2 262
2 80
1 319
2 215
2 36
2 211
2 218
1 310
2 473
1 320
2 63
2 127
1 64
1 184
1 82
1 422
1 189
2 71
2 357
2 323
1 146
2 14
2 140
2 159
2 78
2 261
2 313
2 32
1 79
1 277
1 79
1 207
2 50
1 125
1 266
1 149
2 332
1 477
1 337
1 288
1 114
1 406
1 139
1 6
2 5
1 80
2 332
2 202
2 416
1 139
2 273
2 296
2 301
1 280
2 259
2 254
1 170
1 2
1 449
2 376
2 140
1 35
2 242
1 56
2 414
1 393
1 184
1 494
1 312
2 324
1 43
1 146
2 89
2 372
2 357
1 489
1 203
2 171
1 463
1 156
1 123
1 265
1 88
2 494
2 383
2 172
1 246
2 342
1 167
2 222
2 312
1 223
1 289
2 161
2 322
1 478
1 364
1 101
2 352
1 53
2 263
1 216
1 245
2 398
2 473
2 138
2 33
1 150
2 456
2 275
2 478
1 424
2 197
1 495
2 470
2 339
1 123
1 295
2 314
1 129
1 163
1 70
2 329
1 219
1 86
2 264
2 96
2 108
1 415
1 44
1 353
1 319
2 287
2 45
1 157
2 386
2 143
2 69
2 230
2 459
2 131
1 230
1 113
2 369
2 494
2 262
1 146
1 24
2 44
1 32
1 297
2 74
2 224
1 113
2 280
2 120
1 145
2 339
2 389
1 135
1 472
1 80
2 475
2 401
1 227
2 274
2 201
2 313
1 193
2 81
1 348
1 86
1 252
1 100
1 483
1 225
1 129
1 275
2 111
2 176
2 459
2 211
1 500
2 287
1 299
2 367
1 270
1 489
2 376
1 364
1 173
2 16
2 244
1 459
1 316
2 394
2 287
1 138
1 478
1 181
2 495
1 126
1 351
2 489
1 406
1 288
2 292
2 83
1 92
1 93
2 28
2 33
1 442
1 452
1 446
1 252
1 383
2 407
1 195
2 311
2 451
1 31
1 400
2 129
2 6
1 102
2 412
1 51
2 156
1 476
2 337
2 244
1 308
1 453
1 249
2 454
2 213
1 292
1 153
2 307
1 346
1 395
2 393
2 313
1 298
2 204
1 219
2 205
1 301
2 380
2 124
2 451
1 373
1 151
2 14
2 34
2 68
1 319
2 224
1 64
2 272
1 7
1 418
2 368
1 220
2 470
2 283
1 382
2 14
1 179
2 45
2 90
1 492
1 276
1 391
1 88
1 311
1 4
1 305
2 298
1 321
2 70
2 391
2 110
1 186
1 282
1 204
2 194
1 483
2 263
2 12
1 239
1 444
1 402
1 316
2 327
1 169
1 90
2 50
2 314
2 191
1 465
1 170
1 89
1 330
2 377
1 201
2 15
1 60
1 95
2 114
2 362
2 168
2 45
2 354
2 303
1 306
2 289
2 128
1 479
1 80
2 151
1 173
2 127
1 81
2 458
1 345
2 180
1 325
2 80
1 435
2 73
1 1
1 66
2 91
1 438
1 250
1 154
1 252
1 5
1 57
1 378
2 132
2 265
2 485
1 486
2 78
2 10
2 272
1 59
1 471
1 235
2 435
1 494
1 372
2 370
1 312
2 180
1 7
1 252
1 492
2 262
2 499
1 499
1 199
2 335
2 256
1 93
1 309
2 228
1 437
2 311
1 47
2 395
2 138
1 248
2 87
1 50
2 133
1 59
2 309
2 203
1 314
1 106
2 86
2 358
1 133
2 121
2 363
1 83
1 13
2 481
2 192
1 388
1 429
1 210
2 190
1 5
1 411
1 182
1 146
2 369
1 411
1 308
2 357
1 125
2 72
2 172
2 486
2 290
1 356
2 355
2 115
2 104
2 172
2 21
2 28
2 298
1 230
2 63
1 198
2 159
1 143
1 236
1 240
1 393
2 228
2 195
1 309
2 367
1 435
2 500
1 127
2 104
2 253
1 294
2 204
1 72
1 133
2 325
1 184
2 170
1 168
2 105
1 15
2 308
2 61
2 115
1 104
1 396
1 235
2 158
1 345
2 135
2 388
2 53
2 379
1 38
1 290
2 22
1 317
2 457
1 487
2 269
1 492
1 150
1 56
2 367
1 240
2 229
2 163
2 401
2 354
2 439
1 285
1 151
2 492
2 182
1 381
1 272
1 465
2 301
2 79
2 272
1 371
1 296
2 132
2 278
1 339
1 333
2 379
2 75
1 442
2 51
1 58
1 46
2 242
1 247
2 217
1 490
2 222
1 120
2 38
2 42
1 464
1 350
1 209
1 415
1 32
2 323
1 139
1 316
1 418
1 404
1 283
1 72
1 383
2 61
1 291
1 147
1 180
1 299
1 271
2 389
2 382
2 448
1 283
2 251
1 176
2 37
1 400
1 18
1 151
1 53
2 383
2 47
1 398
2 449
1 262
2 26
2 400
2 14
1 235
1 85
1 418
2 424
2 80
2 302
1 370
1 23
1 256
2 314
2 469
1 25
1 303
1 224
1 23
2 87
2 353
2 223
1 495
1 291
1 438
1 156
2 150
1 58
2 302
2 262
1 337
1 352
2 335
2 44
2 164
1 318
1 4
1 489
1 37
2 423
1 75
1 280
1 459
2 480
1 412
2 382
1 378
2 238
2 159
2 421
1 114
1 41
2 129
1 318
2 160
1 138
1 22
2 309
1 458
2 92
2 381
2 468
2 57
2 323
2 337
2 241
1 185
2 270
2 14
2 330
1 30
2 259
2 440
1 31
2 208
1 117
1 446
1 50
1 140
1 68
1 319
1 129
2 145
1 19
1 40
1 331
2 19
1 120
1 9
1 206
1 475
1 7
1 257
2 273
1 132
1 75
1 204
2 156
1 304
2 5
2 374
1 263
1 481
1 53
2 235
1 408
2 283
1 480
2 174
1 138
1 296
1 459
2 266
2 50
2 141
1 263
1 93
1 462
2 259
1 265
1 328
1 54
1 290
1 353
2 137
1 324
1 54
2 486
2 101
2 240
2 441
1 310
2 379
2 310
1 137
1 483
1 98
1 425
2 421
2 53
1 119
2 193
1 11
2 342
2 213
2 203
2 435
1 38
2 135
2 154
2 272
1 438
2 24
1 255
1 343
1 353
2 36
1 336
1 428
2 156
1 110
1 145
1 221
1 412
2 380
1 477
2 405
1 372
1 128
1 76
1 137
1 134
1 177
2 217
1 497
1 96
1 81
1 205
1 125
2 8
1 34
2 358
1 102
2 70
2 207
2 402
2 276
2 367
2 355
2 260
1 307
2 161
2 446
1 392
1 482
1 277
2 440
2 156
2 215
2 122
2 221
2 468
2 58
1 153
1 268
1 115
1 119
1 165
1 493
1 338
1 159
1 192
1 452
2 491
2 276
1 291
1 486
1 196
2 295
1 159
2 112
2 488
1 252
1 497
1 412
1 421
1 152
1 20
2 311
1 121
1 473
1 433
1 225
2 353
1 328
2 434
2 487
2 20
2 277
2 334
1 202
2 109
2 218
1 308
1 489
1 465
2 43
1 419
1 230
2 139
2 485
1 348
2 344
2 209
1 235
2 159
2 149
1 141
1 247
1 246
1 228
1 48
1 311
1 389
1 440
2 449
1 450
1 395
1 14
2 117
2 201
1 37
2 395
2 419
2 125
1 80
1 77
1 473
1 297
1 279
2 240
2 12
1 374
1 335
1 213
2 488
2 78
1 114
1 200
1 317
1 399
1 379
2 227
1 214
1 417
2 260
1 423
2 345
2 29
2 36
2 482
2 357
2 398
1 383
2 205
2 477
2 150
2 430
2 58
2 252
1 339
2 482
1 485
1 262
2 209
2 457
1 23
1 100
1 487
1 220
1 236
1 146
1 51
2 114
1 422
2 286
1 79
2 225
2 296
1 428
1 134
1 397
1 401
2 427
1 182
2 431
1 342
1 155
1 355
1 56
1 484
2 387
1 311
1 476
1 449
2 462
2 491
1 442
2 206
2 130
1 367
1 9
1 340
-1
