2 490
1 31
2 232
1 56
2 142
1 225
2 426
1 165
1 330
1 69
2 214
2 365
2 68
1 389
2 424
1 141
2 143
1 417
1 166
1 91
2 61
2 482
1 217
1 103
1 402
2 238
2 344
1 383
2 163
1 492
1 249
1 350
2 155
1 117
1 90
2 479
1 225
1 487
2 309
1 338
1 112
1 176
2 381
2 218
1 386
2 333
1 192
2 228
1 300
1 18
2 254
1 38
1 307
2 270
2 318
1 177
2 35
1 236
2 466
2 310
2 13
2 188
1 177
1 50
1 111
2 365
2 414
1 194
1 482
1 38
2 423
1 228
2 270
2 371
2 267
2 438
2 175
2 482
2 392
2 326
2 153
1 71
1 148
1 489
2 431
2 428
2 92
1 161
2 321
1 448
2 64
1 69
1 361
1 440
2 137
2 311
2 11
1 207
1 348
2 138
2 221
1 335
2 275
1 25
2 379
1 385
1 208
2 383
2 207
1 25
2 290
1 131
1 419
2 161
1 384
2 248
1 67
2 120
1 430
2 140
1 116
2 101
1 181
2 96
2 156
1 229
2 158
1 449
1 400
2 45
2 111
1 239
1 79
1 223
1 354
1 315
1 90
2 497
2 249
1 9
1 415
1 404
1 301
1 351
1 165
2 335
2 391
2 304
2 134
1 328
1 92
1 161
2 260
2 155
1 304
1 115
1 253
2 141
2 74
2 456
1 89
1 13
1 66
1 300
1 398
1 391
2 121
2 373
2 263
1 92
1 191
2 135
2 77
2 199
1 469
1 240
2 296
1 388
2 271
1 116
1 19
1 8
2 112
2 223
1 408
2 291
1 373
2 392
2 51
1 302
2 95
2 428
1 144
2 307
2 58
1 434
1 132
1 419
2 322
2 117
2 307
2 178
2 184
2 331
1 362
2 457
1 25
1 402
2 50
1 435
1 481
1 35
1 309
2 355
1 446
2 62
1 81
2 135
1 11
2 202
1 301
1 32
1 393
2 346
1 492
1 253
1 499
1 84
1 444
1 141
2 112
2 345
1 145
2 160
1 147
2 379
1 370
1 477
1 194
1 407
2 305
1 9
2 299
1 166
1 233
2 483
1 213
2 91
2 9
1 364
2 462
2 306
2 356
1 296
1 307
2 86
2 214
1 118
1 37
2 253
2 441
2 316
2 413
2 10
2 8
2 428
1 319
2 356
2 367
1 76
2 206
2 136
2 107
2 282
2 387
1 116
1 473
2 480
2 41
2 158
2 66
2 222
1 21
2 58
2 432
2 412
2 146
1 259
1 151
1 98
2 278
2 216
1 348
1 486
1 388
2 140
2 283
2 41
1 142
1 394
2 435
2 414
1 55
1 35
2 416
1 446
2 197
2 294
1 208
2 283
1 478
2 104
1 135
1 415
1 94
2 201
1 317
1 459
1 489
2 428
1 476
2 300
1 386
2 215
2 76
1 244
2 420
1 164
1 491
2 182
1 443
1 315
2 347
2 130
2 469
1 443
2 134
1 116
2 187
2 316
1 32
2 18
2 258
2 356
2 463
1 36
2 270
1 16
1 327
2 155
1 406
2 92
1 42
2 262
1 93
2 193
1 340
1 426
2 243
1 197
2 170
2 314
1 287
2 259
2 325
1 112
2 213
1 326
2 466
1 186
1 368
2 34
2 440
1 155
1 92
1 91
1 288
1 53
1 84
2 390
1 428
1 194
1 260
2 450
2 458
1 487
2 366
1 383
2 182
2 191
1 240
2 387
2 388
2 304
2 453
1 82
1 399
1 76
1 146
2 87
2 160
2 279
2 296
2 34
2 402
1 102
2 356
1 372
2 130
1 417
2 220
1 18
1 125
2 128
2 118
1 225
2 138
1 6
2 220
1 261
2 114
1 466
2 54
1 415
1 215
2 322
2 180
1 404
2 284
1 427
2 96
1 381
2 358
1 369
1 128
1 50
2 196
2 413
2 55
1 136
1 9
2 408
2 148
1 345
2 46
1 35
2 273
1 430
2 357
1 60
1 279
2 429
1 476
2 427
1 20
1 3
1 371
1 68
1 425
1 4
1 34
1 314
2 156
2 289
1 41
1 200
2 308
1 349
2 320
2 17
2 188
2 71
1 133
1 131
2 402
1 378
2 23
2 445
2 286
2 394
1 432
2 200
1 424
1 374
1 322
1 138
1 261
1 271
2 198
1 301
2 387
1 89
1 220
1 292
2 118
2 34
1 334
1 289
2 281
1 352
2 404
1 168
1 49
1 56
1 43
1 400
1 385
2 43
1 22
1 313
2 222
1 40
2 79
1 164
1 342
2 166
2 208
2 260
2 474
2 206
2 22
1 298
1 446
1 213
2 25
2 457
1 223
2 153
2 28
1 364
2 34
2 317
1 213
1 498
2 242
2 55
2 160
1 372
2 43
2 423
2 461
1 16
2 80
1 336
2 187
2 180
2 432
1 462
1 72
2 182
2 365
1 428
2 439
2 333
2 87
1 399
1 339
2 434
1 286
2 228
2 172
2 193
2 403
1 98
1 316
1 138
1 219
2 408
1 420
2 342
1 348
2 257
1 359
2 307
1 163
1 116
1 441
1 140
2 165
1 168
1 73
2 364
2 426
2 152
2 363
1 350
1 438
2 247
1 1
2 143
2 439
2 201
2 270
1 73
2 281
1 118
2 100
2 496
2 456
2 369
1 344
2 232
2 29
1 280
2 383
1 43
2 385
1 51
1 435
2 292
2 66
1 420
2 94
1 42
2 413
1 71
2 480
1 241
1 131
2 388
2 147
1 185
2 25
1 36
2 209
1 26
1 89
2 291
1 211
1 435
2 93
2 435
2 158
1 432
1 400
1 153
1 102
2 280
1 72
2 437
1 494
1 406
1 110
1 468
1 379
1 146
2 258
2 395
2 108
2 54
2 350
1 108
2 395
2 428
1 53
1 449
2 177
1 332
1 401
2 457
2 52
2 454
2 387
1 427
1 378
2 56
2 390
2 29
1 401
2 101
2 320
1 203
2 255
1 486
1 37
2 138
2 101
1 101
2 143
1 184
1 212
2 99
2 253
1 385
2 435
1 309
2 238
1 455
2 250
1 500
1 86
2 78
1 432
2 24
1 410
2 445
2 149
1 221
2 22
1 257
1 146
1 62
2 281
1 227
1 12
1 167
2 67
2 487
1 127
1 423
1 421
2 156
2 262
1 174
2 37
1 90
1 199
1 416
2 223
2 212
1 220
2 183
1 327
2 135
2 30
2 340
1 128
2 223
2 426
1 23
1 381
1 495
1 467
2 262
1 53
1 275
1 56
2 262
1 477
1 186
2 157
2 12
1 223
1 24
1 185
1 110
1 361
1 497
1 366
1 369
1 83
2 42
1 452
2 371
1 50
1 490
1 432
1 193
1 439
1 302
1 113
2 41
1 366
2 153
1 146
2 1
2 15
1 218
1 48
2 450
1 144
2 7
1 292
1 81
2 267
1 58
1 144
1 57
1 486
2 445
2 433
2 359
2 191
2 117
1 165
1 39
1 356
1 87
1 97
1 434
2 49
2 94
2 88
1 406
2 210
1 203
1 146
1 441
1 342
2 278
1 326
1 369
2 213
1 384
2 123
2 24
2 307
2 419
1 471
1 318
1 25
2 26
2 138
1 210
2 226
2 40
2 155
1 287
2 363
2 28
2 487
2 212
1 19
1 391
2 306
2 373
1 285
1 204
1 67
1 104
1 104
2 46
1 402
1 477
2 354
1 305
2 54
1 338
1 498
1 117
2 492
2 336
1 238
1 401
1 157
1 447
1 350
1 370
1 27
1 368
2 201
1 73
1 40
1 29
2 193
2 191
2 485
1 164
1 417
2 229
2 420
2 185
1 370
1 373
2 103
1 277
2 115
2 408
1 462
1 42
1 285
1 42
2 110
1 195
1 122
2 451
2 302
2 162
2 392
1 67
1 477
2 148
1 43
2 97
1 342
2 214
1 74
2 99
2 460
2 413
2 419
2 474
1 201
2 391
1 373
2 289
2 152
1 292
1 490
2 254
2 231
2 161
1 221
2 339
2 255
2 465
2 465
1 97
2 277
2 108
2 147
1 349
1 183
2 196
1 381
2 206
2 267
1 266
2 476
1 223
1 354
1 107
1 329
2 334
2 41
2 105
2 40
1 337
1 298
1 245
1 184
2 140
1 168
2 140
1 9
2 77
1 402
2 384
1 89
2 187
2 362
2 20
2 448
1 475
2 443
2 274
1 373
2 427
2 170
1 388
1 280
1 95
2 351
1 263
2 47
2 124
1 91
2 12
2 202
1 135
1 409
2 269
2 25
2 173
1 112
1 75
1 376
1 424
1 499
1 368
2 486
2 156
2 485
1 171
1 5
2 181
2 417
2 46
1 347
1 487
2 278
1 202
2 83
2 230
2 15
2 330
1 440
2 132
1 4
1 462
2 311
1 125
2 443
1 20
2 240
2 99
2 272
1 21
1 481
1 138
2 402
2 50
2 304
1 117
2 187
1 19
2 423
1 76
2 165
2 358
1 305
1 272
1 312
1 485
1 97
2 490
2 441
2 339
1 424
2 255
2 88
2 107
2 268
1 227
2 481
1 188
2 244
1 417
2 455
2 50
1 375
2 50
1 429
1 263
2 399
2 463
1 142
2 348
2 307
2 45
2 362
2 275
2 396
2 363
1 444
1 253
1 302
1 485
2 246
1 435
1 116
2 481
2 21
2 370
2 107
1 465
1 350
1 277
2 134
2 299
2 403
2 395
1 57
2 434
1 478
1 297
1 468
2 202
2 309
2 315
2 189
1 235
1 223
2 339
1 353
2 433
2 391
2 459
2 261
1 452
2 464
1 184
2 229
2 271
2 160
1 304
1 421
1 441
2 252
2 498
1 267
1 359
1 312
2 456
2 412
1 15
2 7
1 10
2 286
1 476
2 69
2 496
2 168
2 483
2 215
2 22
1 114
1 139
1 48
1 54
1 205
1 38
1 265
2 150
1 179
2 347
2 403
1 88
1 130
1 340
2 402
1 178
1 445
1 497
2 113
1 156
1 117
2 381
2 92
1 282
1 7
1 368
2 174
2 183
2 377
1 351
1 235
1 497
1 47
2 24
1 394
2 181
1 223
2 242
1 294
1 435
1 207
2 413
1 461
2 387
2 468
2 319
2 117
2 234
2 160
2 26
2 139
1 63
2 470
1 379
1 31
2 267
1 319
2 469
1 125
2 468
2 444
1 499
1 453
1 426
1 44
1 164
1 361
1 246
2 234
1 446
1 289
1 205
2 95
1 238
2 232
1 15
2 343
2 438
2 448
1 258
2 19
1 24
2 351
1 61
1 393
1 404
2 274
1 140
1 133
2 438
2 434
2 243
2 317
2 423
2 248
2 107
1 454
2 496
1 400
2 92
1 118
2 177
2 102
1 258
2 44
1 303
1 352
2 106
1 77
1 284
1 208
2 441
2 225
2 317
1 49
1 119
1 402
2 261
2 462
1 441
1 417
2 187
1 140
1 288
1 171
2 244
2 165
1 243
2 324
2 364
1 318
2 242
2 129
1 426
2 371
1 300
1 313
1 407
1 129
1 371
2 117
1 29
2 2
1 170
2 182
2 401
1 367
1 422
1 347
2 290
2 417
2 60
2 278
2 384
1 12
1 56
1 220
2 261
2 208
1 249
2 166
2 240
2 494
1 232
1 360
2 113
1 313
1 356
1 490
2 347
1 345
1 481
1 338
2 488
2 374
1 138
1 237
2 276
1 242
2 126
1 379
1 81
2 409
2 132
2 27
1 252
2 231
1 138
2 177
2 317
1 213
1 441
2 35
1 382
1 74
2 229
1 244
1 494
2 98
2 255
1 306
1 347
2 89
1 309
2 461
2 167
2 283
2 325
2 27
1 444
1 65
2 404
1 186
2 164
2 78
1 110
2 275
1 123
1 144
2 332
1 260
1 480
1 161
1 62
2 361
2 138
2 233
2 85
1 142
1 404
2 18
1 453
1 173
1 211
1 210
2 123
2 244
1 214
1 257
2 442
1 336
1 394
1 324
1 190
2 78
2 387
2 310
1 238
2 267
2 150
1 343
2 149
1 226
1 342
2 193
2 304
1 66
2 447
1 175
1 58
1 81
2 198
1 136
2 224
1 87
1 81
2 498
2 219
2 295
1 409
2 46
1 366
1 261
1 205
2 152
1 390
1 410
2 325
2 225
2 298
1 274
2 444
2 311
1 49
2 73
1 295
2 21
1 434
2 176
1 419
2 103
1 410
2 98
1 409
2 134
2 338
2 289
2 381
2 443
1 408
2 239
1 485
2 214
1 244
2 259
1 67
1 174
1 226
2 61
1 297
2 192
1 453
1 415
1 283
2 115
1 223
2 243
1 315
1 329
1 48
1 424
1 301
2 441
1 423
1 11
1 48
2 205
1 238
2 37
1 179
2 61
1 207
1 313
1 315
2 431
2 80
1 476
1 6
2 109
2 270
1 500
2 26
1 20
2 175
2 135
2 59
2 106
1 54
1 139
2 263
2 231
1 479
1 426
1 326
1 412
2 357
2 263
1 467
2 349
2 191
2 345
2 381
2 218
2 72
1 155
1 129
2 28
2 294
2 442
1 338
1 66
2 116
2 428
1 167
1 74
2 462
2 309
2 73
2 129
1 86
2 330
1 371
2 172
1 161
1 487
1 171
2 396
1 437
1 72
2 303
2 311
2 267
2 107
2 497
2 39
2 73
1 148
2 76
1 310
1 137
2 289
2 53
2 296
2 360
2 443
1 216
2 426
1 223
1 377
1 322
2 154
1 282
2 188
2 324
1 148
1 146
1 322
1 472
1 186
2 336
1 493
2 232
1 237
1 154
2 25
2 27
1 221
1 183
1 220
1 257
2 170
1 6
2 99
1 312
1 308
1 115
1 402
1 422
1 152
2 102
1 253
1 206
2 491
1 233
1 245
2 280
1 243
1 461
2 263
1 329
1 271
2 74
2 493
2 162
1 421
1 171
2 447
1 498
1 467
1 499
1 422
2 181
1 416
2 357
1 265
2 99
2 183
1 59
2 18
2 22
1 188
2 315
1 124
1 71
2 245
1 6
1 52
1 182
2 179
1 348
2 278
1 329
1 470
1 487
2 108
1 277
2 404
2 280
1 254
2 470
1 124
2 367
2 12
1 345
1 437
1 484
1 489
2 26
1 52
1 149
2 223
2 305
2 219
1 358
1 138
2 173
2 301
2 139
1 439
2 206
2 26
2 293
2 205
1 176
1 33
1 266
2 100
1 85
1 358
1 493
2 268
2 460
1 56
1 436
1 285
2 220
1 181
1 28
1 181
1 493
2 231
2 320
2 180
1 352
2 198
2 384
2 361
2 89
1 144
1 261
1 164
2 442
1 344
2 285
2 376
1 441
2 36
1 141
2 16
1 456
2 188
2 381
2 385
2 316
1 344
2 160
2 409
2 407
1 273
2 480
2 468
2 459
2 32
2 274
2 442
2 315
1 271
1 382
2 368
2 34
1 125
2 422
2 145
1 489
1 371
1 418
1 92
1 45
1 178
1 374
2 398
2 452
1 88
2 174
2 382
2 18
1 104
1 39
1 471
2 17
2 198
1 31
1 365
2 265
1 244
1 13
2 30
1 160
2 149
2 424
1 391
2 35
1 84
2 446
2 303
1 247
2 100
2 142
1 203
1 358
1 247
1 290
2 37
2 245
2 133
1 66
1 313
2 221
1 229
1 154
1 480
2 236
2 29
2 246
1 134
2 381
1 176
2 8
2 471
2 249
1 272
2 331
1 471
2 332
2 69
2 434
1 237
2 330
1 397
2 349
1 382
2 114
2 251
2 121
1 225
1 381
2 388
2 432
1 465
2 260
2 452
1 284
1 214
2 305
2 392
2 344
2 86
2 181
1 430
1 113
1 375
2 150
1 55
1 323
1 196
1 404
2 479
1 187
2 4
2 155
2 200
1 371
2 307
1 324
1 57
2 241
2 281
2 396
1 176
1 59
2 3
1 222
1 353
1 26
2 102
1 455
2 381
1 437
2 229
2 478
2 401
2 419
2 461
1 220
1 235
1 210
2 444
2 422
1 190
2 356
1 330
2 444
2 488
2 453
1 345
2 56
2 1
1 129
2 491
2 300
2 330
2 165
2 440
2 273
2 237
1 272
2 142
1 481
2 448
2 400
1 215
2 388
2 280
1 27
1 216
1 198
1 187
2 22
1 153
1 106
2 478
1 307
2 93
2 452
1 424
2 331
1 158
1 205
2 85
2 263
2 261
1 198
2 26
2 72
1 217
2 419
1 54
2 164
1 216
2 37
2 318
2 480
2 436
1 115
2 119
2 173
2 189
1 325
1 440
1 96
1 276
1 201
1 442
2 179
2 479
1 147
1 434
2 474
1 14
2 242
1 169
1 10
2 135
1 127
1 285
1 434
2 87
1 242
1 498
1 37
2 487
2 476
2 13
1 142
2 94
2 158
1 500
1 175
1 57
2 411
1 374
1 402
1 330
2 487
2 414
2 155
2 58
2 173
1 136
1 96
2 48
1 194
2 125
1 384
2 20
1 22
2 490
2 352
2 269
2 497
2 213
1 287
1 486
2 192
2 272
2 201
2 244
1 421
1 114
1 253
2 449
1 378
1 401
2 460
2 271
2 55
1 460
2 457
2 299
1 269
1 139
2 444
1 66
1 306
2 167
1 16
1 183
2 257
2 325
2 104
1 173
1 431
1 351
2 280
2 239
1 423
2 72
1 314
2 230
2 20
1 176
2 363
2 131
1 441
2 188
1 402
1 406
1 47
1 423
1 256
2 77
1 241
1 44
1 136
2 173
2 372
1 393
2 58
2 58
2 330
2 98
2 308
2 415
1 110
2 31
1 349
2 395
2 106
1 142
2 414
1 100
1 366
1 372
2 367
2 477
1 25
2 278
1 429
1 37
2 380
2 256
1 25
1 316
1 292
1 426
2 327
2 342
1 221
2 319
2 493
2 134
2 73
2 52
1 455
1 392
1 6
2 414
1 148
2 215
2 242
2 144
2 17
2 112
2 50
1 27
1 429
1 263
2 275
1 2
2 402
2 414
2 391
2 289
2 260
2 477
1 495
1 69
1 309
2 304
1 314
2 103
1 342
2 95
1 179
1 48
1 341
1 190
2 492
1 121
2 185
1 104
2 69
1 394
2 56
1 86
1 380
2 463
2 405
2 41
2 5
1 366
2 401
1 279
2 237
1 495
2 349
1 304
2 122
2 498
2 246
2 250
1 123
2 198
1 121
1 462
2 325
1 173
1 87
1 118
2 203
1 448
2 62
2 23
2 447
1 415
2 455
2 169
1 377
1 308
2 103
1 326
1 301
1 5
2 301
1 413
2 437
1 257
1 110
1 236
2 151
2 453
2 167
2 386
2 339
2 243
1 314
1 72
1 418
1 204
1 401
2 425
1 328
2 39
1 164
2 198
2 129
1 271
2 474
1 189
1 53
2 457
1 351
1 184
1 456
2 337
1 355
2 45
2 294
1 472
2 62
2 123
1 22
1 336
2 253
1 159
2 306
2 375
1 494
1 423
2 148
1 157
2 372
2 389
2 488
1 474
2 232
1 442
2 341
2 99
1 300
2 250
1 223
1 113
2 385
1 369
2 499
2 387
1 78
2 387
2 486
1 318
2 307
2 321
1 36
2 93
1 380
1 292
1 170
2 22
1 144
2 438
1 267
1 363
1 302
2 113
2 460
1 207
2 40
2 266
2 150
1 114
2 403
2 334
1 13
1 330
1 450
2 149
1 295
1 264
1 112
1 235
1 9
2 42
1 320
2 327
2 16
1 201
1 196
1 194
2 445
2 216
1 493
2 314
2 228
2 235
2 8
2 114
1 261
2 415
1 313
2 252
1 32
1 450
1 190
2 288
1 369
2 232
2 219
2 352
1 177
1 489
1 406
1 51
1 461
2 450
2 58
2 305
2 357
1 168
1 452
2 383
1 310
1 384
1 362
2 326
1 172
1 73
2 119
2 299
2 440
1 56
2 152
1 437
1 317
2 257
1 59
1 291
1 457
1 248
2 261
2 208
1 90
2 65
1 403
2 491
1 110
1 190
2 109
2 121
2 83
2 396
2 368
1 213
2 359
1 495
2 236
1 107
2 482
2 88
2 33
1 430
1 327
1 254
2 450
1 63
1 455
1 228
1 495
1 498
1 103
1 176
1 194
1 218
2 304
1 115
1 235
2 329
1 368
2 200
2 12
2 404
1 72
2 288
2 423
2 124
2 129
2 419
1 433
1 200
1 441
2 424
1 211
1 441
1 38
1 98
1 106
2 15
1 483
1 448
2 291
2 134
2 221
1 92
2 39
2 93
1 457
1 359
2 471
2 448
2 142
2 410
1 249
1 129
1 282
1 340
1 498
2 342
1 228
2 427
2 427
2 98
1 238
1 254
1 458
1 68
2 450
2 198
2 457
1 282
1 253
2 309
1 298
1 172
2 286
1 291
1 468
1 447
2 195
2 116
1 254
1 103
2 364
1 401
1 330
1 57
1 7
2 184
1 218
2 328
2 304
2 67
2 210
2 327
2 213
1 408
1 329
1 169
2 14
2 364
2 455
2 276
2 341
2 116
2 165
2 413
1 265
2 90
2 344
1 231
1 210
1 374
1 500
1 82
2 314
1 207
1 422
1 432
1 441
2 172
2 342
2 425
1 415
1 80
1 282
1 18
2 300
2 232
2 284
1 15
2 315
2 421
1 202
1 497
1 251
2 451
1 105
2 401
2 92
2 481
2 142
1 67
2 240
2 443
2 316
2 323
1 177
2 217
2 299
2 76
2 233
1 344
2 104
1 60
1 76
1 420
1 389
2 214
1 489
2 2
1 113
1 137
1 419
2 224
2 417
2 117
1 177
1 338
1 407
2 327
2 288
2 256
1 437
2 303
2 125
1 432
1 480
1 83
1 272
1 466
1 104
1 189
1 97
2 264
2 127
1 337
2 392
1 442
1 413
2 456
2 400
2 126
2 158
1 480
2 365
2 469
2 230
2 304
1 387
2 181
1 361
2 280
1 313
2 284
2 317
2 113
2 330
2 299
2 150
2 120
2 75
1 335
2 448
1 334
2 57
1 52
2 87
2 372
2 403
2 327
1 98
2 288
1 381
1 117
2 216
1 397
2 175
2 299
1 72
1 161
1 202
1 248
1 42
1 390
1 330
1 15
2 358
1 409
2 92
1 121
2 113
2 301
1 99
2 114
1 435
1 150
1 337
2 127
1 72
1 173
1 435
1 180
1 193
2 382
1 466
1 295
1 370
2 69
1 46
1 138
1 307
2 171
2 387
2 372
2 16
2 212
1 436
2 445
1 183
2 116
1 32
1 430
1 4
1 369
2 32
1 84
1 348
1 333
2 50
1 397
2 100
1 218
2 202
2 367
2 341
1 236
1 243
2 125
1 367
1 499
1 203
1 439
2 336
2 137
2 327
2 154
1 344
2 313
2 385
2 133
2 364
2 449
1 237
2 203
2 418
2 204
2 135
2 23
1 265
2 58
2 395
2 369
1 434
2 134
1 63
2 247
1 487
2 31
2 471
2 30
2 286
2 361
1 79
2 241
1 245
1 138
2 361
1 228
1 38
2 315
1 127
2 377
2 107
2 40
1 344
2 318
2 357
1 400
1 116
1 483
1 141
1 202
2 478
2 350
2 289
2 467
1 225
2 232
1 454
2 113
2 395
1 277
1 311
1 243
1 371
2 137
2 196
1 216
2 266
2 40
1 81
1 25
1 404
2 341
2 231
2 5
1 234
2 433
1 12
2 469
1 251
2 245
1 294
1 471
2 376
1 316
2 71
2 466
1 449
1 183
2 110
2 360
2 172
1 238
2 318
1 269
1 162
2 218
2 176
1 365
2 401
1 211
2 224
1 296
1 481
1 55
1 17
1 284
1 410
2 74
2 78
1 499
2 58
1 45
2 255
2 136
2 293
1 477
1 22
1 392
1 102
1 296
1 63
2 9
1 304
1 403
2 128
2 324
2 116
1 418
1 481
2 376
2 250
1 492
2 327
2 477
1 180
1 397
2 406
2 66
2 339
1 442
1 368
2 150
2 484
2 204
1 323
2 440
2 134
1 195
2 18
2 240
1 498
2 292
1 245
2 112
2 177
2 252
1 21
1 379
2 172
1 172
2 217
1 67
1 247
2 14
1 488
1 313
2 94
1 388
1 313
1 125
2 108
1 384
2 129
1 485
2 400
1 147
1 471
2 317
2 177
2 333
1 436
2 1
2 101
1 70
2 443
1 253
2 422
1 179
1 102
2 202
2 22
1 468
2 264
1 61
2 466
2 308
2 390
1 133
1 400
2 254
1 248
1 244
2 345
1 71
1 288
1 298
1 324
2 154
2 49
1 231
1 107
2 267
1 50
2 189
2 305
1 495
2 151
1 73
2 12
2 293
2 119
1 312
1 355
2 232
2 31
2 120
2 205
1 336
1 489
1 407
2 317
2 197
2 342
1 313
2 116
2 356
1 195
2 231
1 484
2 7
1 129
1 354
2 216
2 142
1 212
1 200
1 152
2 346
1 370
1 198
2 115
2 423
2 424
2 61
1 319
2 124
1 396
2 483
1 165
2 18
1 376
1 107
1 466
1 373
2 461
1 171
2 327
2 235
1 98
2 8
1 65
2 215
2 107
2 423
1 25
2 350
1 10
1 280
2 111
1 13
2 425
2 350
1 480
1 500
2 435
2 344
1 489
1 163
2 311
1 69
2 230
1 87
2 429
1 269
2 221
2 314
1 167
2 248
1 302
1 74
1 458
1 439
2 31
2 393
2 242
1 28
2 83
1 413
1 332
2 402
1 165
2 49
1 81
2 477
2 396
2 322
1 24
1 151
1 65
1 395
1 357
1 129
2 387
2 302
1 426
1 474
1 122
1 273
2 318
1 289
2 4
1 418
2 74
1 432
1 463
1 443
2 451
2 462
1 316
2 259
2 170
1 34
1 106
2 346
2 408
1 488
2 447
2 289
1 324
1 9
2 250
1 309
1 78
1 389
2 385
1 485
1 83
2 197
1 177
1 463
1 379
1 346
1 206
1 49
2 409
1 19
1 65
1 358
1 97
1 387
2 449
2 387
1 93
2 219
2 477
2 204
2 482
2 236
2 238
2 420
2 398
1 156
1 265
2 455
1 315
2 46
2 416
1 294
1 219
2 481
2 397
1 253
2 289
2 417
1 125
1 376
1 478
1 335
1 396
2 307
1 334
2 473
2 488
1 460
1 482
1 252
2 328
2 461
1 197
2 345
2 417
2 194
1 252
1 487
2 20
1 61
2 350
2 453
2 2
2 247
1 408
1 66
2 206
1 54
1 254
2 74
1 471
2 415
1 498
1 72
1 399
1 222
1 16
2 436
1 143
1 205
1 384
1 137
2 147
1 343
1 440
1 274
1 387
1 335
1 441
2 105
2 242
2 438
1 205
1 479
2 259
2 248
1 304
1 83
1 74
2 201
2 44
1 127
1 14
2 166
1 71
1 497
2 448
1 422
1 11
1 350
1 434
1 115
2 481
2 38
1 325
1 271
2 416
2 150
2 209
2 86
1 437
1 444
1 220
2 388
1 116
2 203
2 186
1 489
2 366
1 424
2 319
1 263
1 146
1 366
2 79
1 486
2 385
2 250
1 145
2 186
1 78
1 364
2 57
1 133
2 229
2 169
2 306
2 133
1 342
1 158
1 301
2 286
1 275
1 493
2 228
1 234
2 270
2 272
1 448
1 452
1 16
1 426
1 50
1 125
1 408
1 163
1 128
2 245
1 40
1 24
2 267
2 276
1 205
2 214
1 154
2 383
1 137
1 343
1 366
2 281
2 452
1 332
2 448
2 184
2 18
2 105
1 167
1 172
2 130
2 78
1 253
1 305
2 267
2 279
1 317
2 108
1 206
1 50
2 220
2 139
2 291
1 372
2 327
2 383
2 483
1 444
1 419
1 328
2 98
1 21
1 17
1 385
1 419
1 375
1 166
2 226
1 460
1 468
2 196
1 447
2 309
1 266
2 489
2 115
1 51
2 203
2 115
2 140
2 20
1 375
2 231
1 196
1 253
2 180
2 364
1 479
1 367
1 102
2 40
1 144
1 203
1 360
2 432
1 53
2 365
2 339
2 231
1 137
2 196
1 283
2 146
2 434
1 208
2 219
1 103
1 41
2 60
2 325
2 252
2 294
1 8
1 63
1 166
2 220
2 218
2 124
2 115
2 227
2 444
2 274
1 10
1 406
2 66
1 60
2 310
2 285
2 336
2 406
2 101
1 418
1 480
2 33
1 449
2 120
1 407
2 493
1 59
1 337
1 479
1 293
2 100
2 309
2 479
2 140
2 192
2 100
2 449
1 116
2 94
1 345
1 480
2 268
1 235
1 366
2 351
1 57
1 290
1 88
1 80
2 198
2 135
2 293
2 281
1 184
1 347
1 226
2 216
2 68
1 300
2 367
1 442
2 303
2 140
1 350
2 469
2 341
2 48
2 390
1 393
2 405
2 304
1 417
2 178
2 321
2 417
2 330
2 313
1 293
2 374
2 23
1 393
1 500
1 348
2 471
1 165
1 331
1 209
2 487
2 83
2 215
1 345
2 414
2 28
1 461
2 200
1 446
2 199
1 236
1 186
2 138
2 434
1 170
1 270
1 232
2 314
2 408
1 343
2 19
1 26
2 123
1 462
1 22
1 365
2 58
2 315
2 105
1 218
1 94
2 282
2 191
2 123
1 457
2 270
2 335
1 453
2 225
2 24
1 278
2 2
2 143
2 381
2 268
1 20
2 437
2 38
2 100
1 429
1 477
1 382
2 197
1 119
2 452
1 18
1 234
1 64
1 40
2 474
2 98
1 20
1 146
2 217
2 420
2 152
1 46
2 58
2 219
1 15
1 22
2 251
2 256
2 335
2 315
1 101
1 301
1 298
2 380
1 395
1 362
2 47
2 283
2 1
2 484
1 23
2 252
2 464
2 291
1 301
2 105
2 369
1 373
1 56
1 383
1 403
1 52
1 2
2 258
2 335
2 370
2 98
2 186
2 127
1 210
2 433
1 179
2 71
2 22
1 7
1 132
2 499
2 62
1 17
2 354
1 412
2 264
2 47
2 273
2 277
1 303
2 147
1 213
1 88
1 399
1 341
1 207
2 417
1 42
2 291
1 488
1 322
1 266
2 52
1 245
1 223
1 240
2 381
1 142
1 389
2 414
2 274
1 271
1 91
2 475
2 412
1 286
2 417
2 305
2 292
1 500
1 97
1 235
2 43
1 148
1 120
2 364
1 384
2 287
2 151
2 59
1 427
2 146
2 99
2 15
2 352
2 404
1 106
1 128
1 218
2 283
2 40
2 434
2 133
2 101
2 333
1 196
2 208
2 306
1 495
1 48
1 38
1 145
2 145
1 143
1 399
2 403
1 423
1 64
2 408
2 189
2 28
1 351
2 77
1 96
2 328
1 269
2 299
2 212
2 389
1 9
2 482
2 428
2 98
2 311
1 359
1 98
1 235
1 176
2 456
1 86
2 119
1 351
2 470
1 63
1 267
2 496
2 333
2 5
2 118
2 140
1 18
2 66
2 184
2 267
1 364
1 273
1 409
1 250
2 37
2 440
1 235
1 404
1 62
1 54
2 74
2 7
1 281
1 196
1 16
1 455
1 18
2 213
1 54
2 8
2 479
1 246
2 87
2 336
1 56
2 179
2 433
2 72
2 460
2 29
2 81
2 58
1 413
2 375
1 437
2 261
1 34
1 183
1 6
2 119
2 259
2 393
1 37
2 108
1 83
1 323
2 470
1 260
2 354
2 405
1 221
2 408
1 22
2 225
1 461
2 291
1 344
2 114
1 499
1 228
1 209
1 244
2 133
1 265
2 342
2 128
1 185
1 167
1 478
2 84
1 437
1 8
1 56
1 364
2 195
2 488
2 196
2 433
1 438
2 166
2 217
1 44
2 33
1 458
1 304
2 299
2 266
1 76
1 483
2 80
2 233
2 284
1 149
1 108
2 117
2 217
2 270
2 86
1 174
2 15
1 436
2 422
1 323
2 226
1 288
2 334
1 371
2 300
1 184
2 458
1 31
1 485
2 138
1 158
1 464
2 141
2 337
1 304
2 262
2 316
1 334
2 273
1 469
1 427
1 330
1 156
1 262
1 364
2 61
1 62
1 46
1 479
1 319
1 393
2 162
1 333
2 412
2 51
1 380
2 383
2 213
1 273
1 381
1 76
2 361
1 169
1 43
2 140
1 280
1 146
2 443
1 288
1 139
1 233
1 18
2 79
1 209
2 407
2 338
2 382
2 472
1 104
1 48
2 431
2 126
1 471
1 258
1 421
1 447
2 265
2 472
2 398
1 193
2 120
2 139
2 229
1 402
1 179
2 75
1 479
1 389
1 120
1 59
1 393
1 397
1 174
1 500
2 399
2 227
1 75
2 371
2 30
1 134
2 73
1 22
2 112
1 204
2 408
2 474
1 472
1 161
2 89
2 67
2 57
1 209
2 362
2 433
1 202
1 304
1 330
2 381
2 86
1 375
2 50
1 497
2 70
2 165
1 169
1 349
2 229
2 207
1 487
2 185
1 261
1 166
1 164
1 234
1 481
1 94
2 159
1 51
1 99
1 238
2 151
1 196
2 494
1 172
1 245
2 19
2 196
1 446
1 81
2 313
1 138
1 444
1 348
1 376
1 413
2 416
2 50
2 145
2 365
2 374
2 25
1 465
1 428
1 431
1 292
2 421
2 1
1 428
1 62
2 497
1 119
1 93
1 375
2 414
2 405
2 51
2 31
2 1
1 128
2 169
2 378
1 51
1 157
1 281
1 133
2 396
2 392
1 475
1 76
1 60
2 27
1 261
2 328
2 218
2 248
1 77
2 327
2 206
1 457
1 405
2 466
1 43
2 287
2 327
2 257
1 195
2 348
2 43
2 420
1 334
2 349
1 143
1 389
1 363
2 37
2 137
1 67
2 210
2 400
1 419
1 126
2 142
2 124
1 351
2 147
1 61
2 446
2 22
1 106
1 234
1 3
1 495
2 252
1 125
2 444
1 10
2 212
2 393
2 186
2 229
1 279
2 179
1 195
1 261
1 436
1 293
1 67
2 358
1 195
1 321
1 229
1 58
2 185
1 127
1 44
1 54
1 496
1 249
2 283
2 342
1 206
2 7
1 273
1 442
2 50
1 308
1 295
2 422
2 18
2 201
1 256
1 87
2 189
1 441
2 48
2 393
1 121
2 25
2 467
1 64
1 79
2 349
1 440
2 204
2 171
1 74
1 9
2 28
2 200
2 20
2 455
1 352
2 14
2 319
1 194
1 199
2 457
1 350
1 170
2 56
1 309
1 469
2 142
1 218
2 168
2 439
1 500
2 48
2 19
2 345
1 452
2 188
1 442
2 155
2 294
2 6
1 192
1 122
2 174
2 25
2 427
2 463
1 105
1 291
2 228
2 39
1 381
1 439
2 467
1 489
1 156
2 65
2 320
1 383
2 377
2 186
2 73
1 81
1 9
2 4
2 209
1 472
2 472
1 115
1 207
1 401
1 450
2 412
2 150
1 114
1 200
2 181
2 298
2 154
1 483
2 98
2 51
2 483
1 331
1 311
2 53
2 251
1 175
1 122
1 456
2 406
2 385
1 131
1 198
1 340
1 293
2 74
2 358
1 216
1 153
1 76
2 88
1 58
1 340
1 289
2 414
1 153
2 131
1 332
1 419
2 359
2 312
1 405
2 340
1 60
1 497
2 401
1 165
1 197
1 489
1 150
2 383
1 405
1 289
1 45
1 111
1 122
1 39
2 294
1 350
2 74
2 191
1 282
2 283
2 210
1 20
2 26
1 365
1 119
2 369
1 416
2 419
1 252
2 120
2 187
2 249
1 167
1 85
2 146
2 131
1 490
1 418
2 403
1 148
1 139
2 37
1 347
2 295
2 115
1 143
2 235
1 264
2 35
1 201
1 67
2 387
1 184
2 275
2 438
1 312
1 142
1 482
2 358
1 87
1 42
2 125
1 324
1 28
1 440
2 390
1 411
1 265
2 432
2 385
1 165
1 297
1 247
1 146
1 258
1 427
2 165
2 426
1 143
2 50
1 33
2 439
1 66
2 242
1 446
1 71
1 25
2 119
2 201
2 226
1 200
1 460
1 55
2 56
2 41
2 130
1 395
1 221
1 122
1 13
2 291
2 28
2 154
2 437
1 115
1 15
1 165
1 382
2 62
2 267
1 245
1 27
2 463
2 450
2 264
2 355
1 397
2 72
1 233
1 459
2 373
2 216
1 150
2 108
2 237
2 165
2 270
2 471
2 494
2 373
2 235
2 163
2 461
1 385
2 94
2 243
1 168
2 3
2 259
2 380
1 337
1 328
1 438
2 394
2 71
1 40
2 493
1 287
2 435
2 350
1 218
1 346
2 254
1 53
2 162
1 212
1 179
2 160
2 189
2 399
2 171
1 415
2 491
1 319
1 76
1 305
2 464
1 29
2 202
1 433
2 365
1 213
1 35
1 12
2 276
1 334
1 52
1 312
1 301
2 171
2 2
1 21
2 477
1 238
1 483
1 393
2 166
2 242
1 180
2 422
2 367
2 105
1 207
1 311
2 250
1 235
1 161
1 420
2 157
2 19
2 179
2 337
1 219
2 43
1 183
1 204
2 275
1 318
2 428
2 487
2 314
1 280
1 33
1 462
2 60
1 31
1 390
2 433
1 297
2 357
1 143
2 380
2 72
1 397
2 178
2 28
2 160
2 464
1 210
2 84
1 257
1 359
1 333
1 458
2 118
1 460
1 78
1 28
1 389
1 500
1 363
2 56
1 186
2 66
2 147
2 16
2 115
2 253
2 166
1 279
2 375
2 247
2 430
1 454
1 402
2 235
1 332
1 137
2 364
1 263
1 55
2 265
2 5
2 319
1 78
2 156
1 39
1 256
1 28
2 489
2 162
2 44
2 216
1 361
2 234
2 441
1 457
2 308
2 425
1 334
1 426
1 157
2 95
2 284
1 121
2 254
1 347
2 126
2 329
1 493
1 165
2 201
2 489
1 434
2 337
2 118
1 312
2 226
2 187
1 232
2 134
1 293
1 486
1 394
1 108
2 79
1 171
2 96
1 490
2 276
1 500
1 440
2 20
2 69
1 378
2 216
2 342
1 195
2 278
1 493
2 178
2 360
2 54
2 360
2 336
2 73
2 232
1 349
2 380
1 12
1 422
1 472
2 439
1 441
1 458
2 304
2 208
2 483
2 322
1 155
2 181
2 195
1 442
2 367
1 312
1 431
2 309
1 199
1 124
1 315
2 424
2 67
2 485
1 95
1 95
1 166
2 180
1 391
1 107
2 443
1 338
2 207
2 330
2 246
2 396
1 385
1 30
1 154
2 205
2 24
2 350
1 278
2 105
1 2
2 480
1 333
2 372
2 315
1 295
1 6
2 472
2 362
2 46
2 219
1 115
2 400
1 488
2 197
1 48
1 155
2 346
2 196
2 377
1 270
2 274
1 213
2 222
1 449
2 293
1 16
2 114
2 427
2 296
2 44
2 24
1 74
2 36
2 438
1 130
2 139
2 186
2 351
2 129
1 173
2 171
1 31
1 159
2 88
1 431
2 500
2 33
2 175
1 193
1 36
2 171
1 429
1 376
1 115
1 283
2 276
2 31
2 440
2 115
2 346
1 361
2 352
2 270
1 165
1 138
1 488
1 373
2 15
1 400
2 252
1 472
2 486
1 185
2 42
1 7
2 197
2 83
1 112
1 425
1 18
1 327
2 73
2 273
1 446
1 420
2 205
2 428
1 244
1 170
2 115
1 23
2 247
1 414
1 161
2 337
1 104
2 387
2 361
2 116
1 35
2 59
2 130
1 133
2 301
1 10
1 182
1 282
1 341
1 137
1 386
2 235
2 135
2 165
2 132
1 356
1 19
1 256
1 399
1 372
1 246
2 319
2 117
1 206
2 147
1 14
1 166
2 21
1 369
2 350
1 317
2 17
2 119
2 186
2 216
2 420
2 494
1 239
1 42
1 270
1 489
1 220
1 384
1 9
1 424
1 456
1 63
1 130
2 448
2 253
1 76
2 124
2 114
2 30
2 158
2 195
2 434
1 4
2 153
2 421
1 370
1 372
1 199
2 168
2 168
2 162
2 445
2 15
1 351
1 65
2 194
2 359
1 172
1 296
1 374
1 455
1 443
1 231
1 179
2 492
1 319
2 292
2 141
1 172
1 349
1 352
1 346
1 21
2 423
2 44
2 384
2 244
2 176
1 172
1 224
2 51
1 19
1 360
2 499
1 2
2 471
2 93
2 266
2 37
2 133
2 337
2 431
1 47
1 257
1 312
2 436
1 78
1 56
1 464
1 321
1 105
2 170
2 459
1 161
1 476
1 428
1 14
1 95
1 315
2 481
1 35
1 340
2 221
2 402
1 300
1 1
1 216
2 452
2 458
2 22
2 258
2 448
2 158
1 34
1 244
1 302
2 281
2 95
2 387
1 36
1 273
2 294
1 59
2 14
1 209
2 4
1 187
2 440
1 492
2 372
2 338
2 69
1 165
2 322
2 362
1 440
1 246
2 326
1 330
2 375
1 78
1 60
1 328
2 312
2 176
2 257
2 207
1 335
2 192
1 273
1 13
1 391
1 297
1 265
1 407
2 367
1 16
1 451
2 277
1 365
1 148
1 316
1 151
1 428
1 158
1 99
1 264
1 132
1 57
1 389
2 387
2 150
1 33
2 449
2 66
2 464
1 138
2 123
1 133
2 334
1 102
1 311
2 273
1 128
1 42
1 144
1 123
1 385
2 98
2 167
2 350
1 80
2 112
2 479
1 105
1 385
1 95
1 423
1 341
1 197
1 418
1 365
1 189
1 398
1 286
1 301
2 397
1 326
1 434
1 104
1 319
1 96
2 387
1 280
1 419
1 313
1 372
1 79
1 279
1 346
1 243
1 51
2 229
1 499
2 31
1 52
2 441
2 113
1 16
2 259
2 220
2 326
2 100
2 3
1 84
1 294
2 345
1 317
2 71
2 87
2 268
2 153
2 489
2 240
2 157
1 143
2 68
1 171
1 76
2 397
1 372
1 190
1 385
1 493
2 25
2 259
1 421
2 204
1 28
2 266
1 440
1 116
1 79
2 379
2 163
2 370
2 169
2 454
2 120
1 64
1 377
1 288
2 85
2 206
1 286
2 499
2 82
2 436
2 253
1 371
2 293
1 153
2 2
2 217
2 52
1 117
1 454
1 77
1 246
1 353
2 457
2 108
1 317
2 254
2 209
1 188
2 67
1 313
1 446
2 41
1 13
2 129
1 412
2 355
2 339
2 40
2 409
2 36
1 393
1 146
2 265
2 305
1 25
2 251
1 350
2 171
1 299
1 179
1 356
2 219
1 91
1 192
2 108
1 76
1 221
1 305
2 258
2 20
1 78
2 456
2 413
1 140
1 277
1 421
2 202
2 382
1 100
1 142
2 5
1 59
2 495
2 413
1 323
2 238
1 203
2 30
2 22
2 178
2 338
2 135
2 441
1 182
2 441
1 99
2 245
2 373
2 223
1 194
1 218
2 149
1 327
2 238
2 199
1 499
2 218
2 75
1 352
2 198
2 284
2 441
1 305
1 470
1 451
2 277
1 446
2 143
1 103
1 472
1 499
1 338
1 454
1 374
1 224
2 450
2 71
1 386
1 407
2 107
2 370
2 228
2 307
1 438
1 102
1 63
1 379
1 316
2 15
2 342
2 463
2 245
1 384
2 261
2 337
2 499
1 249
2 372
2 448
1 316
2 71
1 353
2 129
1 337
1 60
1 234
1 320
1 407
1 164
2 346
2 385
1 410
2 422
1 392
1 295
2 474
2 289
1 369
2 345
1 264
1 235
2 278
2 179
1 258
1 407
2 46
2 298
1 128
1 89
2 145
2 429
1 451
2 296
2 486
1 376
2 396
2 98
2 17
1 412
1 321
1 80
2 461
2 174
1 152
1 310
1 348
1 266
1 159
2 320
1 52
1 96
2 158
2 175
1 172
2 151
2 256
1 63
1 458
1 155
1 53
1 257
1 406
1 401
1 434
1 59
1 267
1 488
1 199
2 301
1 101
2 418
1 180
1 424
1 419
1 451
2 394
2 74
2 81
1 214
1 46
1 55
1 129
2 440
2 57
1 401
2 43
1 364
1 150
2 63
1 365
2 243
1 72
1 260
1 142
2 17
2 448
1 202
1 466
2 107
1 233
2 30
2 176
2 348
2 180
2 449
1 275
2 5
1 210
1 349
2 440
1 241
2 141
2 166
1 435
1 479
2 278
1 145
1 252
2 482
2 107
1 326
2 324
1 79
1 297
2 236
1 496
2 474
1 271
1 93
2 263
2 76
2 282
1 198
1 64
2 316
1 313
1 255
1 175
2 21
1 463
2 59
2 437
2 446
2 376
2 115
1 313
1 30
2 262
2 480
2 110
2 199
1 140
2 261
2 137
1 490
2 242
1 409
1 284
2 236
2 393
1 149
2 244
1 151
2 109
1 33
1 277
2 343
1 387
2 82
2 236
2 474
2 471
1 154
1 88
2 117
1 443
2 389
1 146
2 42
1 21
1 175
2 361
2 212
2 472
1 122
2 216
2 36
1 180
2 144
1 282
1 451
1 228
2 261
2 230
1 331
1 431
2 46
2 374
2 38
2 106
2 255
1 457
1 211
1 35
1 107
1 317
1 243
1 248
2 121
2 8
2 226
1 159
2 81
1 84
1 432
2 480
2 362
1 180
2 275
1 130
1 381
2 143
2 46
1 329
1 71
1 320
1 478
2 271
1 214
1 27
1 394
1 184
1 145
2 180
2 429
2 4
2 459
1 284
2 240
1 22
1 152
1 457
2 172
2 38
2 284
1 382
1 273
2 433
2 132
1 187
1 124
2 220
2 40
2 439
2 171
1 292
1 5
2 450
1 179
2 265
2 254
1 492
1 415
1 442
1 91
1 457
1 170
1 148
1 235
1 44
2 250
1 226
1 436
2 430
1 365
1 280
1 43
2 143
2 250
1 354
1 63
1 54
2 190
2 498
1 491
2 328
1 228
2 493
2 431
1 481
2 319
1 264
1 87
1 170
1 193
1 176
2 185
2 43
1 133
1 149
2 433
1 214
1 380
2 175
1 332
2 308
2 118
2 216
1 32
2 392
1 112
2 35
2 147
2 22
2 469
2 106
2 498
2 264
1 377
1 391
2 444
2 63
1 325
1 469
2 14
1 284
1 278
1 274
1 247
2 407
2 317
1 319
2 34
1 396
2 372
1 323
2 188
2 432
2 14
2 73
2 464
1 356
1 174
2 369
1 128
2 486
1 490
1 110
1 237
2 286
1 495
1 275
1 196
1 398
2 310
1 439
1 326
2 15
2 127
2 270
1 362
2 50
2 410
2 78
1 368
2 106
1 174
1 247
2 289
2 429
2 318
1 372
2 366
1 345
1 472
1 246
2 220
2 240
2 157
2 127
1 384
1 237
2 315
1 278
2 332
1 53
2 277
1 144
1 13
1 486
2 306
2 373
2 229
1 6
2 281
1 261
1 67
2 72
2 184
2 187
2 111
1 16
2 15
2 381
1 350
1 216
2 300
1 32
1 200
2 264
1 372
1 495
1 225
1 22
1 119
1 127
2 299
1 467
1 4
2 45
2 416
1 212
2 347
2 94
1 483
1 229
1 233
2 495
2 493
1 69
2 75
2 43
1 40
2 391
2 208
2 99
2 194
1 190
1 256
2 142
1 492
1 443
2 297
2 385
2 304
2 103
2 351
2 104
1 5
1 284
1 280
2 39
2 396
1 216
1 362
2 389
1 79
1 282
2 120
1 15
1 323
2 154
2 465
2 267
2 454
1 33
2 136
2 57
1 150
1 183
2 129
2 216
2 106
2 433
1 367
2 1
2 267
1 213
2 466
2 199
2 381
2 3
1 5
2 399
1 330
2 17
1 356
1 16
2 433
1 38
2 246
1 339
1 395
2 94
1 234
2 130
1 227
1 481
1 190
1 237
1 312
2 181
2 41
2 332
2 496
2 475
1 259
2 105
2 67
2 217
1 195
1 265
2 330
1 356
2 477
2 242
1 401
2 159
2 471
1 117
1 210
2 59
1 255
1 177
1 66
2 473
1 442
1 236
2 335
1 494
2 388
2 302
1 361
1 81
2 153
2 1
2 140
2 386
1 74
1 419
2 306
1 454
1 481
1 222
2 133
2 477
1 6
1 159
1 294
2 401
1 288
2 364
2 459
1 24
2 163
2 227
2 186
2 420
1 222
2 332
1 208
1 77
2 141
2 430
1 178
1 84
2 82
2 95
2 48
1 129
2 412
2 383
2 387
1 114
1 442
2 165
2 456
2 65
2 180
2 382
2 28
2 25
1 116
2 206
2 440
1 77
1 392
2 152
2 260
1 90
1 414
2 406
1 199
2 318
1 169
2 290
1 368
1 9
2 136
1 349
1 103
1 131
2 236
1 477
1 399
1 401
2 24
1 34
2 128
2 156
1 401
1 344
1 111
1 102
2 270
2 174
1 228
1 218
2 85
1 310
1 464
1 500
2 368
2 413
2 383
2 291
2 14
1 403
1 337
1 222
1 454
2 182
2 198
2 496
2 149
2 322
1 367
2 450
1 353
2 80
2 431
1 221
1 355
2 271
1 127
2 353
1 239
1 465
2 489
1 423
2 116
1 248
1 416
2 215
1 411
2 58
2 16
1 488
2 253
2 118
2 103
1 14
2 208
1 129
1 289
2 184
2 498
2 386
2 331
2 236
1 99
2 434
1 423
1 188
2 384
2 257
1 127
1 178
1 100
2 381
1 413
1 292
2 198
1 27
1 482
2 121
1 407
2 45
2 180
2 207
2 389
2 252
2 437
2 200
1 439
1 423
1 495
2 114
1 244
1 72
2 106
1 156
2 450
1 397
2 432
1 247
2 270
1 187
1 131
2 241
2 318
1 272
2 82
2 208
2 81
2 253
1 27
1 402
1 107
2 309
2 106
2 63
2 257
2 433
2 487
2 455
2 40
2 321
2 315
1 149
2 363
2 285
2 308
1 68
2 188
1 9
2 135
2 20
2 171
1 277
1 476
2 166
1 161
1 488
1 69
2 426
2 37
1 171
2 248
2 315
2 466
2 80
1 393
2 342
2 254
1 424
2 53
2 96
2 426
1 244
2 72
1 277
1 379
1 8
1 38
1 413
2 496
1 307
1 294
1 155
2 118
1 479
1 167
2 86
1 362
1 438
2 499
2 244
2 366
1 355
2 425
2 109
2 462
2 160
2 267
1 5
1 392
2 257
1 261
1 353
1 23
2 406
2 209
1 250
1 253
1 328
2 222
1 97
2 55
2 141
2 422
2 408
2 479
1 74
1 209
2 213
1 273
2 104
2 120
2 406
1 160
2 252
2 372
2 267
1 309
2 450
1 403
2 395
1 224
1 121
2 450
2 16
1 303
2 54
1 28
2 349
2 43
2 272
2 301
1 192
2 445
1 190
2 202
1 80
1 256
1 210
2 237
2 279
2 399
1 165
1 143
2 465
2 465
1 451
2 125
2 225
2 340
2 268
2 202
2 466
2 251
2 14
2 455
1 377
1 475
2 131
2 406
2 154
1 34
1 487
2 302
2 227
2 477
1 34
2 45
2 487
2 378
1 281
1 495
2 37
1 402
1 290
2 466
2 28
1 103
1 158
1 429
1 397
2 434
1 287
1 280
1 272
2 477
1 193
1 412
2 145
2 248
1 471
1 81
2 417
2 216
1 438
1 161
1 253
1 115
2 423
2 164
1 255
2 449
2 316
2 28
1 25
2 97
1 192
2 198
1 211
2 33
2 261
1 186
2 139
2 403
1 399
2 459
2 411
1 452
1 472
2 37
1 105
2 195
2 162
1 108
1 9
2 224
2 186
1 133
1 266
2 89
1 305
1 20
2 159
2 440
1 153
1 329
1 461
1 258
1 119
2 345
2 357
2 247
1 182
2 70
2 470
1 462
1 409
2 341
2 156
1 48
1 460
2 417
1 252
1 41
1 243
2 349
2 157
2 493
1 30
1 488
2 423
2 124
1 134
1 102
2 448
1 448
2 378
2 326
2 242
1 202
1 454
1 435
2 497
2 152
1 192
1 376
1 440
2 149
2 315
2 65
1 252
2 20
2 81
2 461
1 414
1 10
2 212
1 181
1 74
2 437
2 324
1 82
2 14
2 40
1 481
1 441
1 468
1 212
1 8
1 74
2 185
2 492
1 230
1 159
2 356
2 419
2 110
1 294
1 82
2 303
1 436
1 497
1 55
1 155
2 231
1 335
1 162
1 15
2 350
1 397
2 120
2 384
1 167
2 205
1 361
2 162
1 102
1 403
2 70
1 423
1 137
2 419
2 287
1 393
1 459
1 192
1 456
2 11
1 455
2 74
2 426
2 315
2 96
2 239
2 126
2 317
2 122
2 117
1 20
2 395
1 150
1 408
1 13
1 431
2 337
1 134
1 90
1 140
1 16
2 202
1 391
1 460
1 105
1 123
1 436
2 454
1 455
2 395
2 482
2 137
1 181
1 431
1 421
2 159
2 153
2 134
2 378
2 259
1 20
2 458
2 250
2 244
1 123
1 226
1 167
1 274
2 336
1 320
1 126
2 396
1 191
2 173
1 325
2 254
1 163
2 3
1 325
1 319
2 88
1 402
1 110
2 304
2 231
2 404
1 305
1 486
2 32
1 119
2 292
1 52
1 286
1 70
1 152
1 408
2 284
2 344
2 336
2 189
1 473
1 273
1 95
1 476
2 119
1 335
1 317
1 68
1 440
2 63
2 376
1 181
2 131
1 403
1 22
2 235
1 239
2 475
2 469
2 311
2 396
2 201
2 383
1 166
1 256
2 116
2 402
1 494
1 171
1 349
1 191
2 37
2 442
1 113
1 314
1 52
2 420
1 273
1 223
2 327
1 371
1 313
1 237
1 156
2 53
1 450
2 291
2 375
1 350
1 345
2 115
1 223
1 352
1 40
1 286
1 404
1 160
1 131
1 373
1 7
2 494
1 224
1 294
1 219
2 289
2 9
2 162
1 289
2 227
1 439
1 45
1 223
1 261
2 304
2 491
1 261
1 117
1 471
2 434
2 257
1 455
1 477
1 349
2 481
2 444
2 290
1 112
1 396
1 216
2 208
1 360
1 393
1 304
2 90
2 255
2 162
2 464
1 29
1 254
2 238
2 279
2 241
1 242
1 465
2 38
1 367
2 491
2 76
1 178
1 86
1 364
1 345
2 237
2 490
2 233
2 391
2 457
2 104
1 118
1 358
2 91
1 255
2 39
2 79
1 200
1 351
2 411
2 241
1 419
1 342
2 308
1 13
1 67
1 165
1 35
1 43
2 450
2 58
1 331
1 407
1 299
2 444
1 304
1 413
1 413
1 373
1 189
2 335
2 353
2 291
2 373
2 364
1 333
2 161
1 408
2 397
1 175
2 471
1 24
2 200
2 488
1 8
2 160
2 431
1 45
2 103
2 257
1 90
1 238
1 457
2 20
2 54
2 45
2 24
2 259
2 357
2 498
1 423
1 410
2 373
2 278
2 223
1 292
2 327
2 266
2 25
1 340
2 332
1 307
2 304
2 282
1 311
2 228
2 140
2 142
2 295
2 191
1 156
2 182
2 363
2 321
1 84
1 170
2 44
1 122
2 392
2 359
2 385
1 491
2 74
1 93
2 402
2 238
1 265
2 244
1 217
1 367
2 76
1 67
2 215
1 317
1 146
2 160
2 112
2 111
1 134
2 258
1 337
2 445
1 117
1 81
2 455
2 337
1 38
1 148
1 147
2 357
2 343
2 27
2 371
2 196
1 191
2 391
2 151
2 480
2 226
1 303
2 62
1 210
2 247
1 350
2 378
2 389
1 279
2 378
2 403
2 4
2 377
2 472
2 433
2 497
2 215
1 191
1 143
1 375
2 461
1 337
1 134
1 410
1 492
2 412
2 212
1 487
1 162
1 171
1 261
2 104
2 170
1 250
1 398
1 256
1 404
2 400
2 170
2 153
2 299
1 55
1 331
1 154
1 203
1 290
2 342
2 289
1 391
2 27
1 218
2 349
2 79
1 362
1 260
1 408
2 429
2 124
1 60
2 455
1 100
1 429
1 193
2 157
2 311
2 222
2 169
1 1
2 22
1 346
2 227
1 43
1 420
2 119
2 295
2 92
2 21
1 40
2 441
1 147
2 82
1 131
2 141
1 201
1 197
2 147
1 4
2 283
2 59
2 253
1 325
1 100
2 68
2 261
1 38
2 110
2 126
2 73
2 76
1 132
1 172
1 47
2 171
2 449
2 81
2 434
1 396
2 102
2 375
2 322
1 121
1 383
2 24
2 69
2 228
1 222
2 182
2 425
1 449
2 284
1 425
1 287
2 454
1 339
2 454
2 92
2 444
1 25
2 429
2 417
1 496
1 259
2 258
2 232
2 260
1 88
1 437
1 60
1 113
2 70
2 411
1 493
1 135
2 172
2 165
1 71
1 429
2 189
2 215
1 245
1 139
1 10
2 57
2 169
2 319
1 439
2 251
2 434
1 151
2 300
2 396
1 327
2 402
2 363
2 138
2 442
2 290
2 407
1 224
2 366
1 165
2 271
2 439
1 4
1 161
1 256
1 377
1 232
2 300
1 247
1 52
1 270
2 491
1 38
1 103
1 107
2 412
2 385
1 433
2 291
2 44
2 204
1 184
1 402
1 233
1 477
2 188
1 477
1 125
2 95
2 474
2 197
2 282
1 86
1 322
2 10
2 479
2 136
1 352
1 497
2 37
2 221
1 70
2 457
2 415
2 273
1 104
1 124
2 255
1 302
1 290
2 292
1 227
2 281
2 316
1 15
2 454
2 132
1 135
2 70
1 491
1 141
1 15
2 182
2 178
2 344
2 145
2 438
1 266
1 302
2 199
1 137
2 402
2 28
1 209
2 437
2 142
1 497
2 194
1 277
2 13
2 41
2 459
1 232
1 399
2 157
1 200
2 102
2 413
2 489
2 77
2 172
1 2
1 226
2 345
2 269
2 475
2 218
2 490
2 157
2 334
2 190
2 457
2 486
1 123
1 490
2 250
2 268
1 328
1 150
2 348
2 85
1 431
1 106
2 103
1 161
1 278
1 320
2 344
2 456
1 130
2 16
1 458
2 335
2 480
1 13
2 254
1 352
2 251
1 457
2 275
2 140
1 170
1 139
2 116
1 330
1 38
2 329
2 331
2 336
1 498
1 341
1 297
2 140
1 354
1 252
1 416
1 180
2 203
1 301
1 263
1 267
2 326
2 499
1 109
1 170
2 34
2 62
1 55
2 81
1 500
2 387
2 76
2 203
1 88
2 447
2 484
1 3
2 160
2 168
2 39
1 79
1 348
1 105
1 44
1 13
2 370
2 161
2 169
2 222
2 217
1 459
1 233
2 360
2 17
2 365
1 216
2 478
1 138
2 168
1 472
1 427
2 283
2 285
1 301
1 411
2 229
2 68
1 33
2 58
1 157
1 456
2 68
1 435
2 220
2 237
1 486
2 383
1 101
2 71
1 376
2 269
1 202
1 417
1 466
1 487
1 99
2 494
1 228
2 222
2 235
1 489
1 472
2 488
1 241
1 324
1 390
1 423
2 131
1 29
1 17
2 422
1 309
2 133
1 47
2 186
2 164
1 353
1 248
1 411
1 101
2 307
1 30
1 285
2 421
2 312
2 179
2 52
1 500
2 79
1 391
2 31
1 142
2 393
1 426
1 81
1 390
1 71
2 117
2 135
2 371
2 325
1 31
2 241
1 265
2 428
2 435
1 264
2 192
2 22
2 312
1 198
2 341
1 175
2 475
1 345
2 108
1 98
1 250
1 20
1 9
2 372
2 256
2 223
2 143
1 267
1 198
1 358
1 83
2 347
2 194
2 106
2 64
2 290
2 393
2 30
2 255
2 195
1 388
1 308
1 365
1 188
1 389
2 100
1 429
1 232
1 340
2 126
1 40
1 420
1 224
1 184
2 202
1 192
2 351
1 471
1 277
1 277
1 54
1 341
2 377
1 308
2 409
1 324
1 201
2 83
1 44
1 458
1 199
1 38
1 205
1 265
2 369
2 498
2 473
1 109
2 262
1 417
1 53
1 173
2 187
2 233
1 224
1 179
1 43
2 471
2 76
2 80
2 480
2 219
1 119
2 4
1 446
2 253
2 364
2 307
1 31
2 132
1 81
1 175
2 378
1 426
1 84
2 250
2 285
1 218
2 146
1 486
2 346
1 293
2 14
1 111
1 490
1 297
1 255
1 249
2 321
1 86
1 30
2 171
1 154
1 273
2 313
1 93
1 348
1 219
2 189
2 257
1 274
2 452
1 228
1 160
1 225
2 156
1 283
1 123
1 417
2 438
1 5
2 91
1 120
2 416
1 489
1 189
1 77
1 142
1 191
2 204
2 102
2 224
1 36
2 24
1 241
2 385
2 195
1 300
1 488
1 325
2 239
1 442
2 5
2 119
1 88
1 314
2 32
1 424
2 236
2 222
1 260
2 73
1 286
1 120
2 439
1 101
1 309
2 344
1 477
1 361
1 135
1 252
1 415
1 436
1 474
1 126
2 116
1 39
2 273
1 25
1 305
1 93
1 372
1 279
1 250
2 412
1 368
2 402
2 42
2 432
1 346
2 100
2 310
1 65
2 499
1 498
1 419
1 269
1 25
2 489
1 241
1 10
1 267
2 242
1 99
1 323
2 434
2 109
1 412
1 178
2 115
2 66
2 116
1 26
1 436
1 266
1 266
2 487
1 389
2 339
2 254
1 135
2 288
1 282
2 269
2 313
2 485
1 119
1 267
1 92
1 9
2 81
1 335
1 305
2 296
1 61
2 361
1 87
1 291
2 50
2 179
2 145
1 444
2 115
2 110
1 264
1 414
2 244
1 264
1 470
2 247
2 459
2 430
2 106
1 117
1 482
1 74
1 311
2 92
2 79
2 483
2 22
1 391
2 348
1 17
2 64
2 51
1 370
1 270
2 403
2 334
1 34
2 361
1 276
1 120
1 4
1 252
1 54
1 142
2 147
1 421
1 421
1 435
1 155
2 116
1 91
1 441
1 60
1 319
2 105
1 393
2 96
1 486
2 138
2 253
1 285
2 198
2 496
1 198
2 336
2 60
1 466
1 253
1 5
2 212
1 65
1 70
1 100
2 12
2 33
1 372
2 436
2 77
1 201
1 286
1 439
2 166
1 48
1 133
2 193
2 14
2 300
2 120
2 341
2 135
2 246
2 246
2 427
1 316
2 448
2 367
1 149
1 493
2 153
1 101
2 174
1 305
2 252
1 224
1 258
1 168
2 68
2 36
2 439
2 325
1 8
2 123
1 74
2 204
2 444
1 275
2 473
1 442
1 207
2 167
2 374
2 319
1 451
1 140
2 409
1 126
1 155
1 423
1 67
2 158
1 486
2 331
2 216
1 34
1 140
2 238
2 91
2 306
2 262
2 282
1 261
2 289
2 359
1 198
2 394
1 490
2 140
1 41
2 295
2 128
1 479
1 299
2 274
1 461
2 253
1 409
2 353
2 131
2 112
1 339
2 35
1 236
1 352
1 232
1 54
1 432
1 429
1 452
1 185
2 440
2 210
1 301
1 101
2 476
1 111
1 69
2 346
1 171
2 283
1 194
2 113
2 72
2 206
1 94
2 140
1 179
2 437
1 263
2 114
1 101
1 256
2 369
2 176
2 149
1 440
1 498
2 171
1 445
1 445
2 118
1 276
2 284
1 480
1 249
2 340
2 169
2 221
2 47
1 427
2 57
1 240
2 122
1 476
2 138
1 457
2 355
1 255
1 295
1 240
2 179
2 95
2 25
2 383
2 62
2 321
2 378
1 25
1 174
1 418
2 271
1 417
2 309
1 114
2 257
2 202
2 135
1 133
2 315
2 433
1 27
2 198
2 165
1 256
1 73
2 500
2 250
1 319
1 291
2 364
1 489
2 334
1 213
2 134
2 333
2 254
1 319
1 468
2 377
2 24
1 247
2 144
1 143
2 405
2 99
1 332
2 185
1 62
2 484
1 275
1 466
1 379
1 183
1 471
1 420
1 361
1 369
1 365
2 170
2 295
1 241
2 59
2 496
1 173
2 19
2 498
1 30
2 120
2 74
1 476
1 435
1 363
2 43
1 17
2 200
1 332
1 142
1 68
2 214
1 319
1 390
1 216
1 44
2 484
1 128
2 167
1 146
2 69
1 460
2 252
1 100
1 451
2 177
2 81
1 110
2 474
1 67
2 271
1 227
1 283
1 416
2 415
2 330
2 100
2 272
1 300
2 491
2 316
2 121
1 261
1 499
1 433
2 274
2 378
1 160
2 205
2 313
2 487
1 306
2 283
2 290
1 299
1 184
1 150
1 362
1 238
1 143
1 128
1 77
2 119
1 369
2 163
1 294
2 175
2 87
2 27
1 243
2 359
1 291
2 434
1 270
2 363
2 44
1 32
1 346
2 60
2 473
1 100
1 74
1 68
2 435
1 240
2 271
2 454
2 311
2 64
1 409
1 344
2 119
1 276
1 26
2 382
1 260
2 320
1 459
2 198
2 333
2 273
2 239
1 163
2 317
1 481
2 355
1 381
2 199
2 288
1 343
1 426
2 354
2 140
1 483
2 408
2 125
1 417
1 110
2 264
1 360
1 354
1 420
2 38
1 243
1 194
2 347
2 243
1 67
1 216
2 218
2 364
2 7
1 410
1 415
2 245
1 121
1 340
1 184
2 157
1 54
1 215
1 172
2 304
1 191
2 139
1 493
1 454
2 485
2 318
2 240
1 377
1 160
1 251
2 296
2 121
1 461
2 101
1 495
1 74
2 274
1 297
2 65
1 469
2 317
2 152
1 200
1 267
2 447
2 406
1 275
1 443
2 416
1 423
1 299
1 299
2 207
2 395
2 196
2 23
1 353
1 419
2 405
2 467
2 53
1 445
1 101
2 266
1 282
1 278
2 35
1 209
2 22
2 215
2 169
1 433
1 263
2 278
1 388
1 222
1 320
1 119
1 257
2 288
1 276
2 322
2 492
1 255
2 484
1 433
2 59
2 378
2 216
2 192
2 102
1 394
2 283
2 193
2 101
1 429
1 396
1 38
2 132
2 103
2 114
2 471
1 400
1 196
2 354
1 69
1 5
1 376
2 326
1 326
1 399
1 154
1 355
2 32
1 187
1 305
1 21
2 27
1 123
2 386
1 314
1 431
1 267
2 104
2 226
2 370
2 386
2 270
2 270
1 430
1 287
1 312
2 361
1 78
2 412
2 310
2 268
2 42
2 251
1 331
1 278
1 452
1 279
1 460
1 227
2 355
2 475
1 24
2 356
2 169
2 416
1 492
2 70
2 421
1 30
2 148
1 155
2 27
2 24
1 332
1 374
1 467
1 56
1 34
2 442
1 177
2 32
1 392
2 201
1 273
1 415
1 241
2 370
2 57
1 104
1 347
1 277
2 29
1 154
2 94
1 116
2 304
2 290
2 100
1 7
1 276
2 143
1 45
1 135
2 461
1 340
1 67
1 324
1 152
1 10
2 425
2 219
1 124
2 275
2 202
2 298
2 257
1 345
2 155
2 253
1 420
1 275
2 59
1 434
1 427
2 159
2 419
2 283
1 237
2 468
2 41
2 267
2 56
2 449
2 293
2 178
2 144
1 51
1 401
1 116
1 426
1 30
1 2
1 90
2 220
2 29
1 26
2 408
2 110
1 495
1 408
1 318
2 327
1 457
1 351
1 407
1 197
1 176
1 100
2 436
2 25
1 135
1 315
1 335
1 250
2 29
2 205
2 60
2 214
1 110
2 439
1 44
2 304
2 184
2 187
1 277
1 287
2 113
2 453
2 376
1 480
2 62
1 103
2 418
1 340
1 232
1 395
1 116
1 50
1 304
2 271
2 448
2 491
1 10
2 211
2 200
1 493
1 429
2 86
1 263
1 77
1 259
1 473
2 373
2 174
2 111
1 109
1 204
2 321
2 98
2 302
2 276
1 410
1 241
1 402
2 477
1 348
2 153
2 109
1 47
1 406
2 429
1 66
2 316
1 197
2 269
1 62
1 144
2 100
1 22
2 238
1 34
2 85
2 257
2 64
2 179
2 311
2 334
1 91
2 114
1 414
1 489
2 129
1 149
1 219
2 432
1 20
1 393
1 152
2 149
2 156
2 387
1 137
1 194
1 72
2 219
2 40
2 163
1 395
1 248
2 334
2 273
2 144
2 457
2 369
2 65
1 283
2 490
2 374
2 350
1 341
1 486
1 479
2 399
2 312
1 41
2 325
2 497
1 33
2 467
1 409
2 425
2 186
1 314
2 300
2 208
1 435
1 371
2 194
1 489
2 415
2 1
2 46
2 411
1 302
2 479
1 259
1 457
1 21
1 355
2 136
1 312
1 459
2 334
1 304
1 8
1 55
1 161
1 357
2 29
1 447
1 423
2 115
2 1
2 352
2 307
1 120
2 409
2 5
2 82
1 268
1 377
1 301
2 125
2 107
1 166
2 365
2 462
2 319
1 317
2 168
1 158
2 446
1 217
1 12
2 257
1 92
2 305
1 22
1 401
1 287
1 385
2 6
1 333
2 159
2 347
1 476
1 464
2 273
2 222
2 183
1 268
1 315
1 369
1 353
2 167
2 187
2 141
1 100
2 220
1 474
1 435
2 273
2 370
1 283
2 34
2 273
2 294
2 224
1 126
2 283
1 215
2 47
1 216
1 180
1 108
2 205
1 102
1 144
2 375
1 265
1 94
2 60
2 475
2 253
1 359
2 244
1 207
1 133
1 139
1 61
1 169
1 288
1 243
2 444
2 209
1 228
1 97
2 393
2 69
2 23
1 31
1 57
2 407
2 362
2 204
2 291
1 40
1 493
1 212
1 102
1 348
2 426
1 115
1 218
2 462
1 166
1 357
1 80
2 262
2 160
1 215
1 41
1 83
1 387
1 173
1 418
1 168
2 167
1 12
2 21
2 180
1 316
2 408
2 3
2 39
1 338
1 167
2 359
2 264
1 395
1 437
1 308
2 6
1 442
2 414
1 341
1 148
1 482
2 254
1 427
1 350
2 397
1 495
1 265
1 205
2 45
2 322
1 449
2 382
2 195
2 352
2 240
2 42
2 109
2 409
1 438
1 152
2 273
1 442
2 255
1 399
2 286
1 3
2 398
1 477
1 30
1 478
1 383
2 46
2 17
1 378
2 211
2 141
1 378
1 224
1 227
2 283
1 194
2 450
1 372
1 387
2 458
2 226
1 87
1 182
1 225
1 262
1 292
1 123
1 335
1 153
2 320
2 276
1 423
1 457
1 355
2 399
1 59
1 355
1 247
2 305
1 300
1 111
2 319
2 112
2 282
2 417
1 51
1 467
1 269
2 471
1 469
2 139
1 197
1 377
2 382
2 266
2 450
1 123
1 460
2 124
1 351
1 195
2 83
2 78
1 287
2 179
2 121
2 134
2 162
1 112
2 394
2 427
2 105
1 314
1 488
2 157
1 476
2 90
2 363
1 262
2 420
1 256
1 460
2 61
1 103
1 220
1 400
2 395
1 400
1 420
2 145
1 224
1 131
2 30
2 184
2 346
2 286
2 347
1 193
2 71
2 282
1 347
2 288
2 37
2 448
1 73
1 87
1 64
2 165
2 62
1 440
2 155
2 211
2 470
2 463
1 50
1 182
1 276
2 488
1 8
2 471
1 379
1 80
1 126
1 238
2 295
2 297
2 254
2 5
2 262
2 115
2 62
1 410
1 116
2 1
2 183
1 55
2 233
1 206
1 81
1 249
2 324
2 380
2 256
1 152
2 203
1 31
1 265
1 101
1 188
1 355
1 277
2 283
2 98
1 218
1 135
1 256
2 363
2 35
1 371
1 486
2 303
1 188
2 159
2 151
1 94
2 67
1 117
2 230
1 41
2 243
2 265
1 133
2 337
1 96
2 57
2 131
1 152
1 130
1 310
1 155
2 136
2 476
1 422
2 317
1 356
2 488
1 261
2 246
2 492
2 155
1 477
2 111
1 306
2 437
1 224
2 222
1 163
1 315
1 106
1 397
2 246
2 80
1 209
2 454
1 221
1 451
2 96
1 324
1 6
1 369
2 202
1 292
2 491
2 152
2 442
2 409
2 285
2 45
2 369
1 396
1 162
1 286
2 111
1 10
1 73
1 49
2 172
1 343
1 298
1 462
2 42
2 278
1 63
1 22
2 23
2 372
1 467
1 293
2 471
1 45
2 384
2 169
2 432
2 420
1 5
1 320
1 456
2 76
1 122
2 300
2 218
1 180
1 33
1 112
2 478
1 397
2 100
1 119
1 428
1 465
1 123
1 330
1 437
2 447
1 57
2 54
1 270
1 161
1 409
2 156
1 132
1 450
1 469
1 467
2 310
2 328
1 270
2 362
1 117
1 264
1 406
2 151
2 254
1 180
2 288
2 252
2 239
1 2
2 473
1 103
1 102
2 418
1 291
2 429
1 438
1 433
1 361
2 222
1 98
1 128
2 88
1 156
1 285
2 33
2 329
2 243
1 269
1 153
1 142
1 319
2 125
2 126
2 37
1 303
2 249
1 223
1 13
1 14
2 387
1 406
2 384
1 496
2 11
2 64
1 434
1 434
1 336
1 247
1 407
2 210
2 330
2 194
2 162
2 491
1 104
1 114
1 247
1 492
2 462
2 260
2 288
1 156
2 253
1 198
2 154
1 17
1 44
1 30
2 417
1 105
1 120
1 359
1 31
1 123
1 256
1 90
2 427
1 17
2 351
2 393
2 474
2 192
2 471
2 73
2 92
2 110
2 247
2 429
2 22
2 121
1 136
1 320
2 11
2 445
1 403
1 218
1 98
2 96
1 481
1 158
1 197
1 135
2 440
2 423
2 465
2 90
1 457
1 366
2 450
2 180
1 500
2 431
2 9
1 369
2 45
1 413
2 497
2 239
1 109
1 101
2 56
1 376
1 451
1 183
1 404
1 103
2 463
2 351
2 262
2 312
2 97
1 251
2 270
1 381
1 3
2 154
1 22
2 126
2 122
1 76
2 373
2 427
2 415
1 10
2 200
2 335
1 396
2 241
2 278
2 246
1 453
2 42
1 131
2 150
2 178
1 129
1 108
1 237
1 37
1 50
1 66
1 384
2 321
1 329
1 96
1 230
1 28
2 225
1 141
2 114
1 452
2 367
2 2
2 432
1 200
1 477
2 217
1 429
2 187
2 339
1 34
1 33
2 42
1 423
1 336
1 203
2 482
2 49
2 376
1 76
2 313
2 192
1 116
1 122
2 81
1 288
1 379
2 379
1 282
2 157
2 188
2 107
1 280
2 208
2 486
1 81
2 188
1 384
2 244
2 309
1 465
2 141
2 121
2 319
1 319
2 222
2 186
1 232
2 334
2 471
2 74
2 173
2 175
1 268
1 413
1 445
2 376
2 423
1 104
2 101
1 420
1 484
2 1
2 69
1 6
2 357
2 441
2 340
2 437
2 236
2 386
1 77
1 117
2 461
1 444
1 345
2 235
2 467
1 395
2 421
1 277
2 479
2 158
1 36
1 128
2 294
2 303
1 330
2 220
2 342
2 204
1 25
1 218
2 25
2 229
1 12
2 74
1 426
2 11
2 176
1 435
2 207
2 190
1 359
1 178
1 424
2 90
2 23
2 143
2 419
1 196
2 80
1 476
2 204
2 21
1 328
1 52
1 44
1 274
2 3
2 306
1 36
2 78
1 54
2 456
1 296
1 106
2 125
1 84
1 420
1 411
2 411
2 485
2 408
1 61
1 412
1 39
2 113
2 4
1 189
1 489
1 167
2 210
2 28
2 470
2 101
2 397
2 399
2 317
1 342
2 67
1 95
2 200
2 73
1 224
2 219
1 96
2 158
1 175
2 302
1 335
1 80
1 265
1 464
2 135
1 310
2 59
1 10
1 314
1 165
2 195
2 100
1 267
1 299
2 498
2 141
2 354
1 64
1 50
2 51
1 184
1 441
1 467
1 352
1 235
1 168
2 251
2 423
2 80
2 162
1 173
1 410
2 373
2 348
1 351
1 310
2 461
1 128
2 51
2 58
2 347
2 66
2 196
1 465
2 60
1 204
2 279
2 315
1 289
1 425
1 412
1 378
1 335
2 3
2 336
1 374
1 137
2 482
1 130
1 310
2 424
1 125
1 330
2 205
2 453
1 462
1 215
2 439
1 195
2 490
1 353
2 415
2 5
1 24
1 46
2 175
2 50
2 374
1 90
2 54
1 60
2 109
1 57
2 379
2 192
2 485
1 83
2 384
1 499
2 73
1 443
2 364
2 398
2 428
2 167
2 232
1 347
1 352
2 90
1 5
2 450
2 28
2 92
2 472
1 21
1 485
1 143
1 160
1 288
2 378
2 67
2 180
2 300
2 167
2 465
2 22
1 12
2 150
2 164
2 44
1 17
1 499
2 79
1 50
1 96
2 172
1 35
1 278
1 438
1 426
1 467
2 168
1 200
2 284
2 290
2 46
1 58
2 168
1 406
2 205
1 347
2 219
2 432
2 418
2 292
2 123
1 142
1 291
2 458
1 203
2 104
1 108
2 496
2 352
1 195
2 459
2 285
2 273
1 173
1 436
2 385
1 278
1 199
2 218
2 494
1 107
1 371
2 462
2 193
1 324
1 222
1 132
1 310
2 73
2 298
1 151
1 418
1 411
1 496
1 476
1 251
2 291
1 1
1 192
2 269
2 284
1 148
1 347
2 172
2 291
2 131
2 3
1 221
2 367
1 393
2 409
2 129
2 116
2 155
2 25
2 173
2 413
1 76
2 129
2 382
2 67
1 212
2 411
1 186
2 499
1 471
1 72
2 310
1 431
1 198
1 239
2 116
2 394
2 261
1 289
1 293
2 5
1 128
2 287
2 192
2 242
1 396
2 465
1 56
2 169
1 350
2 476
2 409
2 359
1 95
2 15
2 354
1 242
2 434
1 145
2 164
1 491
1 402
2 265
1 349
2 63
2 44
1 219
1 110
1 325
1 224
1 90
2 63
2 261
1 210
2 325
1 142
2 285
1 121
2 353
2 185
2 371
1 304
1 384
2 167
1 469
1 251
1 23
2 93
2 161
1 40
2 379
2 299
2 428
2 63
1 239
1 46
1 327
2 51
1 466
2 270
1 458
1 195
1 185
2 115
2 145
1 329
2 38
2 38
1 249
1 97
2 51
2 448
1 195
1 439
1 66
1 445
1 432
1 207
1 482
2 312
1 326
1 1
1 470
1 329
1 489
2 204
1 419
1 269
1 1
2 125
2 471
1 442
1 413
1 221
1 321
1 372
1 23
1 9
1 261
2 209
2 466
1 492
1 267
1 349
1 23
1 186
2 395
2 246
2 126
1 404
1 349
2 444
2 202
1 214
1 345
1 415
1 37
1 45
1 370
1 275
1 71
1 236
2 290
2 327
2 150
1 65
1 209
1 72
1 163
2 224
2 410
1 168
1 247
2 453
1 310
2 7
1 186
1 48
2 74
1 242
2 455
1 424
2 165
2 277
2 131
1 186
1 341
2 190
2 417
1 55
1 369
2 457
1 7
1 233
1 229
1 7
1 131
1 50
2 277
1 325
2 29
1 3
2 215
1 12
2 333
1 357
2 330
2 459
1 169
2 120
2 16
1 432
1 259
1 144
2 363
1 498
1 182
1 464
1 191
2 26
2 392
1 428
1 47
1 261
2 76
1 315
2 209
2 440
1 432
2 206
1 254
2 389
2 54
2 330
1 179
1 471
2 441
1 496
2 283
1 53
1 340
1 152
1 318
2 219
2 377
2 394
1 479
2 269
2 339
1 480
2 157
1 291
1 199
1 436
2 246
2 42
2 60
2 484
2 487
2 477
2 479
1 49
2 356
2 193
1 118
2 63
2 474
2 224
2 491
2 5
1 351
2 24
1 295
2 286
1 61
1 200
2 484
1 200
2 416
1 385
1 268
2 12
1 299
2 118
2 97
1 80
1 224
2 209
2 110
2 152
1 460
2 413
2 451
1 134
1 207
1 251
2 464
1 420
1 200
2 107
2 214
1 448
1 141
1 456
1 354
2 123
1 161
2 108
2 146
2 329
2 110
2 179
2 45
1 391
1 338
2 392
2 34
2 340
1 347
2 275
1 105
1 365
1 284
2 228
1 417
1 134
2 487
1 303
2 113
2 274
1 393
1 204
2 208
1 304
1 190
2 106
2 180
1 116
2 146
2 392
2 251
2 441
2 40
2 267
1 140
1 453
1 409
2 310
2 52
1 22
2 396
2 91
2 153
1 37
1 401
2 212
2 157
1 387
2 247
2 200
1 396
2 417
2 13
2 125
1 44
1 8
2 329
2 365
2 156
2 130
1 33
1 206
1 493
1 90
2 448
2 476
1 145
2 204
2 175
1 424
1 177
1 8
2 234
1 189
2 124
2 149
2 160
1 198
1 150
2 243
2 427
1 144
1 314
2 432
1 378
1 57
2 491
1 263
1 287
1 168
2 270
1 419
2 22
1 432
2 402
1 471
1 448
2 103
2 313
2 453
2 94
2 97
1 277
2 363
2 162
1 325
2 346
2 63
2 210
2 389
2 224
2 291
2 325
2 284
1 131
1 180
1 96
1 159
1 338
2 139
1 51
2 134
1 58
2 466
2 247
1 230
1 416
1 141
2 116
1 82
2 363
2 322
1 240
2 34
2 353
1 280
2 486
1 2
2 314
2 162
1 24
2 381
1 466
2 384
2 500
2 179
1 77
2 172
1 333
2 96
2 228
1 440
2 141
2 460
1 464
2 217
2 215
2 130
1 322
2 112
2 181
2 183
2 495
1 276
2 262
1 363
2 247
1 405
2 447
1 44
1 188
1 248
1 208
1 285
2 94
2 350
2 391
1 383
2 441
2 63
1 382
2 42
1 79
1 218
2 162
2 286
2 20
2 103
2 114
2 108
1 135
2 334
2 44
1 113
1 78
2 185
2 100
1 290
1 375
2 54
1 267
2 89
1 75
2 217
2 429
1 100
1 484
2 144
2 204
2 362
1 283
1 444
1 475
1 263
2 240
1 89
2 358
2 348
2 71
1 325
2 443
1 266
1 60
1 156
2 18
2 396
1 414
1 386
1 425
1 293
1 168
2 374
2 261
1 161
2 341
2 181
1 464
2 61
2 208
2 138
2 85
2 228
2 76
2 442
1 465
1 16
1 466
2 8
1 166
2 408
2 209
2 290
2 387
1 47
1 418
1 22
2 421
2 205
1 418
1 496
1 380
2 365
2 103
1 275
2 96
1 275
2 122
1 477
1 117
2 305
2 411
1 241
2 131
2 178
1 90
2 281
2 387
2 18
1 220
1 110
1 325
1 120
2 3
1 158
2 322
2 357
1 492
2 414
1 393
1 21
2 468
2 155
2 445
1 400
2 167
2 332
1 96
2 494
1 398
2 420
2 317
2 155
2 225
1 134
1 363
2 304
2 455
1 241
1 186
1 268
1 500
2 47
2 401
1 396
1 395
2 220
2 295
1 371
1 294
2 341
1 11
1 190
2 305
1 68
1 421
2 194
1 137
1 218
2 484
2 186
1 132
1 88
1 483
2 297
1 315
2 136
2 132
2 141
2 459
2 278
2 247
2 151
1 63
1 272
1 185
1 423
1 419
1 445
2 172
1 29
1 82
1 14
1 192
2 2
1 67
2 381
2 102
2 48
1 250
1 413
1 333
2 453
2 48
1 151
1 343
2 261
1 46
2 489
1 281
1 239
2 473
2 363
1 1
2 441
2 434
2 388
1 391
2 16
1 90
1 213
1 49
1 355
1 100
1 183
1 37
1 282
2 392
1 434
2 406
1 495
2 282
1 308
1 222
2 314
2 193
1 446
2 203
2 38
1 348
2 385
1 346
1 393
2 162
1 129
2 256
2 462
2 357
2 209
1 296
1 93
1 251
1 432
1 190
2 459
2 245
1 273
1 361
2 327
1 194
2 293
2 282
1 486
1 374
1 67
2 419
2 8
2 49
2 326
1 464
2 479
1 480
2 298
1 415
1 66
1 282
1 409
2 463
1 52
1 439
2 5
2 129
1 81
2 155
2 267
1 43
2 325
1 347
1 213
2 449
1 72
2 487
1 497
2 225
2 285
2 167
2 223
2 4
1 324
1 62
1 127
1 38
1 477
1 277
2 496
1 171
2 160
2 399
1 106
2 56
1 138
1 382
1 369
2 15
1 247
1 485
2 31
1 28
2 405
2 48
1 234
1 318
2 226
1 400
2 191
1 276
1 29
2 39
2 246
1 292
1 481
1 216
1 149
1 370
2 400
2 156
2 338
1 229
1 41
1 450
2 287
1 410
1 234
2 416
2 354
1 470
1 187
1 49
1 281
2 92
1 39
1 16
2 425
1 144
2 223
2 400
1 170
2 177
1 461
1 382
1 3
1 352
1 241
1 377
2 170
1 404
2 271
2 289
2 162
1 364
1 376
2 245
1 275
2 301
1 217
1 401
2 89
1 260
2 4
1 53
2 160
1 85
1 226
2 477
2 156
1 475
1 306
2 281
1 196
2 19
1 466
1 482
2 23
1 235
1 81
1 403
1 95
2 22
2 360
1 411
2 189
2 102
1 160
1 277
2 314
1 266
1 419
2 334
2 192
1 171
2 207
2 364
1 59
2 474
1 382
1 137
1 325
1 267
1 472
1 338
2 43
2 416
2 53
2 253
2 21
2 369
2 347
1 380
1 469
2 175
1 441
2 124
2 253
1 100
1 489
2 212
2 243
1 343
2 80
1 243
1 222
2 179
2 195
1 326
2 115
1 216
2 367
2 23
2 433
1 46
2 410
2 156
1 88
1 150
1 297
2 471
2 355
2 291
2 411
1 415
2 319
2 283
2 321
2 155
2 426
1 378
2 309
2 190
1 382
2 267
2 231
1 401
1 90
2 338
1 10
2 228
1 235
1 365
2 166
2 12
2 71
2 129
2 273
1 478
1 9
2 184
2 334
1 28
2 330
1 275
2 322
1 167
1 364
2 462
2 253
2 324
2 213
1 405
2 122
2 491
1 331
1 220
1 462
1 290
2 317
1 482
1 418
1 45
2 382
1 13
1 331
1 309
2 288
2 380
2 299
1 242
2 395
2 496
1 412
1 351
1 201
1 217
1 183
2 102
1 119
2 49
2 450
2 343
2 274
1 349
1 443
1 405
1 403
1 45
1 185
2 394
1 78
1 355
1 75
2 27
2 71
1 493
1 136
2 461
2 261
2 185
2 251
2 40
2 488
2 318
2 183
2 410
2 25
1 224
2 220
2 495
1 178
2 162
2 25
1 426
2 282
1 340
1 198
2 36
2 167
1 209
1 268
1 314
1 234
2 94
2 139
1 95
1 426
1 481
2 81
1 87
1 367
1 246
1 9
2 452
2 338
2 228
1 130
2 249
2 430
2 20
1 282
1 384
1 73
1 10
2 121
1 218
2 226
2 254
1 448
2 260
2 217
1 242
2 380
2 413
2 37
1 229
1 397
1 377
2 179
1 325
2 38
2 489
2 357
1 348
1 446
2 293
2 298
1 361
1 376
2 190
1 205
1 82
2 233
1 422
2 48
1 61
2 140
2 199
2 142
1 4
1 4
1 454
1 182
1 183
2 438
1 321
1 494
1 95
1 63
1 489
1 113
2 46
2 302
1 101
2 141
1 234
2 252
2 150
2 352
1 193
1 407
2 283
1 118
2 478
2 244
1 142
2 366
1 461
2 283
2 314
1 16
2 272
2 86
2 255
2 104
1 78
1 164
2 262
1 441
2 462
2 56
2 393
2 142
2 440
2 265
2 52
1 3
2 103
1 243
2 229
1 156
1 59
1 370
1 101
2 262
1 347
2 368
2 442
1 295
2 286
2 337
2 42
2 11
1 279
2 1
2 450
1 164
1 327
1 32
2 48
2 192
1 462
1 336
2 421
1 135
1 188
2 394
2 309
1 225
2 8
2 445
2 232
2 168
2 198
2 337
2 344
2 490
2 88
2 207
1 454
2 65
2 163
1 73
2 65
2 262
1 373
1 84
2 18
2 15
2 302
2 311
2 231
1 301
1 328
2 177
2 199
2 477
2 254
1 35
1 198
1 445
2 206
1 379
2 483
2 142
1 447
1 280
1 308
1 347
2 438
1 268
1 320
1 52
1 145
1 95
2 86
1 117
2 271
2 365
2 91
1 388
2 14
2 66
2 450
2 307
2 492
1 78
2 22
2 88
1 67
2 212
1 426
1 442
1 26
1 301
1 368
1 5
2 207
1 53
1 186
2 247
2 285
1 340
1 453
2 323
2 461
2 170
1 214
2 434
1 120
1 207
2 273
2 219
2 485
2 487
1 482
2 199
1 408
1 275
1 316
2 230
2 335
2 14
2 213
2 140
2 32
1 23
2 261
1 135
2 216
2 414
2 57
1 18
2 1
1 176
2 93
1 445
2 156
1 475
2 257
1 405
1 164
2 444
1 372
2 168
1 403
2 340
1 397
1 276
2 1
2 417
2 208
2 20
1 171
1 288
2 312
1 214
2 322
1 398
1 88
2 485
1 349
1 301
2 33
1 346
1 379
1 126
1 327
2 153
2 343
1 423
1 483
1 332
2 145
2 350
1 497
1 74
2 9
1 442
1 302
2 427
1 252
1 117
1 253
1 426
2 413
1 452
1 336
2 404
1 363
2 268
-1
