1 229
1 31
1 489
2 437
1 89
2 153
2 390
1 450
1 280
2 218
2 397
2 405
1 336
2 410
2 69
1 56
2 364
1 439
1 477
2 163
2 261
1 141
2 402
1 16
2 401
1 238
2 158
1 408
2 4
1 17
1 377
2 220
1 11
1 147
2 237
2 255
2 123
1 351
1 337
2 408
2 451
1 238
1 138
2 453
2 166
1 416
1 245
1 337
2 497
2 445
2 291
1 434
2 298
1 288
1 354
2 223
2 44
1 116
2 308
1 174
2 241
1 218
2 428
1 444
2 36
1 9
1 143
1 90
1 430
2 73
2 128
2 291
2 458
1 203
1 326
1 238
1 169
1 255
1 361
1 372
2 141
2 74
2 26
1 222
2 244
2 90
2 293
1 393
2 138
1 368
1 175
2 381
2 264
2 143
2 36
1 373
2 246
1 311
1 461
2 78
2 31
1 279
2 251
1 425
1 471
1 351
2 101
1 192
1 70
1 340
1 199
1 486
2 158
1 420
1 180
2 26
1 368
2 385
1 180
2 5
1 305
1 498
2 143
2 120
1 374
1 21
2 23
1 221
1 154
1 354
2 488
2 395
2 387
2 324
1 291
2 67
2 240
2 351
1 105
2 93
2 486
1 107
1 323
2 392
1 318
2 13
2 327
2 364
1 389
2 131
2 367
1 126
1 114
1 487
1 150
1 252
2 249
1 495
2 36
1 47
2 334
2 362
1 317
2 225
2 411
1 235
1 405
1 87
1 40
1 291
2 209
2 176
2 400
1 379
1 111
2 140
1 335
2 455
2 77
1 411
1 387
1 321
2 357
2 364
1 184
1 289
1 196
1 200
1 337
2 383
2 355
1 242
1 227
1 396
2 227
2 494
2 304
1 107
1 73
1 260
1 476
1 500
2 363
2 118
2 481
1 349
1 226
1 81
1 285
1 106
1 134
1 476
2 265
2 301
2 404
1 445
2 311
1 402
2 346
2 75
2 75
2 366
1 364
1 455
1 125
1 11
2 363
2 399
1 273
2 316
1 462
1 259
1 55
1 148
2 382
1 431
1 496
1 459
2 445
2 211
2 177
2 179
2 411
1 18
2 480
1 63
1 445
2 417
1 332
2 252
2 138
1 21
1 181
2 196
2 244
1 397
1 331
1 310
2 357
1 276
1 365
1 481
2 10
1 160
2 166
2 405
2 296
2 492
1 108
1 304
2 445
2 474
2 128
2 368
1 314
2 23
1 184
1 339
2 105
1 237
1 113
2 276
1 418
1 88
2 307
2 79
2 295
1 230
1 186
2 109
1 443
1 381
1 487
2 374
2 69
1 212
2 250
2 440
2 106
2 247
1 474
2 15
1 228
1 394
1 192
1 469
1 485
2 463
2 420
1 413
1 297
1 372
1 315
2 269
1 394
2 184
2 340
1 486
2 293
2 184
1 381
1 321
2 353
2 188
1 322
1 315
1 428
1 15
1 200
2 365
2 150
1 311
2 97
2 259
2 175
2 224
2 298
1 124
1 30
2 273
2 114
2 172
2 124
2 486
1 173
2 120
1 398
2 162
2 79
2 235
2 67
2 12
1 206
2 366
1 297
1 290
1 429
1 155
1 500
1 79
1 342
2 346
1 481
2 438
2 131
1 163
2 334
1 413
1 160
1 479
1 471
1 422
2 433
1 303
1 419
2 308
2 283
2 56
2 11
2 25
1 368
1 190
1 65
1 445
2 435
2 236
1 246
2 304
2 84
1 314
2 191
2 467
2 125
1 440
1 366
1 129
2 3
1 286
1 124
1 496
1 356
2 315
1 388
2 132
2 428
2 177
1 418
2 147
1 164
1 29
2 401
2 262
1 327
2 175
1 481
1 211
1 252
1 289
2 348
1 314
2 69
1 97
1 485
2 379
1 180
1 29
1 64
1 187
1 40
2 395
1 234
1 60
1 483
1 328
1 472
2 456
1 335
1 229
2 146
2 318
2 14
1 257
1 487
2 23
2 156
1 250
2 375
2 78
2 9
1 38
1 250
2 223
1 397
2 254
1 57
1 367
2 121
2 204
1 417
1 486
1 495
2 313
2 44
1 77
1 147
1 235
2 107
2 332
2 259
1 396
2 213
1 441
2 88
1 440
2 222
2 428
1 364
1 437
2 482
2 162
1 479
1 228
2 204
1 291
1 349
1 480
2 152
2 245
2 416
2 95
2 165
2 57
1 114
2 286
2 209
2 427
2 342
1 475
2 65
2 62
2 303
1 29
1 314
1 396
2 162
2 70
1 13
1 354
1 174
2 425
1 86
2 421
2 208
2 28
2 12
2 241
1 482
1 323
2 43
1 228
1 208
2 381
1 478
1 402
2 373
1 32
1 380
1 440
2 51
2 63
1 56
1 79
2 425
2 184
2 118
2 374
1 411
1 249
1 340
1 390
1 179
2 225
1 77
1 349
2 131
2 40
1 418
1 426
1 370
2 12
2 223
2 16
2 343
2 224
1 266
2 97
2 386
2 354
1 484
1 440
1 317
2 3
1 448
2 428
2 389
2 155
1 176
2 300
1 139
1 51
1 488
2 52
2 467
1 38
1 311
2 416
2 159
1 361
1 198
1 126
2 78
2 402
2 155
2 474
2 428
1 48
1 22
1 140
1 357
1 142
2 358
2 294
2 326
1 474
1 293
1 314
1 232
2 179
1 471
1 30
2 380
2 314
2 176
2 93
1 334
1 51
1 290
1 60
2 201
2 194
2 484
2 66
2 425
1 452
1 100
2 294
2 410
2 231
2 115
2 321
2 56
2 344
2 418
2 16
1 287
2 462
2 68
2 337
1 327
2 91
1 473
1 256
1 194
1 171
2 161
2 109
1 417
1 117
1 206
1 303
1 44
1 114
2 494
2 307
1 443
2 97
2 485
1 1
1 42
2 190
1 217
1 473
2 101
2 318
1 424
1 2
1 235
2 430
1 417
1 252
2 337
1 478
2 404
1 202
2 204
1 498
1 41
1 256
1 411
2 151
1 44
1 153
1 119
2 209
2 22
1 98
1 364
2 30
2 108
1 63
2 475
1 434
2 381
2 8
2 113
2 477
1 162
2 137
1 63
2 167
2 9
1 146
1 42
1 490
2 111
1 163
2 463
1 99
2 136
2 486
1 117
1 255
1 442
2 410
2 87
1 145
2 43
1 170
1 317
2 436
2 210
1 363
1 45
1 367
1 272
1 131
1 165
2 369
1 127
1 166
2 409
1 12
2 100
2 238
1 192
2 47
2 474
2 277
1 74
2 49
2 346
2 436
1 415
2 319
2 434
2 106
2 294
2 145
2 1
2 13
1 259
2 297
2 171
2 250
2 67
2 441
1 181
2 125
1 181
2 488
1 427
2 160
2 265
2 317
1 391
2 161
2 91
2 381
1 381
2 358
2 485
1 62
2 174
1 112
1 481
1 172
2 248
2 331
2 487
1 130
2 180
1 378
2 99
1 236
2 444
2 482
1 390
2 297
1 81
1 269
2 211
1 319
2 123
1 175
2 1
1 190
1 445
2 6
2 28
2 78
1 333
2 251
2 453
2 138
2 307
1 297
2 50
1 31
1 469
2 336
2 360
2 352
2 443
1 51
2 98
1 294
2 38
1 357
2 443
1 227
2 455
1 321
1 491
1 379
2 56
2 279
1 91
1 72
1 339
1 208
2 454
2 423
2 396
2 333
1 476
1 142
1 435
2 138
2 166
1 87
2 434
2 488
2 198
2 262
2 385
2 29
1 469
2 180
1 81
2 406
1 276
2 189
1 361
1 338
1 194
1 451
2 492
1 355
2 201
1 77
2 436
2 274
1 259
2 324
2 169
2 98
1 127
2 5
1 316
1 217
2 469
2 340
1 457
1 1
2 162
2 93
2 386
1 205
1 170
1 335
2 108
1 282
1 422
2 277
1 184
1 98
2 364
2 464
1 483
1 328
1 393
1 444
1 285
1 273
2 379
2 145
1 95
1 424
1 268
1 105
1 397
2 308
2 343
2 432
2 87
1 172
2 31
1 460
1 467
1 474
1 43
1 35
2 247
1 356
2 362
2 170
1 367
2 222
2 99
1 238
2 265
2 15
2 228
1 314
2 410
2 244
1 108
1 292
2 440
2 73
2 107
1 114
2 70
1 386
1 341
2 205
2 383
2 455
2 45
2 157
1 407
1 257
2 381
1 221
1 194
2 324
2 386
1 329
2 125
1 474
2 336
1 273
2 249
2 181
2 347
2 98
1 292
1 120
1 105
1 344
1 484
2 154
2 456
2 175
1 196
1 396
1 178
1 454
1 99
1 422
2 26
2 198
2 428
2 340
1 8
2 33
2 202
2 63
2 21
2 441
1 89
1 303
1 208
1 395
1 93
1 250
1 38
1 286
2 468
1 348
1 160
1 170
2 418
2 222
1 321
1 210
2 349
1 378
1 472
1 213
1 439
2 386
1 114
2 440
2 148
2 260
1 19
1 20
1 162
2 430
1 106
2 243
2 2
1 362
2 244
2 241
1 241
1 10
1 296
2 286
1 440
1 103
1 327
1 449
1 67
1 173
1 368
2 478
1 387
1 46
1 118
1 15
1 411
1 63
2 29
1 354
1 245
1 481
2 429
2 262
2 307
2 19
1 201
1 395
2 187
2 420
1 78
2 13
2 14
2 251
1 275
1 213
2 263
2 294
2 122
2 38
1 341
1 453
1 403
1 332
1 492
1 97
2 242
1 113
2 388
2 149
1 170
2 385
1 54
1 327
2 84
1 454
2 123
1 170
2 309
2 318
1 456
2 425
2 228
2 452
2 104
1 333
2 312
2 409
2 98
2 391
2 450
1 309
1 306
1 448
1 331
1 118
1 32
1 483
2 430
1 77
2 237
2 158
1 477
1 265
1 152
2 107
2 203
2 172
1 245
2 325
2 236
1 212
2 483
1 377
2 183
1 297
2 214
1 319
2 371
2 116
1 89
1 474
2 341
2 2
2 468
2 363
2 120
1 322
2 324
1 367
1 3
2 277
2 469
2 259
2 29
1 65
2 300
1 112
1 387
2 428
1 291
1 408
2 419
2 365
1 279
2 100
2 97
1 349
2 174
2 460
1 185
1 170
1 265
2 327
2 246
1 208
1 99
1 150
2 196
1 111
1 448
1 255
2 289
2 313
1 414
1 15
1 499
1 137
1 317
2 266
1 420
1 301
1 441
2 34
1 168
1 110
1 57
1 364
2 170
1 10
2 152
1 236
1 60
1 265
1 186
2 141
2 208
2 474
1 243
1 135
2 355
1 378
1 311
2 460
2 472
1 119
2 345
2 477
1 78
2 131
1 475
2 220
1 64
1 181
1 257
1 68
2 263
2 226
1 389
1 110
2 7
1 335
2 434
2 255
1 404
2 127
1 360
1 412
2 95
1 80
2 463
1 314
1 444
2 3
2 76
1 193
1 339
2 285
2 190
2 488
2 127
1 322
1 163
2 260
1 381
1 460
2 339
2 420
1 16
1 114
2 33
1 377
1 37
2 200
1 403
2 22
2 152
2 219
1 280
1 275
1 169
2 206
2 211
1 289
1 399
1 21
1 264
2 359
1 409
1 229
2 96
1 191
2 444
2 412
2 239
2 438
2 273
1 118
2 121
1 61
2 11
2 154
1 329
1 425
2 421
2 399
1 254
2 262
1 202
1 476
1 64
1 50
1 409
2 22
2 424
1 251
2 14
2 60
1 268
2 430
2 489
1 56
2 121
1 144
1 47
2 113
1 32
1 1
1 329
1 172
1 456
2 38
2 31
1 311
1 434
1 190
1 420
1 368
1 267
2 213
2 130
2 126
2 486
1 305
1 147
1 270
1 250
2 71
1 256
2 430
2 324
2 315
2 216
1 134
1 193
1 146
1 170
2 186
1 396
1 173
2 318
1 496
2 101
1 199
1 2
1 101
1 98
2 420
1 448
1 147
1 251
2 165
2 415
2 280
2 44
1 205
2 98
1 280
1 322
1 109
2 457
2 500
1 475
1 71
2 325
1 414
2 214
2 347
1 485
1 290
1 282
1 241
2 250
1 280
2 349
1 245
2 97
2 62
2 164
2 345
1 202
2 266
2 393
2 394
2 442
1 256
2 381
1 305
1 367
1 52
2 324
2 223
1 41
2 342
1 269
2 395
1 149
1 88
2 476
2 417
1 16
1 344
2 20
2 378
1 84
1 453
2 78
2 178
1 163
1 25
2 410
2 104
1 430
2 450
1 24
1 175
2 241
1 287
1 166
2 498
1 298
1 360
2 328
1 344
2 409
1 273
1 138
2 227
2 271
1 324
1 393
1 185
2 368
2 245
2 339
1 486
1 395
1 214
1 235
2 64
2 276
2 164
2 417
1 332
2 269
2 481
2 357
2 497
1 339
2 108
1 334
1 17
1 143
2 302
2 139
2 223
2 53
1 179
2 127
1 156
2 17
1 259
2 4
2 448
1 348
2 223
2 204
1 113
1 322
1 74
1 130
1 226
2 181
2 3
2 266
1 405
1 497
2 358
1 270
2 194
2 64
1 1
2 7
2 465
1 378
1 492
1 334
2 42
1 473
1 377
2 54
2 224
1 148
1 254
2 238
2 237
2 214
2 420
2 202
1 104
2 421
2 86
1 16
2 324
1 375
1 78
1 332
1 181
2 235
1 451
1 232
2 125
1 276
1 222
2 279
2 55
2 272
2 157
2 323
1 126
2 31
1 476
1 209
2 45
2 442
2 118
1 34
1 471
2 137
1 137
2 368
2 466
2 387
1 129
1 453
2 406
2 162
1 48
1 390
1 368
2 439
2 4
1 79
1 484
2 369
1 482
2 14
2 227
2 272
1 462
1 462
2 410
2 100
2 48
2 253
2 172
2 251
2 366
2 353
2 396
2 172
2 309
2 379
1 289
1 95
1 77
1 469
1 382
1 146
2 113
1 195
1 440
2 310
2 126
1 5
2 87
1 101
2 65
2 134
2 480
1 455
1 135
2 245
1 194
1 148
1 140
1 441
2 491
2 88
1 116
1 340
1 472
1 449
1 122
1 388
2 162
1 212
1 116
1 16
1 49
2 319
1 209
1 471
2 214
1 370
2 1
2 383
1 352
2 7
2 264
2 129
2 440
1 73
1 147
1 421
2 454
2 235
1 202
2 416
2 114
2 96
1 345
1 86
1 12
1 224
2 42
1 404
1 191
1 389
2 119
2 236
1 251
1 438
2 26
2 219
2 490
1 104
1 347
2 234
1 485
2 337
1 309
1 7
2 271
2 40
2 259
2 312
1 96
2 462
2 454
1 463
2 198
1 128
1 107
2 106
2 318
1 468
1 237
2 328
2 425
2 247
1 345
1 193
1 159
1 116
1 37
1 258
1 496
2 482
1 98
2 44
2 232
2 96
1 189
2 326
1 346
1 297
1 481
2 334
2 494
2 306
1 231
2 468
1 152
2 31
2 239
1 367
1 288
1 289
2 88
1 442
2 37
1 327
2 78
1 212
2 312
2 304
1 432
2 119
2 423
2 183
2 426
2 334
1 214
1 42
2 439
2 438
2 72
1 196
2 275
2 71
1 275
1 480
1 349
1 140
2 451
1 136
1 74
2 293
2 295
1 292
2 20
2 60
2 344
2 91
1 217
2 55
2 239
1 49
2 336
1 61
1 214
1 365
2 17
1 426
2 343
2 395
2 297
1 305
1 412
1 109
1 260
2 471
1 49
2 436
1 262
2 21
2 44
2 262
1 394
2 74
2 255
2 303
2 274
2 42
1 354
1 17
1 164
2 463
1 61
2 95
2 99
2 297
1 352
1 406
2 448
2 333
1 299
2 456
2 94
2 462
2 350
1 412
1 169
2 225
2 125
1 51
2 138
1 216
2 461
2 234
2 452
1 314
1 53
1 174
1 470
2 92
1 465
1 185
2 82
2 65
1 284
1 280
1 167
2 410
2 320
2 239
2 61
2 372
2 26
1 110
2 32
2 18
1 408
1 184
2 315
2 46
1 216
2 19
1 24
2 360
2 275
2 465
2 3
1 299
1 85
1 374
2 461
1 316
1 445
1 209
2 100
1 209
2 431
2 48
1 359
2 500
1 357
1 320
2 3
2 238
1 230
1 56
1 355
2 262
2 74
1 262
2 75
1 339
2 400
1 162
2 145
2 96
2 328
2 64
2 237
2 418
2 468
2 8
1 47
2 325
2 90
1 497
2 407
1 373
1 221
2 268
2 399
2 422
2 130
2 57
1 489
1 332
2 150
1 482
1 460
1 20
1 391
2 66
2 204
1 307
1 324
1 493
2 289
1 449
1 250
2 135
1 330
2 398
2 158
1 378
2 37
1 166
1 118
2 428
2 21
1 96
1 160
1 418
1 353
1 217
1 222
2 44
2 21
2 233
1 172
2 147
2 212
1 488
2 395
2 1
2 353
1 110
1 36
1 163
1 245
2 194
2 433
2 369
1 29
1 131
2 416
2 113
2 441
1 159
2 218
2 453
1 106
1 433
2 441
2 381
1 325
1 4
1 162
1 63
1 325
2 446
1 322
1 70
1 9
1 152
2 238
1 500
1 369
2 336
1 379
1 199
1 493
1 165
1 425
2 48
1 271
2 341
1 51
2 409
2 490
1 341
1 15
2 423
1 125
1 397
2 178
2 58
1 148
1 28
1 300
2 173
2 419
1 366
2 128
2 84
2 186
1 48
2 116
1 288
1 432
1 95
2 130
1 482
2 78
2 52
2 287
2 299
1 442
2 378
2 291
2 389
1 237
2 28
1 406
2 444
2 498
1 149
2 393
2 107
1 491
2 51
1 87
2 187
1 365
1 448
2 377
1 131
2 272
1 316
1 325
2 218
1 500
2 153
2 349
2 66
2 121
1 320
2 317
1 86
2 70
2 188
1 221
1 410
1 179
2 373
2 188
2 177
2 161
2 283
2 291
2 51
1 464
2 470
1 228
1 313
2 440
1 446
1 169
2 4
2 284
1 350
2 22
1 9
1 206
1 42
1 492
2 111
2 315
2 87
1 488
2 191
2 250
1 291
1 491
1 468
1 373
2 96
2 194
1 280
2 99
1 99
1 414
2 397
1 141
2 121
1 85
2 259
1 447
2 455
2 46
1 414
1 91
2 16
1 316
1 239
2 469
2 208
1 397
1 461
1 290
2 369
1 244
2 411
1 379
2 478
1 491
2 46
2 103
2 68
1 208
1 388
1 346
1 409
2 51
2 484
2 154
1 66
2 183
2 438
2 45
2 337
2 9
1 319
2 146
2 84
1 396
1 381
1 67
1 336
2 214
2 309
2 22
2 115
1 407
1 117
2 170
2 190
1 38
1 344
2 98
1 240
1 251
2 87
2 114
1 137
2 92
1 46
2 376
1 169
1 268
2 84
2 441
2 319
1 133
1 364
1 441
1 75
2 76
2 211
2 286
1 367
2 497
1 46
1 276
1 5
2 202
1 331
1 65
2 323
2 15
1 278
2 141
2 350
1 69
1 108
2 111
2 435
2 90
1 182
2 45
1 259
1 478
1 239
1 294
2 442
1 99
2 467
2 127
1 159
1 431
1 402
1 92
1 352
1 20
1 398
1 423
2 14
1 302
1 145
2 165
1 107
2 9
2 57
2 92
2 182
1 185
2 415
1 271
2 309
1 152
2 57
1 419
1 30
1 174
1 18
1 464
1 304
1 48
1 310
2 279
1 13
2 74
2 90
1 45
2 337
1 161
1 326
2 463
2 2
1 380
2 325
2 495
1 18
1 192
1 33
1 171
2 136
1 323
2 292
1 327
1 267
2 21
1 417
1 446
1 471
1 289
1 372
2 127
1 176
1 421
1 343
2 104
1 186
2 55
2 146
2 105
1 368
2 356
1 164
2 406
2 330
1 134
1 328
1 295
2 134
2 63
1 157
1 454
1 444
1 319
2 240
2 205
2 103
1 447
2 360
1 253
1 397
1 243
1 349
2 78
1 103
1 458
2 158
2 100
2 474
1 394
2 396
1 24
2 157
1 117
1 321
2 409
2 458
2 292
1 391
2 288
2 213
2 103
1 211
2 174
1 176
2 248
1 368
2 422
1 92
1 96
1 258
1 480
2 359
2 372
2 344
2 446
1 459
1 277
2 454
1 204
1 73
1 53
1 426
1 168
1 363
2 281
1 118
2 186
1 235
2 281
1 420
1 485
1 125
2 399
2 415
1 412
2 109
1 278
2 289
2 52
2 411
1 122
2 444
2 208
2 215
1 256
1 65
2 364
1 353
1 472
2 419
2 457
1 198
2 62
1 383
2 136
1 296
2 26
1 63
2 270
2 425
2 467
2 469
1 30
1 295
2 292
2 235
2 92
1 187
2 417
2 469
1 66
2 308
2 208
1 176
2 203
1 205
2 440
1 350
1 199
1 322
1 60
2 442
1 488
1 156
2 401
2 308
1 93
1 57
1 189
1 480
2 183
1 411
1 413
1 443
2 255
2 305
2 321
1 318
1 78
2 416
1 301
1 443
2 191
2 396
2 434
2 122
1 263
1 442
2 144
1 138
1 500
1 416
1 391
2 184
1 58
2 445
1 174
1 455
1 90
1 95
1 77
1 343
2 303
1 217
1 372
1 48
2 499
2 247
1 48
1 357
2 380
1 166
1 41
1 269
1 322
2 357
1 282
1 292
2 39
1 382
1 66
2 485
1 96
2 453
2 12
1 99
2 315
1 444
2 236
2 188
2 427
2 158
2 448
2 497
1 308
1 248
2 11
1 289
1 314
2 248
2 254
1 67
1 461
2 274
1 223
1 104
2 358
2 61
2 61
2 494
2 139
2 93
2 176
2 106
2 474
2 17
2 402
1 147
1 94
1 410
1 85
2 20
1 478
2 450
1 341
1 110
2 388
2 479
1 287
1 256
1 288
2 191
2 208
2 255
2 108
1 320
2 380
2 338
2 123
1 99
1 83
1 294
1 114
2 385
2 356
2 12
1 265
1 36
1 390
1 272
1 305
2 394
2 485
2 393
1 370
2 423
1 403
1 274
1 488
1 268
1 150
1 191
1 333
1 385
2 220
1 424
1 450
2 60
2 399
2 394
2 147
1 220
2 383
2 65
2 3
1 418
1 463
1 66
1 389
1 370
1 310
2 132
2 461
2 397
2 347
1 127
1 309
2 42
1 395
1 266
2 142
2 401
1 494
1 251
1 119
1 342
1 116
2 39
1 367
2 287
1 429
2 59
2 315
1 132
1 410
2 458
2 283
1 6
1 27
2 10
1 80
2 425
1 27
2 123
2 250
2 106
1 174
1 266
1 468
1 49
2 146
2 131
2 216
1 56
2 96
2 388
1 119
1 223
2 127
2 38
1 106
2 257
2 11
1 470
1 271
2 58
2 25
1 345
1 175
1 334
2 317
2 298
2 237
1 432
2 68
2 442
2 315
1 303
2 71
2 6
1 143
2 110
2 102
1 110
2 205
1 399
2 16
1 160
1 419
2 466
1 411
2 11
2 308
2 402
2 289
2 424
2 322
2 301
2 190
2 51
1 206
2 471
2 348
1 325
1 72
1 104
1 401
1 410
1 130
2 142
2 422
2 53
2 153
1 17
1 116
1 88
2 220
1 41
1 39
2 185
1 359
1 147
2 457
1 22
2 219
1 209
1 432
2 234
2 114
1 278
2 21
2 49
2 126
1 160
1 158
1 477
1 336
2 478
1 31
1 82
2 15
1 92
1 51
2 382
1 278
1 97
2 376
2 391
1 438
1 17
1 97
1 315
1 320
2 428
1 144
2 302
1 151
2 455
2 69
2 68
2 348
1 497
2 161
2 76
1 288
2 249
1 142
1 168
2 60
2 15
2 455
1 64
2 61
1 157
2 58
2 327
2 240
2 332
1 61
2 202
1 203
1 84
1 217
2 157
1 49
2 182
2 338
2 312
1 467
1 379
1 44
2 485
1 28
1 387
1 74
1 140
2 390
2 324
1 177
1 86
2 354
2 283
1 364
1 441
1 266
2 57
2 24
2 296
2 208
2 342
1 122
2 114
2 55
2 321
2 121
1 11
1 172
1 17
2 91
1 68
1 128
2 17
2 17
1 53
2 346
2 210
1 227
2 182
1 111
1 216
2 407
2 57
2 224
2 317
1 382
2 170
1 213
1 12
2 53
2 157
2 311
1 70
2 392
2 22
2 105
1 85
2 168
2 293
2 66
1 56
2 198
2 160
1 114
1 342
2 88
2 417
1 216
1 138
1 88
1 462
1 101
1 55
1 39
2 10
1 160
2 254
2 142
1 118
2 437
1 273
1 310
2 273
2 378
1 336
1 421
2 157
2 195
2 140
2 262
2 40
2 214
2 130
2 410
2 461
1 58
1 221
2 126
2 96
1 255
2 321
2 80
2 400
1 392
2 210
2 40
2 425
2 393
1 459
2 5
2 500
1 356
2 281
1 213
1 189
2 158
2 346
2 337
2 362
1 135
2 232
1 171
2 130
1 62
1 218
1 211
2 332
1 437
1 103
1 191
2 320
1 299
2 437
1 261
1 215
1 73
2 273
2 455
2 158
1 194
2 286
1 444
2 26
1 80
1 381
1 271
2 469
2 69
2 408
1 407
2 281
2 273
2 425
2 159
2 298
2 309
2 460
1 403
2 484
1 465
1 455
2 268
1 155
2 32
2 370
1 389
1 120
2 54
2 91
2 127
1 417
2 175
1 39
2 361
1 263
2 89
2 411
2 140
2 397
1 331
1 461
2 267
2 83
1 477
2 236
2 117
1 241
2 380
2 219
1 4
2 268
2 198
1 5
2 94
2 212
2 370
2 347
1 457
1 11
2 158
2 239
1 250
2 416
2 462
2 72
2 467
2 113
1 16
2 57
1 221
1 238
1 144
1 429
1 217
1 384
2 390
1 500
2 453
1 472
1 254
2 230
1 382
2 440
2 311
1 210
1 115
2 473
2 235
1 210
2 397
1 29
1 67
2 276
2 148
2 432
2 290
1 324
2 208
2 271
1 462
2 253
2 131
1 187
2 183
1 20
2 341
1 364
1 280
2 426
2 238
1 31
2 75
2 253
1 321
2 151
2 207
1 211
1 481
2 54
2 144
2 93
2 473
1 392
1 298
2 383
2 378
2 117
1 471
2 85
1 244
1 278
1 343
1 139
2 236
2 189
2 469
2 67
2 88
1 397
2 479
2 124
1 395
1 12
1 461
1 361
1 35
1 5
2 477
1 51
1 40
2 294
1 371
2 153
1 22
2 47
1 383
1 60
2 261
2 494
2 370
1 276
2 491
2 133
2 276
1 382
2 126
1 26
2 240
1 158
2 430
1 465
1 77
1 441
1 298
1 262
2 140
1 423
1 170
1 449
2 443
1 463
1 209
1 268
1 18
1 61
2 481
2 111
1 252
2 247
2 336
1 67
2 397
1 457
1 397
2 214
2 438
1 258
2 16
1 446
2 303
1 331
2 234
2 192
2 343
1 385
2 298
1 357
1 293
2 464
2 421
2 379
2 205
1 209
1 13
1 252
2 364
1 450
2 375
2 434
2 431
1 99
1 121
1 273
2 472
1 101
2 265
2 103
2 467
2 40
2 316
2 498
2 76
2 128
1 439
2 371
2 82
2 448
2 128
2 467
1 160
1 492
1 250
1 244
1 256
2 399
2 277
1 102
2 194
2 302
1 493
1 205
1 493
1 128
1 76
2 71
1 366
1 363
2 7
2 183
1 93
2 185
1 180
1 222
2 218
2 60
1 399
1 283
2 268
2 214
2 357
2 134
1 198
2 188
2 455
1 170
2 6
1 268
2 343
2 261
1 216
2 121
1 436
1 60
2 18
2 250
1 409
2 299
2 379
1 15
2 60
1 232
2 94
2 454
1 340
1 200
2 386
1 372
1 75
2 376
1 55
2 317
1 212
2 274
1 305
1 127
1 175
1 280
1 60
2 408
2 299
2 9
1 426
1 209
2 14
2 444
2 413
2 236
1 431
2 418
2 500
1 98
1 105
1 146
1 314
2 119
1 11
2 148
1 211
1 140
1 144
1 144
2 400
2 384
1 91
2 65
1 196
1 320
1 95
2 20
2 221
1 20
2 116
2 18
1 227
1 50
1 93
2 278
1 276
1 321
1 314
2 160
1 103
2 365
2 295
1 105
2 373
2 97
2 495
1 166
2 123
2 443
2 112
1 410
2 85
2 456
2 319
2 112
2 445
1 118
2 212
1 457
1 50
2 424
2 371
1 117
2 156
2 264
2 335
2 357
2 107
2 169
1 131
1 198
1 108
2 18
2 241
2 402
1 231
1 334
2 267
2 150
1 65
2 393
2 289
2 318
1 265
1 321
1 470
1 323
2 37
1 247
2 18
1 418
2 177
1 53
2 258
1 217
1 318
2 221
2 209
1 354
1 227
1 221
1 395
2 476
2 86
1 411
1 222
2 204
1 136
1 193
2 162
2 214
2 17
1 437
2 27
1 50
1 315
1 153
1 16
2 344
1 202
2 205
2 287
1 173
1 367
2 166
1 125
2 359
2 17
2 217
2 289
2 148
2 240
2 16
1 281
1 209
1 318
2 109
1 24
2 229
1 349
1 270
2 124
1 113
1 126
2 35
1 299
1 221
2 186
1 146
1 299
1 152
1 322
1 275
2 392
2 86
1 248
2 212
1 186
1 215
1 356
2 429
2 135
2 45
1 237
1 138
2 395
2 355
1 48
2 412
2 484
2 30
2 408
2 158
2 268
2 108
2 473
2 129
2 37
2 279
2 214
1 12
1 204
1 27
2 346
1 393
2 139
1 116
1 14
2 342
2 497
1 255
1 338
1 428
1 408
1 351
1 121
1 81
1 79
1 278
1 397
1 309
2 443
1 284
1 48
1 88
2 427
2 366
1 430
2 341
2 351
2 310
2 404
2 499
1 350
1 110
1 150
1 133
1 193
1 400
1 393
2 136
2 33
2 286
1 146
2 151
1 21
1 318
2 202
1 110
2 148
2 149
2 488
2 240
1 400
2 124
2 478
2 315
1 260
2 324
2 283
1 252
2 137
2 79
2 89
2 241
1 259
2 32
2 21
2 130
2 262
2 417
2 12
2 100
1 35
2 379
1 100
1 472
2 50
1 75
1 90
2 373
2 408
1 299
1 379
1 52
1 181
1 230
1 199
2 314
2 104
1 402
2 173
2 291
1 126
2 360
1 384
1 416
2 340
1 422
1 493
1 209
2 293
1 216
2 118
2 428
2 424
2 128
1 405
1 318
1 487
2 97
1 464
1 364
2 429
2 372
1 110
1 446
2 369
1 97
2 42
1 411
1 204
1 61
1 160
1 490
1 110
1 219
1 302
1 228
1 218
1 3
1 31
2 434
1 110
1 238
2 406
1 116
2 242
2 421
2 110
1 398
1 199
1 293
1 49
1 82
1 471
1 297
1 236
1 253
2 112
1 348
2 341
2 477
1 195
2 334
2 10
2 24
2 198
1 60
1 187
2 364
1 429
1 11
1 242
2 361
2 104
1 73
1 226
2 378
2 150
2 225
2 294
1 219
2 267
2 237
2 123
1 314
2 111
1 67
1 438
2 260
2 190
1 337
2 85
1 187
1 128
2 96
2 362
2 412
1 297
1 137
2 99
1 322
2 126
1 413
2 370
1 308
2 356
1 325
1 61
1 229
1 126
1 109
1 342
1 319
1 19
2 409
2 257
1 177
1 173
2 148
1 465
2 304
1 450
1 315
1 343
2 198
2 366
1 308
1 29
1 49
2 285
2 15
2 390
2 126
1 336
2 307
1 432
1 323
2 90
2 95
1 179
1 400
1 301
2 455
2 37
1 227
2 312
2 65
1 135
1 115
1 166
1 121
2 383
2 182
1 431
1 404
2 271
2 357
2 214
2 103
1 18
2 274
1 421
1 383
2 379
2 229
1 122
2 345
2 144
1 476
1 357
2 35
2 386
2 401
2 405
2 52
2 183
2 104
2 14
1 213
1 38
2 139
1 290
2 16
2 64
2 358
1 74
1 398
2 486
1 409
2 152
1 17
1 136
1 140
2 161
2 244
1 293
1 61
1 69
1 218
1 271
1 52
1 171
2 6
2 99
1 103
1 77
2 436
1 442
2 64
1 131
2 151
1 40
1 209
1 139
2 92
2 206
2 456
1 443
2 236
2 226
1 143
1 308
1 365
2 356
1 202
2 438
2 114
1 416
1 289
1 452
1 167
2 374
1 237
2 435
1 357
1 14
2 314
2 280
1 274
1 310
2 326
2 179
2 428
1 464
2 352
1 96
1 128
1 491
1 286
2 392
1 437
2 345
1 429
1 279
1 463
1 29
1 39
2 430
1 153
1 34
1 365
1 373
1 451
2 60
1 140
2 81
1 207
2 177
2 253
2 41
2 247
2 355
2 275
1 102
2 29
1 282
2 117
1 385
2 221
1 6
1 246
1 435
1 67
2 290
2 417
1 385
2 250
2 151
2 23
2 155
2 92
2 296
1 146
1 478
1 327
2 225
1 272
2 227
1 473
1 8
1 50
2 256
2 131
2 27
2 215
1 408
1 174
2 217
2 234
1 185
1 380
2 483
2 272
2 341
1 428
1 337
2 92
2 480
2 55
1 227
2 391
1 426
1 188
1 235
2 39
2 332
1 179
1 272
1 226
1 398
1 312
1 334
2 178
2 477
1 375
1 352
2 189
2 181
2 474
2 149
1 37
2 133
2 498
2 369
1 368
1 81
2 499
1 434
2 431
1 112
2 465
1 421
1 444
2 234
1 219
1 281
2 214
1 322
1 170
1 287
2 455
2 68
2 132
2 185
1 114
2 218
2 112
2 436
2 295
2 176
1 402
2 120
1 74
2 179
2 334
2 483
1 183
1 445
1 254
2 432
1 277
2 298
1 491
2 499
1 253
1 151
1 334
1 121
2 415
2 353
1 467
1 388
2 237
1 167
2 164
1 62
2 450
2 384
2 295
1 78
2 408
1 404
2 349
2 500
2 175
1 363
1 187
1 494
1 285
1 470
1 461
2 92
2 93
1 203
2 209
1 137
1 7
1 357
2 416
1 470
2 59
1 436
1 285
2 373
2 145
1 72
2 224
1 367
1 343
2 406
2 348
1 19
1 433
2 61
2 434
1 495
1 417
1 89
2 62
2 473
1 6
1 163
2 411
2 248
2 98
2 156
2 398
1 3
2 400
2 383
2 296
2 324
1 10
2 264
2 429
1 129
2 335
2 367
1 171
2 350
1 471
2 417
2 178
2 51
2 333
2 261
1 13
2 191
1 201
1 444
2 245
1 267
2 214
1 176
2 100
1 356
1 382
1 142
1 42
1 340
1 328
2 205
1 37
2 213
2 52
2 69
1 432
1 227
1 173
1 234
1 279
2 45
2 65
2 424
1 230
2 332
1 363
1 249
2 283
1 339
1 174
1 334
2 299
1 454
2 165
2 94
1 480
1 308
1 176
2 1
1 345
1 315
1 72
2 310
1 80
2 243
2 112
1 210
1 339
2 380
1 406
2 3
2 462
1 132
1 244
1 395
1 168
2 147
2 475
2 296
2 309
1 11
1 466
1 329
1 87
1 11
1 32
2 228
2 174
2 334
2 194
1 357
2 140
2 303
2 311
1 225
2 488
2 390
2 307
1 460
2 129
2 88
1 335
2 357
2 25
1 277
1 122
2 431
2 488
2 431
1 183
2 121
1 390
1 178
1 432
2 440
1 459
2 72
1 193
1 6
2 321
1 138
1 415
1 407
1 5
2 51
2 492
2 412
2 33
2 428
1 77
2 375
1 97
1 33
2 77
1 61
1 171
1 191
2 470
2 338
1 286
2 364
2 263
2 361
2 363
1 462
2 210
2 178
1 134
1 150
2 451
1 460
1 259
1 410
1 99
1 405
1 488
1 12
1 42
1 249
1 363
1 47
1 46
1 229
1 138
1 94
1 439
2 413
2 202
2 129
1 70
2 35
2 301
1 10
1 121
1 98
2 320
1 54
2 219
1 248
1 363
2 148
2 393
1 350
2 382
1 246
2 362
2 63
1 30
2 208
2 182
2 133
2 152
2 218
1 172
2 430
2 158
2 39
1 488
1 348
1 69
1 24
2 78
2 296
2 11
2 257
1 159
1 45
1 280
1 32
2 282
2 189
2 389
1 341
1 467
1 97
1 133
2 170
1 59
2 169
2 320
2 112
1 166
1 288
2 121
2 248
2 131
1 193
2 15
2 98
1 425
2 221
2 19
1 471
2 206
2 145
2 415
1 355
2 264
1 229
1 164
1 490
1 116
2 16
1 419
2 315
2 11
2 456
2 128
1 457
1 416
2 62
1 209
1 114
1 261
2 411
1 170
2 69
2 287
1 267
2 401
2 252
2 172
2 292
2 484
1 336
2 201
1 432
2 17
1 436
1 240
1 53
2 450
1 398
1 261
1 145
2 448
1 276
2 306
2 122
2 18
2 391
1 410
1 330
2 71
2 56
1 315
1 423
1 433
1 352
1 187
1 58
1 243
2 457
1 103
1 188
2 238
1 190
1 251
1 278
1 340
2 335
1 144
2 418
2 428
2 474
1 264
2 452
1 216
1 405
1 337
1 290
1 21
1 425
2 55
1 296
1 238
2 400
1 239
2 162
2 437
2 484
1 17
2 409
1 342
2 254
1 108
2 308
1 78
1 250
1 138
1 230
2 28
2 108
1 297
2 284
2 403
1 136
1 54
1 207
1 60
1 277
2 207
1 146
1 168
2 120
2 144
2 383
2 329
2 289
2 259
1 357
1 43
1 137
2 239
2 344
1 155
1 168
2 56
2 200
2 263
2 231
2 19
2 281
2 455
2 323
1 345
2 79
2 374
2 335
1 57
1 113
2 150
1 127
2 296
2 483
2 497
2 169
1 177
2 66
1 222
2 197
1 419
2 304
2 341
2 108
2 20
2 164
2 204
1 77
1 468
2 262
2 123
1 332
1 82
2 135
2 137
2 368
1 309
1 200
2 14
2 101
2 379
1 54
2 406
1 286
2 393
2 337
2 180
1 18
2 269
1 64
2 38
2 312
1 306
2 198
2 22
2 204
1 266
2 334
2 442
2 44
1 369
1 53
1 104
1 309
1 426
1 480
2 6
1 13
1 6
1 334
2 212
2 279
1 349
1 500
2 435
2 328
2 127
1 203
1 302
2 157
2 86
1 393
2 131
2 106
2 319
1 15
1 180
2 359
2 461
2 23
2 253
1 49
2 230
2 164
2 113
1 313
1 308
2 493
1 314
1 426
1 389
2 365
2 289
1 301
2 434
2 143
1 24
1 121
2 294
1 487
2 456
2 308
2 208
1 52
2 250
1 356
1 474
1 262
1 295
1 11
1 88
2 118
1 400
1 68
1 225
2 304
1 57
2 146
1 263
1 136
1 231
2 353
1 63
2 317
2 380
2 437
1 184
1 431
2 495
1 128
2 404
2 103
2 246
1 76
1 149
1 223
2 54
2 434
1 393
2 325
2 429
2 240
1 18
1 47
1 19
1 434
2 309
1 383
1 136
1 265
1 373
2 15
2 413
1 246
1 50
1 78
2 34
2 442
2 190
1 414
1 366
1 130
1 235
1 431
1 26
2 6
1 181
1 176
2 171
1 250
2 343
2 199
2 199
1 279
1 480
2 96
2 244
2 370
1 293
1 200
1 346
2 215
1 428
2 322
1 16
1 318
1 102
1 438
2 360
2 40
2 113
2 35
1 64
1 333
1 407
1 25
1 88
2 129
2 481
1 465
1 373
1 58
2 2
2 479
2 63
1 199
2 357
2 30
1 192
2 479
1 98
2 201
1 93
2 52
1 130
1 273
2 150
1 33
2 325
2 363
2 232
2 414
1 497
2 211
1 9
2 137
2 43
2 292
1 17
2 413
1 211
2 500
1 367
1 214
2 394
1 281
1 488
1 65
1 341
1 23
2 316
2 455
2 495
1 346
2 293
1 8
2 146
1 66
1 391
2 258
2 206
2 114
2 436
1 28
1 305
1 125
2 208
2 479
1 177
1 416
2 285
2 175
1 282
1 294
2 370
2 161
2 441
1 119
2 303
1 152
1 47
1 228
1 207
1 159
2 233
1 203
2 348
2 446
1 468
2 154
2 142
1 115
1 291
2 310
2 230
1 52
1 89
2 381
2 188
2 29
1 464
2 436
2 459
1 292
1 472
2 114
2 314
1 47
1 312
1 401
2 169
1 168
1 435
1 404
1 438
2 42
2 15
2 416
1 62
2 251
1 356
2 350
2 296
1 477
1 104
2 500
1 180
1 381
1 67
2 236
2 69
2 109
2 309
1 408
2 435
2 108
1 227
2 162
1 57
1 333
1 366
2 135
1 204
1 159
1 152
1 478
1 226
2 6
2 314
1 109
1 276
1 241
1 376
2 227
1 392
1 295
1 244
1 155
2 445
2 68
1 263
1 19
1 484
1 226
2 289
1 249
1 253
2 269
2 243
1 264
2 407
2 96
1 488
1 448
1 118
2 231
1 264
2 72
2 476
2 248
2 335
1 32
2 336
2 419
2 500
2 417
1 93
1 259
1 317
1 215
1 424
2 314
1 45
2 286
1 33
2 488
2 380
1 158
1 172
1 146
2 110
1 428
1 129
1 485
2 243
2 230
1 143
2 205
2 131
2 411
1 375
1 234
2 269
2 322
1 171
2 462
1 84
2 186
1 426
1 8
1 369
2 38
2 484
1 402
1 436
1 129
2 413
2 269
1 105
1 473
2 260
2 407
2 175
1 258
2 113
2 120
2 353
2 344
1 251
2 302
1 112
1 348
1 144
1 57
2 57
1 227
1 316
2 362
1 428
2 442
2 235
1 225
1 422
1 127
1 16
1 358
2 210
2 3
2 25
2 305
2 440
1 101
2 220
1 97
1 285
1 392
2 303
1 310
2 36
2 248
2 216
2 382
2 14
1 482
1 442
1 470
1 21
1 488
2 88
1 92
1 326
2 242
1 450
1 56
2 340
1 240
2 260
2 184
2 4
2 14
2 302
1 30
2 257
1 119
1 305
1 67
1 44
2 314
2 360
2 330
2 24
2 457
1 41
1 260
1 304
1 44
1 109
1 132
2 295
1 61
2 311
2 285
1 287
1 198
1 318
2 48
1 299
2 329
2 144
1 438
1 213
1 405
2 407
1 390
2 489
1 355
2 280
2 4
2 88
2 64
1 432
1 303
1 468
2 273
2 70
1 58
2 43
1 307
2 53
1 353
2 349
1 43
2 50
1 47
1 451
1 247
1 425
2 463
1 383
2 3
1 445
1 438
2 78
2 140
1 144
1 375
2 403
2 473
2 167
2 294
2 332
1 350
2 292
1 352
1 47
1 477
2 470
2 33
2 363
1 380
1 368
1 350
1 375
1 74
2 396
2 361
1 110
1 188
2 373
2 74
2 245
2 113
1 169
1 112
2 169
2 388
1 97
1 158
2 263
2 215
2 302
2 238
2 136
2 312
1 315
2 279
2 139
2 124
2 388
2 189
2 430
2 444
1 314
2 200
1 184
1 86
2 192
2 247
2 99
1 390
1 499
1 176
2 263
1 296
1 238
1 410
2 60
1 396
2 306
2 153
2 212
1 177
2 413
1 285
2 185
2 480
2 194
1 172
1 307
2 310
1 302
2 415
1 424
1 290
1 257
1 422
1 384
2 427
1 226
2 362
1 237
1 445
2 497
1 238
2 434
2 402
2 118
1 152
2 330
1 474
1 87
1 257
1 198
2 469
2 246
2 184
1 172
1 116
1 95
1 26
1 104
2 319
2 95
1 466
1 467
2 213
1 38
2 375
2 356
1 9
2 378
2 286
2 24
1 420
2 107
2 350
1 223
1 283
2 194
1 444
1 38
1 65
1 329
1 162
1 487
2 136
1 67
2 116
1 174
2 412
1 331
1 194
2 133
1 74
1 75
2 338
1 377
1 39
2 193
2 240
2 75
2 246
2 499
2 82
2 247
1 8
2 459
2 334
2 28
2 121
1 479
1 418
2 211
1 411
1 360
1 138
1 228
1 278
2 96
1 103
2 57
1 271
2 163
1 457
1 214
2 496
2 386
2 399
2 72
1 56
1 311
2 69
2 428
2 469
1 410
2 218
1 384
1 480
1 296
1 88
2 217
2 53
1 199
1 402
1 465
2 405
2 354
1 17
2 172
2 8
2 259
2 398
2 269
2 40
1 16
2 276
1 413
2 38
2 484
2 85
1 100
2 74
2 314
2 437
2 427
2 269
1 225
1 180
2 246
2 56
1 198
1 197
1 364
1 425
2 25
2 146
1 349
2 280
2 161
1 351
1 364
1 477
2 137
1 81
2 374
2 496
2 24
1 385
2 278
2 85
1 169
1 129
2 448
1 31
2 327
1 400
2 353
1 483
2 383
2 75
1 255
1 31
1 466
2 16
2 75
1 248
2 329
1 259
2 487
1 441
2 23
1 59
2 67
2 67
2 308
1 56
1 415
1 44
1 352
2 326
1 159
2 20
2 152
2 319
1 272
2 7
1 450
2 372
1 310
1 316
2 431
1 382
1 161
2 429
2 484
2 142
1 179
1 332
2 144
2 172
2 261
1 60
2 243
2 226
1 220
1 20
2 117
2 200
2 178
1 141
2 86
2 6
2 148
2 447
2 339
1 409
1 296
1 310
1 102
2 293
2 280
1 175
1 416
1 173
2 206
2 105
2 299
1 407
1 299
2 440
2 323
1 88
1 167
2 359
1 136
2 441
2 166
2 163
2 193
2 26
1 203
1 392
1 92
2 299
1 3
2 378
2 438
1 498
2 66
1 372
2 210
1 320
2 131
1 308
2 372
2 72
1 314
2 427
2 113
1 498
1 168
1 496
2 45
1 209
1 201
2 15
2 96
1 489
1 19
1 400
1 332
2 315
1 138
1 254
1 171
1 421
1 479
2 294
2 262
2 484
1 287
1 76
1 183
2 460
2 416
2 294
1 34
2 97
2 54
1 124
1 305
2 265
2 313
1 157
1 412
2 239
1 342
2 432
2 83
2 429
1 453
2 97
1 35
2 360
1 247
1 15
2 232
2 186
1 40
1 469
1 38
2 1
1 373
1 256
2 26
1 305
2 110
2 168
1 446
1 435
1 67
2 242
1 431
2 193
2 473
2 126
1 71
1 241
1 410
1 102
2 384
1 265
2 11
2 489
1 164
2 499
1 224
1 379
1 371
2 328
2 435
2 56
2 283
2 152
1 496
1 478
2 363
2 224
2 231
1 180
1 338
1 475
2 122
2 419
1 275
1 38
2 403
2 65
2 93
2 228
2 174
2 171
1 3
1 261
2 309
1 478
2 322
1 59
2 156
2 138
1 427
2 342
2 471
2 365
1 327
1 356
1 500
1 387
2 272
2 87
1 291
2 226
1 368
2 258
1 113
2 157
2 421
2 367
2 109
2 158
2 174
2 286
1 391
1 28
1 23
1 93
2 30
2 128
1 455
2 273
2 279
2 106
2 279
1 441
2 407
2 25
1 463
1 457
2 334
1 366
1 302
2 20
2 129
2 80
2 31
1 1
2 133
1 359
2 282
2 354
1 397
1 119
1 40
1 64
2 263
1 80
1 240
2 247
1 449
1 302
2 382
1 491
1 112
2 128
2 499
2 80
1 211
1 459
1 477
1 474
1 303
2 7
1 355
2 113
2 283
1 133
1 420
2 29
2 323
1 423
2 341
1 68
2 403
1 300
1 252
2 323
1 177
2 448
2 286
1 333
1 326
2 435
2 439
2 127
2 322
2 81
1 402
2 64
1 378
2 35
2 487
2 35
2 242
1 45
2 245
2 298
1 45
1 166
2 46
1 95
2 192
1 381
2 28
1 249
2 159
2 238
2 344
1 12
2 457
1 463
2 137
1 123
2 195
1 16
1 432
1 310
2 489
1 68
1 486
1 125
1 450
1 492
2 337
2 81
2 411
2 345
2 6
2 79
1 107
1 291
1 408
2 364
1 494
2 116
2 450
1 326
1 305
1 396
2 172
2 137
1 223
2 480
2 300
2 280
1 356
2 147
2 23
1 11
1 497
1 347
1 217
1 197
2 341
2 365
2 421
2 446
2 481
1 223
1 336
2 37
2 425
2 306
2 397
1 314
2 441
1 338
2 36
2 381
1 479
2 92
2 245
1 245
2 167
1 357
1 322
2 396
1 428
2 44
1 368
2 420
1 221
2 168
1 495
1 483
2 144
2 75
1 464
1 465
1 287
2 483
1 65
1 205
1 431
1 19
1 456
1 310
1 399
2 135
2 377
1 218
1 44
1 408
2 111
1 340
2 44
1 208
1 403
1 452
2 11
1 483
2 112
1 346
1 120
2 402
1 450
2 16
2 263
2 203
2 498
1 474
2 67
2 500
2 297
2 154
2 125
1 477
1 279
2 245
1 7
1 246
1 469
2 4
2 387
1 103
1 99
1 276
2 461
2 485
2 78
1 415
1 125
1 289
2 270
2 153
1 382
1 435
1 10
1 80
1 495
2 483
2 462
1 461
1 236
2 178
2 435
2 218
2 188
1 314
2 390
1 84
1 215
1 121
1 307
2 323
2 87
2 97
1 266
2 470
2 353
2 166
2 443
2 346
1 241
2 290
1 476
2 253
1 94
1 413
1 278
2 404
1 391
1 263
1 408
1 8
2 83
2 399
2 260
1 211
1 254
1 333
2 77
1 418
1 15
1 274
1 268
2 359
1 381
2 17
1 205
2 400
2 401
2 15
1 394
2 363
1 77
1 228
2 485
1 174
2 179
2 142
2 476
1 308
1 120
2 495
1 201
2 462
2 397
2 113
1 405
2 141
2 22
2 485
1 218
2 4
1 457
2 46
1 144
1 139
1 30
1 291
1 232
2 182
1 433
1 121
2 121
1 170
1 334
1 500
2 16
2 150
2 500
1 108
2 253
2 110
1 84
2 215
2 5
1 146
2 394
1 125
1 379
1 359
1 4
1 114
2 213
1 343
1 311
2 206
2 401
1 48
1 216
1 2
1 361
2 360
1 412
1 471
2 482
1 354
2 39
1 355
2 435
1 166
2 352
1 11
1 39
1 439
1 171
1 177
2 86
1 137
2 223
2 491
1 288
2 40
2 16
2 281
1 296
2 46
2 318
1 250
1 465
1 313
2 127
2 165
1 376
2 264
1 260
2 154
2 303
2 225
1 291
1 471
1 452
1 84
2 423
2 328
2 20
1 373
1 128
2 413
2 42
2 100
2 135
2 199
2 298
1 310
1 429
1 26
1 147
2 352
2 294
2 307
2 170
2 15
2 67
2 151
1 307
1 260
2 207
2 81
1 234
1 295
1 21
1 245
2 133
1 235
1 478
2 442
2 71
1 295
1 235
2 449
2 398
2 186
1 371
1 311
1 8
1 469
1 129
2 47
2 364
2 38
2 26
1 339
1 287
2 289
2 281
1 414
1 2
2 486
1 216
1 179
2 105
2 455
1 63
2 346
1 337
1 118
1 215
1 162
2 292
1 374
1 391
2 453
1 89
1 115
1 438
2 231
1 291
2 127
2 241
2 278
2 208
2 291
1 202
1 274
2 105
2 416
1 137
2 239
2 10
1 233
2 498
2 193
2 351
2 141
2 495
2 167
1 165
2 327
2 112
2 211
2 303
2 64
1 199
1 368
1 7
1 359
2 414
2 145
1 73
2 206
1 407
2 473
1 33
1 494
2 104
1 361
1 34
1 197
1 77
2 144
1 16
1 440
1 256
1 45
1 220
2 247
2 475
1 254
2 223
2 3
1 302
2 83
1 490
1 419
2 196
1 2
2 63
2 344
1 376
2 350
2 491
1 425
2 19
1 175
2 276
1 418
1 244
2 265
1 132
2 4
2 245
2 241
2 297
2 329
1 325
1 118
2 125
2 483
1 424
2 384
1 38
1 129
1 154
2 71
2 427
1 315
2 430
2 182
1 491
1 397
2 39
1 333
2 260
2 158
1 176
1 87
2 47
2 50
1 311
1 336
2 193
1 260
1 56
2 199
2 154
2 65
1 313
1 206
1 64
1 459
2 257
2 8
2 111
2 206
2 177
2 362
2 42
2 195
2 265
2 495
1 340
1 461
1 161
1 279
1 381
1 167
2 134
1 143
2 82
1 369
1 240
1 479
2 54
2 230
1 417
1 87
1 487
2 463
2 65
1 223
2 331
2 434
1 266
1 412
2 276
2 105
2 214
2 296
1 459
2 85
2 100
1 187
2 70
2 437
1 94
2 431
1 251
1 240
1 291
2 363
1 135
2 433
2 105
1 116
2 456
1 141
2 75
2 345
2 180
1 482
2 292
1 49
2 479
1 410
1 494
1 39
2 90
2 329
1 402
1 108
2 347
2 264
1 131
1 122
1 241
2 435
2 219
2 427
2 474
1 170
2 460
2 447
2 383
2 447
2 422
1 493
2 6
1 394
2 68
2 150
1 321
1 44
2 270
1 88
2 10
2 62
2 169
1 221
1 487
2 40
1 73
1 28
1 492
2 418
2 491
1 218
1 3
1 202
2 435
2 367
1 250
1 264
1 140
2 173
1 3
1 237
2 96
2 209
2 389
1 145
1 397
1 43
1 327
1 376
1 237
1 409
1 374
2 107
2 361
1 342
2 491
1 142
1 194
1 24
2 327
1 166
1 234
1 327
1 155
1 377
2 295
1 80
1 162
2 384
1 318
2 236
1 7
2 98
1 78
2 486
2 141
2 332
1 414
1 489
2 211
1 311
2 3
2 25
1 429
1 37
1 337
1 257
2 1
1 394
1 327
1 186
2 234
2 396
1 26
1 216
1 101
1 93
2 120
2 118
1 228
1 497
1 278
1 406
1 107
1 59
2 31
2 103
1 465
1 411
2 382
1 430
1 208
1 289
2 342
1 79
1 264
2 133
2 328
2 374
2 190
1 71
1 380
1 483
2 171
1 187
1 75
1 238
1 342
1 461
2 135
2 252
1 465
2 142
2 127
2 79
1 299
2 35
1 174
2 374
2 466
1 100
2 232
2 174
2 66
1 107
2 376
2 154
2 447
1 133
2 14
2 240
1 63
1 194
2 346
2 285
1 331
1 204
1 425
2 486
1 215
1 394
1 154
1 430
1 47
1 376
1 328
2 224
2 92
2 331
1 187
2 249
2 350
1 282
1 32
2 116
1 211
2 188
1 260
2 168
1 235
2 218
1 10
2 156
2 209
1 38
2 452
1 264
1 441
2 427
2 16
1 70
1 107
2 293
1 78
1 24
1 355
2 225
1 33
2 464
2 218
1 339
1 491
1 175
1 351
2 108
1 347
2 443
2 138
2 170
2 47
2 378
2 137
1 264
2 334
2 113
1 80
1 425
2 405
2 206
2 403
2 472
2 341
1 53
1 1
2 44
2 119
2 299
1 375
1 276
1 140
2 463
1 192
2 494
1 337
2 55
1 215
1 340
2 292
2 237
1 319
1 190
2 405
1 396
2 401
1 190
1 264
2 463
2 243
1 402
1 358
1 23
1 334
1 331
2 458
2 268
1 198
2 269
1 148
1 84
1 39
1 439
1 130
1 108
1 209
1 155
2 169
2 342
1 391
1 478
1 238
2 180
1 405
1 241
1 315
2 99
1 302
1 359
2 291
2 154
2 180
2 121
1 485
2 202
2 486
2 279
1 276
1 363
1 109
2 84
2 131
1 480
1 423
2 214
2 157
1 268
1 176
1 387
1 350
1 91
1 471
2 263
1 178
2 277
1 431
1 412
1 246
1 345
1 82
2 85
1 278
1 129
2 239
2 316
2 307
1 480
2 126
1 374
2 218
1 292
1 214
1 413
2 447
1 330
1 168
1 469
2 469
2 249
1 463
1 500
2 322
2 45
2 72
1 102
2 420
2 288
2 448
2 295
1 310
1 273
2 390
2 273
1 189
2 417
1 288
1 272
2 98
2 56
2 438
2 309
2 253
2 193
2 353
2 446
1 463
2 342
1 163
1 413
1 338
1 207
2 301
1 234
2 350
2 419
1 1
1 348
2 380
2 305
1 27
2 245
2 173
1 44
2 403
2 390
1 138
1 216
1 130
2 188
2 293
2 118
2 390
1 46
2 6
1 352
1 452
1 225
1 385
1 311
2 76
1 378
2 500
2 3
2 246
1 459
1 500
2 331
2 394
1 9
2 429
1 134
2 159
1 208
2 330
1 181
2 422
1 322
2 3
1 253
1 69
2 285
2 139
2 309
1 46
1 282
2 381
1 411
1 477
1 286
1 340
2 267
2 376
1 385
1 115
2 477
2 347
1 103
1 432
1 369
1 433
2 156
2 270
1 56
1 387
1 108
1 308
1 338
2 313
1 265
2 210
2 461
2 354
1 246
1 475
1 467
2 320
1 71
2 391
2 39
2 320
1 355
2 223
1 13
2 118
2 313
2 18
2 87
2 336
1 212
1 150
1 420
2 151
2 262
2 321
1 22
1 149
1 118
2 123
1 257
1 259
2 271
1 341
2 202
2 393
1 190
1 91
1 214
1 304
2 338
1 126
2 263
1 438
1 496
2 213
1 152
2 172
1 450
2 131
1 393
2 65
1 268
2 43
2 452
1 456
1 321
2 500
2 207
1 18
1 202
2 306
2 53
2 479
2 341
2 154
2 335
1 167
1 428
2 82
1 259
2 21
2 322
1 366
1 13
2 81
1 465
1 419
1 215
2 372
2 357
2 492
2 446
1 292
2 70
2 104
1 114
1 111
2 348
1 314
1 62
1 74
2 484
1 248
1 240
2 456
1 347
2 286
1 308
2 16
1 153
1 409
1 95
2 52
1 50
2 154
1 463
2 194
1 422
2 495
2 263
1 256
2 101
2 252
1 321
2 489
2 90
1 443
2 472
1 330
1 63
2 337
2 413
1 322
1 322
1 346
1 469
2 44
2 345
2 181
2 265
2 342
2 270
1 243
1 129
1 115
2 111
2 67
2 332
1 61
2 407
1 88
1 359
2 148
2 129
1 220
2 201
2 451
1 344
2 63
1 469
2 367
2 331
2 305
1 25
2 18
2 271
2 10
2 87
1 183
2 337
1 460
2 314
1 211
2 455
2 185
2 154
2 205
1 335
2 350
2 374
2 494
1 324
2 476
1 12
1 477
2 412
1 89
2 49
2 438
2 276
1 129
2 172
2 116
1 46
2 421
2 332
1 266
2 268
2 416
1 250
1 184
2 383
1 90
1 275
2 286
1 500
2 478
2 451
2 232
1 410
1 118
2 417
2 99
2 475
1 168
2 110
2 89
1 474
1 423
1 408
2 297
2 327
1 281
2 71
2 477
1 16
1 424
2 329
1 469
2 239
1 231
1 338
1 340
2 201
1 411
2 26
2 219
1 37
1 333
2 216
2 290
2 254
2 15
1 438
2 89
1 470
2 376
2 342
2 322
2 180
1 207
1 142
2 409
1 128
2 488
2 401
2 278
2 193
1 88
1 127
1 10
1 199
2 107
1 451
1 286
1 11
1 39
1 269
1 182
1 392
2 443
2 298
1 151
1 363
1 324
2 118
2 141
1 217
2 207
2 26
2 500
1 484
2 39
1 190
1 500
2 389
1 77
1 13
2 379
2 169
1 420
1 34
1 453
1 158
2 120
2 3
1 70
2 10
1 442
2 180
2 131
1 86
1 457
1 138
2 29
1 389
1 443
1 359
2 376
1 258
2 198
1 466
2 302
2 226
1 25
2 388
1 176
1 67
1 275
1 319
2 10
2 102
1 480
1 199
2 327
1 202
1 419
2 494
2 494
1 316
1 328
2 25
1 28
2 135
2 295
2 161
1 11
2 107
2 426
2 197
2 464
1 128
2 417
1 455
1 45
1 279
1 324
1 227
1 246
1 358
1 166
1 47
2 484
1 19
1 162
2 162
1 465
2 212
2 466
1 494
1 435
1 86
1 279
1 461
2 25
1 268
2 40
2 71
2 320
2 284
2 7
2 310
2 438
2 55
2 186
1 117
1 24
1 82
1 13
1 178
1 64
1 432
2 112
1 329
2 294
2 115
1 409
2 123
1 297
2 453
2 429
2 306
1 270
2 105
1 281
2 23
1 432
1 150
2 159
1 177
1 442
2 104
2 67
1 48
1 254
1 50
1 420
2 485
2 242
1 175
1 76
2 69
2 207
1 253
2 399
2 21
2 71
1 43
1 349
1 205
1 294
1 136
2 460
1 106
2 61
1 278
1 180
1 346
1 267
1 103
1 378
2 358
2 246
1 142
1 341
1 399
1 303
1 51
1 6
1 167
1 435
1 406
1 142
2 352
1 201
1 425
1 76
1 230
2 181
2 118
1 68
1 211
1 402
2 484
2 416
1 176
1 93
2 168
1 184
2 494
1 324
1 165
2 200
2 71
1 117
1 457
2 55
1 406
1 428
2 214
1 390
1 249
2 322
1 68
2 286
2 92
2 479
2 359
1 3
2 261
2 320
1 155
2 237
2 34
1 153
1 211
2 489
1 25
1 375
1 19
2 357
1 473
2 218
1 216
1 464
1 395
1 397
2 362
2 313
2 297
1 346
2 8
1 318
1 348
2 179
1 57
2 327
2 221
2 212
1 320
1 116
1 311
1 115
1 145
2 270
2 244
1 151
2 153
2 486
1 13
2 217
2 199
1 449
1 292
2 59
2 188
1 177
1 186
2 373
1 421
1 474
2 461
1 267
1 444
2 317
1 269
1 376
2 281
2 442
1 189
2 386
1 174
1 225
2 56
2 392
2 294
2 493
2 341
2 72
1 215
1 92
2 273
2 6
2 143
2 328
2 447
1 58
2 479
1 183
2 434
2 215
1 291
2 334
2 169
2 267
1 496
1 70
2 176
2 25
2 374
2 353
1 418
2 144
1 396
2 282
1 105
1 409
2 406
1 230
2 350
1 310
2 57
2 465
1 158
1 254
2 342
2 202
2 221
1 6
1 376
1 297
1 339
2 226
2 446
2 171
2 154
1 492
1 62
1 294
2 149
2 101
1 5
2 452
2 500
1 193
2 301
2 206
2 194
2 383
2 90
2 138
2 236
2 305
1 140
1 368
2 348
2 130
2 123
1 281
1 243
2 348
2 314
2 181
2 335
1 349
1 320
1 371
1 318
2 57
1 124
1 98
2 244
2 27
1 12
1 191
1 280
1 148
2 442
2 451
2 244
1 404
2 489
1 322
2 300
1 468
2 6
2 98
2 495
1 319
2 431
2 464
2 47
1 7
1 292
1 468
2 461
1 301
2 497
2 107
2 204
1 423
2 490
1 310
2 496
1 195
1 136
1 192
1 121
2 374
1 360
2 298
1 416
2 268
2 425
2 413
1 300
2 189
1 207
1 478
1 477
1 479
1 33
2 498
1 221
2 65
1 415
2 251
2 313
1 447
2 96
2 216
1 193
1 241
2 253
1 452
2 93
2 193
2 305
1 130
2 264
2 456
1 261
1 212
2 427
1 13
2 16
1 474
2 336
1 311
1 283
2 169
2 397
2 351
2 254
2 77
2 379
1 398
2 441
1 415
2 119
2 445
2 6
1 47
2 131
2 281
2 323
2 491
2 13
1 271
1 26
2 486
1 230
2 394
1 196
1 241
2 86
2 153
2 455
2 284
2 259
1 202
1 216
1 152
1 385
2 345
1 121
1 165
2 64
1 224
1 217
1 74
1 353
1 97
2 128
1 95
1 295
1 319
1 340
2 89
1 245
2 486
2 262
1 67
2 60
2 436
1 106
2 134
1 438
1 116
2 461
2 303
2 358
2 468
2 295
1 125
2 488
1 256
2 111
1 277
1 316
2 2
1 425
2 231
2 364
2 279
1 409
2 282
1 54
2 167
1 304
2 91
2 252
1 95
1 371
2 236
2 287
2 460
1 223
1 426
1 240
1 113
1 489
1 118
1 494
1 93
2 74
2 143
2 380
2 38
2 311
2 289
1 361
1 161
2 141
1 372
2 493
1 380
2 229
2 374
1 132
2 370
2 1
1 233
2 100
2 131
2 395
2 8
1 370
1 42
1 457
1 242
2 397
1 282
1 322
2 199
1 473
2 362
1 432
2 354
1 217
1 294
2 106
2 70
2 172
1 336
1 377
1 76
2 403
2 250
1 364
2 29
1 221
2 13
1 485
1 35
2 53
1 15
1 480
2 336
2 400
1 130
1 453
1 252
2 266
1 430
2 154
2 169
1 201
2 377
2 251
1 89
2 91
2 17
2 391
1 425
1 227
2 269
2 464
2 237
2 374
2 62
2 329
1 252
2 114
1 65
1 39
2 371
1 107
2 404
1 442
1 491
2 86
1 51
2 280
1 130
2 306
2 31
1 124
1 14
2 261
1 305
1 82
2 133
1 413
1 389
1 67
1 374
2 491
2 53
1 64
1 274
2 76
1 206
2 289
2 288
2 148
1 52
2 118
1 472
1 71
2 235
1 92
2 494
1 385
1 203
1 432
1 20
2 483
2 58
2 295
2 23
1 288
2 226
2 110
2 138
2 409
1 22
1 184
2 285
1 412
2 219
2 314
1 202
1 314
2 122
1 455
2 253
1 219
1 350
1 27
2 212
2 62
2 287
1 99
2 17
2 410
1 353
2 177
1 75
2 164
1 450
1 340
2 63
1 384
1 90
1 250
2 197
1 386
2 261
1 257
2 494
1 216
2 93
2 104
2 235
1 362
1 237
1 90
1 315
1 63
1 235
2 57
2 180
1 265
1 277
1 68
2 39
1 321
2 28
1 297
1 395
2 297
1 64
2 135
1 212
2 134
1 65
1 229
1 335
2 35
2 366
2 233
2 238
2 387
2 181
1 26
2 194
1 410
2 412
1 486
2 445
2 273
2 12
2 105
1 345
2 457
2 445
2 467
1 94
2 298
1 388
2 200
2 349
1 41
1 357
2 235
2 349
2 162
2 359
1 206
2 108
1 265
2 55
2 86
1 288
1 273
2 58
1 312
1 285
1 18
1 82
1 294
2 462
2 495
1 424
1 226
1 66
2 288
1 277
2 119
1 108
2 443
1 66
1 275
2 309
1 196
2 99
2 25
1 148
2 83
2 422
2 306
2 3
2 310
2 318
1 195
2 170
2 294
1 94
2 142
1 64
2 144
2 177
1 74
1 390
2 247
1 169
1 2
2 349
1 301
1 239
2 442
2 335
1 200
1 8
2 182
2 177
2 233
2 197
2 29
1 19
2 249
2 30
2 209
1 62
2 395
1 208
2 412
1 276
2 174
2 303
2 353
2 235
1 184
2 448
1 369
1 338
2 152
2 71
1 97
1 72
2 136
2 31
2 25
1 362
1 88
1 108
2 495
1 82
1 477
2 241
2 494
1 165
2 148
1 208
1 219
2 439
1 262
2 105
1 127
1 187
1 481
1 358
2 487
2 4
2 319
1 159
1 25
1 160
2 263
2 120
2 350
1 39
2 231
2 248
2 312
1 422
1 431
1 471
2 422
1 232
2 70
1 404
1 269
1 470
2 134
1 216
2 351
1 297
2 248
1 437
2 329
2 54
2 342
1 28
2 202
2 3
2 204
2 216
2 174
1 355
2 127
1 494
2 175
1 58
1 186
1 184
1 56
1 477
2 317
1 12
1 466
1 140
2 476
1 345
2 245
1 160
2 121
2 199
1 146
1 421
2 454
2 49
2 398
2 110
1 380
2 232
2 338
2 217
1 430
1 314
1 113
2 44
2 329
2 232
2 202
2 9
2 109
2 368
1 285
2 71
1 301
1 212
1 377
2 303
1 194
2 480
1 293
2 390
1 469
1 448
2 126
1 177
1 217
1 91
2 224
2 369
1 167
1 162
2 212
1 200
2 284
2 210
2 54
1 50
1 73
2 192
1 156
2 283
1 116
2 225
1 89
2 363
2 24
1 149
1 44
2 140
2 379
1 255
1 153
1 306
2 152
2 126
1 69
1 31
2 336
2 376
1 199
1 31
2 466
2 310
2 231
2 187
1 2
1 393
1 245
1 434
2 399
2 56
2 318
1 151
2 45
1 429
2 116
2 317
2 341
1 293
1 279
2 385
1 272
2 138
2 179
2 469
2 482
1 43
2 313
1 156
2 423
1 452
1 394
1 174
1 98
1 9
1 149
2 359
1 22
1 140
1 271
1 276
1 483
1 254
1 215
2 4
1 492
2 231
2 427
2 323
1 222
2 103
1 224
2 142
2 161
2 296
2 93
2 34
2 92
2 74
2 48
1 148
2 236
1 128
1 134
1 389
1 132
2 225
2 452
1 451
1 351
1 394
2 20
2 369
1 417
2 122
1 224
2 355
2 498
1 473
1 283
2 339
1 204
2 473
2 133
2 118
2 373
2 277
1 141
2 207
2 439
1 21
1 448
2 473
1 60
2 281
1 9
2 459
1 33
2 366
2 58
2 351
1 197
2 173
2 272
1 246
1 59
1 224
2 344
1 156
2 344
1 96
1 406
1 416
1 337
2 307
1 468
2 175
1 136
2 205
2 430
1 320
2 67
2 347
1 442
1 312
2 289
2 489
1 460
1 335
1 388
2 41
2 150
2 371
2 414
2 43
2 376
1 331
1 109
2 351
1 382
1 187
1 68
2 215
2 282
1 27
2 394
2 376
2 134
1 31
2 172
2 389
2 139
1 340
2 100
1 296
1 203
1 3
1 360
1 500
2 471
1 162
1 297
2 259
1 134
2 328
2 66
1 55
1 139
1 450
2 435
2 72
2 283
1 258
1 495
2 487
2 339
1 181
2 388
2 416
2 431
2 29
1 310
2 199
2 180
1 39
1 449
1 102
2 387
2 224
1 171
1 50
2 61
1 495
1 372
1 320
2 4
1 150
1 134
2 114
2 200
1 130
1 465
2 230
2 145
1 436
1 15
1 324
1 67
2 23
2 432
2 93
1 394
1 101
1 442
1 44
1 421
1 493
2 108
2 439
2 176
2 68
1 64
2 117
1 413
1 272
2 186
1 132
2 458
1 458
2 1
1 96
2 379
2 157
1 311
2 238
1 173
2 27
1 400
1 70
1 487
2 360
1 409
2 454
1 426
1 468
1 117
1 198
2 4
1 480
1 301
1 151
2 226
2 61
2 24
1 289
1 174
1 385
1 491
2 299
1 102
2 194
1 34
2 64
2 97
2 350
2 464
1 73
1 380
2 166
1 466
1 117
1 306
1 221
1 192
1 63
2 490
1 362
2 351
2 59
2 171
1 195
2 463
2 176
1 252
2 97
2 499
1 208
1 67
2 451
1 152
2 402
2 473
2 15
2 391
2 121
2 184
2 399
1 285
1 339
1 267
1 457
2 353
1 420
2 296
1 28
2 234
2 439
1 395
2 380
2 377
1 401
1 370
1 409
2 225
1 394
2 387
1 107
2 366
1 361
2 395
1 460
2 168
1 38
1 203
1 402
2 121
1 343
2 453
2 497
1 350
1 20
1 92
2 178
2 4
1 469
2 277
1 231
1 382
1 209
1 37
1 366
1 264
1 352
1 311
1 245
1 89
2 452
1 391
2 488
1 19
2 496
2 440
1 91
2 346
2 108
1 113
1 95
1 33
1 295
2 145
1 59
1 304
1 117
1 490
2 291
1 265
2 7
1 364
2 377
2 99
1 295
2 309
2 142
1 187
2 388
2 476
1 268
2 307
2 176
2 341
1 8
2 456
1 160
1 462
1 232
2 372
1 475
1 119
2 373
2 405
2 339
1 410
2 362
2 343
2 365
2 206
1 287
1 238
1 37
2 334
1 463
2 498
1 236
1 406
2 124
1 221
1 41
1 272
1 198
1 142
1 148
2 490
1 212
2 84
1 277
2 368
1 473
2 29
1 36
1 168
2 447
1 324
2 222
1 92
2 61
2 37
2 431
1 494
2 104
2 242
1 345
2 323
2 177
2 377
1 488
1 74
1 488
1 124
2 197
2 331
2 447
2 465
1 96
2 372
2 239
2 431
1 74
2 252
1 456
1 166
2 228
2 81
2 340
1 275
1 419
2 145
2 28
2 94
2 271
2 322
1 78
1 445
2 208
1 104
2 380
2 310
2 212
1 173
2 445
2 439
2 255
2 80
1 43
2 405
1 138
1 175
2 33
2 69
1 18
1 459
2 293
1 355
1 361
2 406
2 177
1 20
1 278
2 65
2 123
2 486
1 250
1 30
1 482
1 226
2 270
1 100
1 303
1 417
2 185
1 319
2 18
1 144
2 140
2 467
2 381
1 226
2 315
1 116
1 205
2 499
1 376
1 239
1 255
2 192
2 181
2 152
1 200
2 196
1 207
2 306
1 466
2 70
2 490
2 428
2 378
1 20
2 375
2 431
1 117
1 272
2 336
2 198
1 70
1 79
1 56
1 215
2 118
1 153
1 321
2 154
1 358
2 450
2 135
1 418
1 206
2 252
2 112
1 428
2 195
1 160
1 241
2 474
2 10
2 318
1 411
2 379
1 495
2 204
1 412
2 233
2 310
1 362
2 285
2 305
2 499
1 80
2 190
1 301
1 32
1 233
1 440
1 61
2 144
2 268
2 237
1 376
1 335
2 22
1 81
1 98
2 494
1 22
2 83
1 234
1 144
2 407
2 430
2 221
2 435
1 479
1 339
1 421
1 146
2 145
2 120
1 157
2 271
1 148
2 352
2 318
2 51
1 281
1 395
1 256
2 341
2 352
1 292
2 57
1 67
2 16
1 294
1 151
2 350
1 269
2 382
2 399
2 366
2 116
1 32
1 441
2 458
1 256
2 268
1 390
1 12
2 224
2 77
1 73
1 375
1 182
1 132
1 392
2 258
1 461
1 231
2 14
1 44
2 140
1 80
1 349
2 434
1 451
1 297
1 491
2 217
1 131
1 251
1 48
2 233
1 2
2 260
2 206
1 135
1 319
1 375
2 360
1 91
1 374
2 333
1 262
2 388
1 100
1 469
1 350
1 7
2 368
2 217
1 422
2 271
1 268
2 258
2 8
1 437
2 87
2 97
1 22
1 443
2 473
2 120
2 316
2 25
1 393
1 461
1 296
2 405
1 227
1 190
1 362
1 467
1 99
2 351
1 398
2 92
1 407
1 396
2 338
2 258
1 366
1 247
2 448
2 76
1 368
1 463
2 243
2 380
2 343
1 312
1 374
1 314
2 115
2 355
1 481
1 237
1 181
2 359
1 337
1 357
1 51
2 285
1 248
1 486
1 98
1 386
2 53
2 455
2 259
2 174
1 272
1 437
1 244
2 431
1 81
2 135
2 106
2 276
2 287
1 498
1 115
2 206
2 433
2 37
1 469
1 135
2 471
2 44
1 218
2 145
1 113
2 132
1 50
1 126
1 373
1 219
2 210
1 5
2 436
2 38
2 454
1 497
1 94
1 489
2 366
2 312
2 411
1 400
1 203
1 147
2 353
2 413
1 141
2 56
1 161
2 332
1 116
1 389
1 220
2 372
2 361
1 415
2 479
2 83
2 44
2 459
1 446
2 457
1 139
2 13
2 309
2 116
2 172
1 486
2 232
2 328
1 244
1 214
1 260
1 106
2 229
1 50
1 286
2 111
1 223
2 278
2 319
2 159
2 248
1 85
2 57
1 422
1 358
1 226
2 283
2 272
2 99
2 36
1 179
1 12
2 473
2 136
2 34
1 133
2 290
1 112
1 481
2 497
1 168
1 307
2 257
1 17
2 250
2 442
2 402
2 33
1 94
1 17
2 462
2 259
2 218
1 300
2 403
1 388
1 222
1 76
1 475
2 36
2 497
2 357
1 282
2 124
2 57
1 353
1 140
2 324
1 481
2 260
2 122
2 8
2 45
1 24
2 28
2 95
1 36
2 273
2 192
1 43
1 239
2 469
2 357
1 440
2 118
2 275
2 197
2 434
2 218
2 112
2 16
1 120
2 9
1 71
1 344
2 151
1 211
2 164
2 114
2 460
2 5
1 321
1 220
1 294
2 211
2 33
1 315
1 480
2 248
1 226
2 366
1 376
1 494
1 198
2 346
2 41
2 95
2 404
1 115
2 103
2 306
2 254
1 139
2 294
1 486
2 32
2 394
2 130
2 298
2 197
1 188
2 494
1 449
2 447
2 445
2 239
1 36
1 369
1 76
1 263
2 384
1 263
2 52
1 367
1 423
2 493
1 3
1 391
1 234
2 366
1 238
2 280
2 448
1 298
1 366
1 288
2 205
2 378
1 146
1 457
1 11
2 177
2 138
2 316
2 256
1 253
2 138
1 265
2 383
1 164
1 473
1 349
2 354
1 136
2 469
2 67
2 97
2 344
2 162
2 309
2 192
2 261
2 444
2 118
2 290
2 278
1 232
1 142
2 351
2 436
1 425
1 2
1 448
2 108
2 208
1 229
2 329
2 80
1 69
2 302
1 329
1 471
2 205
1 201
1 445
1 79
2 341
1 242
2 129
2 249
1 117
1 86
2 170
2 420
2 65
1 96
1 153
2 158
2 382
1 468
1 346
1 47
1 330
1 474
1 489
2 145
2 404
1 401
2 247
1 311
2 393
2 56
2 177
2 458
1 275
2 88
1 471
1 157
1 125
2 109
2 57
2 69
1 482
2 384
1 493
2 391
2 157
1 134
2 363
2 94
2 15
2 108
2 18
1 488
2 98
1 459
1 200
1 317
1 200
2 261
1 99
2 281
2 449
1 439
2 4
1 299
1 417
1 207
1 373
1 280
2 142
2 328
2 470
2 374
2 197
2 65
2 137
2 401
2 258
2 451
2 222
2 482
1 358
1 276
2 234
2 53
2 145
1 67
1 376
2 487
1 427
2 218
2 247
1 352
1 308
1 468
1 255
2 371
1 341
1 194
1 53
1 152
2 330
1 15
2 158
2 481
1 403
1 351
2 20
1 4
2 207
2 208
2 123
2 425
2 76
1 240
1 68
2 177
2 109
2 305
1 43
2 54
2 187
1 445
1 457
1 384
2 122
1 124
1 374
1 411
2 17
1 281
1 393
2 184
2 351
2 470
2 329
2 189
2 426
2 72
1 284
1 45
2 251
1 352
1 419
1 276
2 116
1 371
1 364
1 360
1 98
2 458
2 352
1 293
2 130
2 363
2 172
2 21
1 278
2 249
1 338
1 482
2 432
1 312
2 110
2 361
2 352
1 485
2 316
1 35
2 494
2 62
2 155
1 290
1 306
1 479
1 265
2 448
1 16
1 343
2 134
2 184
2 224
1 243
2 297
1 336
1 174
2 306
2 330
2 464
1 484
2 131
2 255
1 296
1 393
1 247
2 396
1 363
1 301
1 158
1 235
2 239
1 241
2 88
2 491
1 58
2 346
1 75
1 469
1 221
1 212
2 240
2 100
1 78
2 411
1 350
2 80
1 405
2 484
1 243
2 247
1 301
1 191
2 43
2 448
1 224
2 434
2 470
1 417
2 434
2 134
2 324
1 222
1 386
1 423
1 32
1 131
1 113
2 410
1 331
2 123
2 220
1 369
2 441
2 439
1 316
2 8
2 138
1 70
2 287
1 354
1 365
1 353
1 156
1 337
1 470
2 392
2 218
2 81
2 397
1 32
1 92
1 54
2 473
2 455
2 467
1 280
2 495
1 160
1 393
1 487
1 158
2 403
1 491
2 34
2 2
2 451
2 308
1 377
1 479
2 242
2 342
2 127
1 152
2 485
1 338
1 258
1 54
1 371
1 346
1 282
1 172
1 144
1 88
2 315
1 203
2 362
2 77
1 232
2 478
2 476
1 392
2 163
2 96
2 340
1 492
2 141
2 205
1 346
1 360
2 357
2 69
1 311
2 409
1 77
2 462
2 406
2 489
1 1
2 304
1 378
2 313
1 309
2 357
2 160
2 19
1 131
2 289
2 435
2 334
1 435
1 268
1 500
1 259
2 192
1 192
2 356
1 142
2 224
2 171
2 67
2 454
2 127
1 341
2 439
1 276
2 321
2 65
2 151
2 173
1 385
1 115
1 72
1 108
2 106
1 234
1 170
2 72
1 281
1 61
2 86
1 295
1 379
2 78
2 34
1 222
1 318
1 361
2 444
2 387
2 98
1 73
1 159
1 415
2 408
2 361
2 311
2 102
2 218
1 69
2 133
1 20
1 478
1 42
2 200
2 469
1 252
2 65
1 389
2 52
1 158
1 492
1 419
2 360
1 476
1 238
2 69
2 410
1 488
1 318
1 84
2 485
2 31
2 97
2 83
1 270
1 60
2 59
1 58
1 317
2 197
1 345
1 162
2 15
2 410
2 188
2 471
1 327
2 424
2 476
2 71
2 246
1 210
2 163
2 426
2 3
2 236
1 92
2 454
1 397
2 438
2 355
1 108
2 113
1 456
1 38
1 184
2 211
2 291
2 363
2 55
1 191
1 213
1 38
1 387
1 380
2 370
1 436
1 118
1 361
2 339
1 154
2 384
1 267
2 440
1 95
1 347
2 339
2 270
1 428
1 14
2 184
2 244
1 64
2 371
1 490
1 173
2 84
2 211
1 287
1 183
2 200
2 369
1 439
1 266
1 145
2 228
2 13
2 152
2 36
1 352
2 231
2 371
1 137
2 368
2 83
1 7
1 431
2 171
2 364
1 291
1 66
1 40
2 341
2 7
1 65
1 104
2 86
1 165
1 55
1 496
2 433
1 122
2 228
1 288
2 228
1 155
2 95
1 223
2 89
2 14
2 143
2 151
1 91
2 302
2 198
2 485
2 3
1 49
1 397
1 377
1 413
2 121
1 76
2 498
1 276
1 168
1 128
2 497
1 337
1 66
2 151
1 221
2 7
2 86
1 105
1 231
2 492
2 80
1 46
1 435
2 89
2 442
1 125
1 138
2 292
2 51
1 457
2 446
2 392
2 218
1 197
2 68
1 151
1 459
1 77
1 368
2 348
2 436
1 451
2 136
1 480
2 35
1 161
1 250
1 214
1 251
1 268
2 450
1 318
1 466
1 153
2 262
1 346
2 323
1 122
2 389
2 201
2 388
2 254
2 265
2 456
2 81
2 333
1 493
1 289
1 395
1 494
1 293
2 205
1 486
1 278
1 130
1 148
2 190
2 357
1 424
2 469
1 239
2 385
2 155
2 392
2 318
1 261
2 76
2 78
1 494
2 139
2 36
2 195
2 391
2 179
1 67
2 317
1 3
2 240
2 78
1 262
2 221
1 357
1 338
1 61
2 140
1 9
2 338
2 252
1 105
1 394
1 132
1 329
1 115
1 495
1 403
1 438
2 129
2 123
1 228
2 500
1 86
1 246
2 210
2 3
1 278
1 337
2 457
2 247
2 437
2 114
2 348
1 166
1 198
1 293
2 174
1 496
1 151
1 34
1 442
1 377
1 283
1 332
1 82
1 14
1 318
1 61
2 383
1 492
1 217
1 356
1 427
1 1
2 297
2 140
1 422
2 161
2 82
2 296
2 70
2 33
1 288
2 256
1 22
1 101
1 235
2 479
1 12
1 442
1 218
1 397
2 98
1 195
2 402
1 193
2 151
2 414
1 21
1 312
1 121
1 131
2 72
1 368
2 293
1 242
1 243
2 500
1 400
2 18
2 36
1 123
1 287
2 180
2 58
2 201
1 106
2 384
1 144
1 112
1 265
1 149
2 344
2 346
2 195
2 43
1 276
2 120
1 405
2 73
1 493
2 491
1 455
2 127
2 330
2 238
1 444
2 100
2 387
2 381
2 11
2 310
1 143
2 52
1 79
1 361
2 248
1 21
1 430
2 4
2 237
1 56
1 480
2 318
1 303
1 446
2 324
2 302
2 388
2 366
1 180
1 37
2 281
2 333
1 55
1 24
1 429
2 175
1 85
2 125
2 246
1 403
1 177
2 388
1 113
2 381
2 330
2 423
2 177
2 24
1 295
1 79
2 126
2 483
2 301
2 301
2 29
1 116
2 112
2 472
1 107
1 368
1 473
2 398
2 249
1 436
2 321
1 266
1 471
1 360
2 206
2 317
1 216
1 142
2 490
2 50
1 317
1 384
2 412
2 493
1 406
2 203
1 294
1 376
1 419
2 387
1 247
2 62
1 339
2 288
1 168
1 276
1 459
2 476
1 143
1 381
2 248
2 478
1 402
2 157
1 440
2 148
1 450
2 148
1 411
2 319
1 476
1 413
1 456
1 155
2 60
1 351
2 470
1 200
1 385
2 395
1 103
1 213
1 102
1 43
2 499
1 442
1 307
2 112
2 446
1 65
2 5
2 16
2 298
2 50
1 275
1 209
1 338
1 485
2 485
1 303
2 241
2 13
2 303
1 365
1 241
2 457
1 195
1 72
2 38
2 26
2 416
2 394
2 360
1 44
1 257
1 383
2 442
2 248
1 370
1 344
1 393
1 59
2 123
1 283
1 102
2 324
1 247
2 122
1 447
2 5
2 215
2 52
1 133
2 252
1 114
2 464
1 98
1 445
1 4
2 231
2 239
2 326
2 123
1 294
2 316
2 476
1 37
2 38
1 381
2 171
1 439
1 352
1 360
1 107
2 226
2 171
2 243
2 301
1 296
2 490
2 245
2 493
2 195
1 450
2 22
2 69
1 310
1 347
2 67
2 383
1 141
1 108
1 402
2 305
2 355
1 159
2 111
2 231
2 32
2 380
2 5
1 364
1 71
1 335
2 14
2 280
2 474
1 242
2 148
1 423
1 191
1 100
2 232
1 458
1 362
2 20
1 488
1 384
1 445
1 46
2 490
2 465
1 64
1 190
2 307
2 212
2 46
2 2
2 345
2 244
1 499
1 128
1 499
2 395
2 80
1 253
2 116
2 384
1 126
1 242
1 390
1 281
2 468
1 267
1 444
2 74
1 126
2 427
1 211
2 418
1 112
2 62
2 91
1 258
2 75
1 500
1 305
1 102
1 265
1 288
1 230
2 149
2 413
2 182
2 99
1 468
1 474
2 289
1 178
1 132
1 249
1 67
2 467
1 29
1 388
1 291
2 380
1 324
1 70
2 118
2 308
2 230
2 465
1 197
2 268
1 246
1 163
2 273
1 332
2 213
2 320
2 188
2 146
2 194
1 367
2 88
2 395
2 307
2 39
2 205
1 183
2 25
2 263
2 474
1 449
1 17
1 41
1 170
1 66
2 457
1 173
1 310
2 213
2 130
2 471
1 408
2 136
1 350
1 81
2 196
2 213
1 149
2 267
1 494
1 181
2 467
2 494
2 476
1 245
2 308
2 290
2 72
1 351
2 175
2 95
1 311
2 433
2 263
2 481
2 234
2 207
2 217
1 181
1 258
2 148
2 343
1 484
1 67
1 186
2 116
2 315
1 291
2 89
1 150
2 162
2 81
1 435
2 419
2 193
1 243
1 445
1 481
1 351
2 113
2 492
1 21
1 5
2 404
2 216
2 13
2 288
2 448
1 94
2 393
1 246
2 181
1 72
1 321
2 412
2 311
2 12
2 60
2 345
1 461
2 368
1 141
2 418
2 433
2 307
2 352
1 311
2 446
2 46
1 157
2 51
2 212
1 1
2 78
2 234
2 109
1 364
1 460
2 190
1 496
1 420
2 399
2 379
1 113
1 314
2 233
1 87
1 425
2 214
2 135
1 245
1 253
1 493
1 240
1 160
2 29
2 434
2 309
1 475
2 88
1 41
1 3
2 115
2 417
1 133
1 479
2 295
2 484
2 499
1 172
1 162
1 88
2 330
2 259
1 169
1 295
1 369
2 40
2 76
2 14
1 8
2 85
1 279
1 292
2 347
2 286
2 14
1 103
2 122
2 351
1 58
2 203
1 442
2 112
2 51
1 224
1 322
1 63
1 432
1 377
1 168
1 286
2 239
2 227
1 101
2 354
2 222
1 288
2 150
1 31
1 377
1 109
1 266
2 297
2 376
2 326
2 391
1 75
2 352
1 193
1 230
1 314
2 453
1 465
2 205
2 154
2 453
2 130
1 285
1 118
2 155
2 407
2 406
1 25
2 135
2 413
1 114
1 167
2 31
2 21
2 330
1 167
1 140
1 55
2 426
1 141
1 318
2 476
1 380
1 332
1 69
1 230
1 322
1 248
1 230
1 439
2 498
2 44
2 253
1 117
1 121
2 109
2 304
1 14
2 83
2 49
2 293
1 185
1 229
1 21
1 404
2 221
2 416
1 241
1 66
1 197
1 466
2 328
2 240
2 304
1 390
1 325
1 185
2 351
2 292
2 74
2 182
1 299
2 262
1 116
2 249
1 364
1 320
1 335
2 236
1 380
2 193
1 10
2 416
1 493
1 83
1 106
1 212
2 212
2 296
2 299
1 342
1 257
2 57
2 219
2 432
1 269
1 358
2 204
2 342
1 184
1 114
1 391
2 46
1 149
2 132
2 236
2 312
1 485
2 287
2 13
1 357
2 46
1 263
2 190
2 149
1 232
1 163
2 290
1 428
1 400
1 236
2 236
2 330
2 267
1 479
2 186
2 264
2 252
1 183
1 482
2 315
1 444
2 40
2 388
2 22
2 230
2 125
1 304
1 242
1 422
1 53
2 259
1 41
1 341
2 303
2 54
2 240
2 297
2 434
1 97
2 174
2 212
1 496
2 252
2 288
2 308
1 483
1 7
2 428
1 245
1 226
1 51
2 351
2 243
1 87
2 238
1 369
2 58
1 19
2 304
2 185
1 350
2 381
2 41
1 260
2 242
2 287
1 449
2 342
2 420
1 85
2 40
1 162
2 21
1 461
2 338
2 140
1 163
1 248
2 180
2 339
2 343
2 416
2 113
2 185
1 389
2 393
1 74
1 228
2 85
1 123
2 184
1 462
1 133
2 252
1 419
1 436
2 67
2 403
2 164
2 63
1 207
2 331
2 212
1 79
1 449
2 70
1 462
2 181
1 295
1 258
2 225
2 473
2 248
2 322
2 313
1 314
-1
