2 187
1 42
1 53
1 455
1 88
1 263
1 308
2 300
2 285
1 346
2 456
1 224
1 179
1 319
2 133
1 397
1 234
2 43
1 274
2 47
1 313
1 35
1 462
1 358
1 164
1 27
2 87
1 274
2 207
1 404
1 168
1 363
2 90
2 187
1 106
2 429
1 246
2 389
1 148
1 453
2 153
2 429
2 433
1 356
2 146
2 34
2 410
1 213
1 153
2 419
1 336
2 379
2 161
2 288
1 364
2 471
2 275
2 459
2 305
1 402
1 424
2 114
1 183
1 389
2 429
2 296
1 5
1 344
2 292
1 28
2 428
1 227
1 101
1 465
2 499
1 58
2 152
2 460
1 200
1 372
1 6
2 243
1 192
2 230
2 274
2 194
2 107
1 106
2 105
1 315
1 287
1 230
2 98
2 476
2 388
1 129
2 366
2 106
1 161
2 244
1 443
2 338
2 209
1 107
2 365
2 268
1 348
2 146
2 37
2 446
1 320
1 20
1 296
2 447
2 163
1 94
1 331
1 6
2 79
2 203
2 237
2 298
2 319
2 381
1 416
1 483
2 399
2 272
2 183
1 207
1 112
1 155
1 435
1 480
2 476
1 308
2 4
2 149
2 400
2 382
2 207
1 401
2 70
1 3
2 94
1 302
2 213
1 146
2 319
1 160
2 159
1 359
1 275
2 188
1 239
2 192
2 285
1 402
1 469
1 162
1 317
2 267
2 122
1 175
2 241
1 87
2 4
2 264
2 155
1 304
2 372
1 338
1 440
2 214
1 494
2 321
1 190
2 190
2 203
1 103
2 254
1 397
1 337
1 388
2 463
2 88
2 390
1 194
2 15
1 88
1 134
2 22
2 347
1 485
2 279
1 47
2 332
1 142
2 455
1 363
2 423
1 455
2 226
1 141
1 407
2 452
1 489
2 214
2 35
1 440
1 342
1 198
2 281
2 193
2 219
1 3
2 5
1 453
2 106
1 174
1 26
2 404
1 449
2 404
1 19
2 149
1 181
1 33
2 36
2 47
1 132
2 246
2 358
1 71
2 496
1 179
2 369
1 238
2 402
1 152
2 336
1 132
1 349
1 328
1 241
1 193
1 274
2 360
1 341
1 298
1 26
1 60
1 409
2 62
2 141
1 83
1 69
1 343
1 230
1 5
1 395
1 193
2 488
2 152
1 186
2 367
2 277
1 104
2 426
1 199
1 83
2 394
2 347
1 272
1 110
2 249
1 326
2 376
2 345
2 344
2 180
1 241
1 339
2 344
1 66
2 181
1 27
1 2
2 366
1 300
2 402
1 182
2 341
1 243
2 288
1 419
2 499
1 126
2 208
1 452
2 216
1 124
1 262
2 467
2 398
1 305
2 18
1 377
1 247
2 246
2 408
2 205
1 176
2 446
2 152
2 359
2 85
1 460
1 458
1 176
1 44
1 6
2 169
2 270
1 205
2 302
2 179
1 74
1 188
1 440
2 120
1 57
1 131
2 253
2 294
1 148
2 259
2 249
1 239
1 195
1 33
1 260
2 205
2 269
2 204
1 435
1 358
1 379
1 212
1 280
2 263
2 194
1 432
1 153
1 460
2 317
1 46
1 406
1 261
1 346
1 234
2 139
2 476
1 282
2 353
1 43
2 340
1 488
2 178
1 497
2 338
2 480
2 241
2 337
2 411
1 316
1 314
2 86
2 324
2 327
1 280
1 494
1 105
1 446
1 473
1 270
2 255
2 397
2 486
2 347
1 267
1 39
1 468
1 221
2 342
2 170
1 268
1 445
2 497
1 6
2 332
1 335
1 228
1 284
2 316
1 460
1 143
1 366
2 325
1 253
2 336
2 140
1 290
1 328
1 325
2 458
1 312
2 445
1 376
1 104
2 209
1 477
1 413
1 166
1 131
1 256
1 44
2 69
2 330
1 470
1 285
1 162
1 72
1 339
2 186
2 193
1 6
2 449
1 214
1 7
1 384
1 310
2 8
1 112
2 478
2 343
1 212
1 61
2 461
1 433
1 342
1 40
2 146
1 468
1 454
2 55
2 88
1 319
1 446
1 284
2 215
1 388
1 481
1 61
1 199
2 87
1 470
1 90
1 318
1 179
2 384
2 163
2 449
2 418
1 263
1 372
2 179
2 254
1 58
1 453
2 159
2 148
1 369
1 447
1 295
2 160
1 210
1 500
1 302
1 255
1 323
1 244
2 236
1 12
2 163
1 401
2 207
2 153
2 138
2 260
1 428
2 165
2 92
1 498
2 285
1 161
2 81
1 460
1 253
2 312
1 139
2 440
2 465
1 419
1 247
1 89
1 300
2 162
2 268
2 487
2 114
2 11
1 403
1 361
2 145
1 422
2 236
1 479
1 157
2 5
2 130
2 428
2 197
2 23
2 99
2 369
1 360
2 405
1 53
2 268
2 289
1 183
1 255
2 76
2 261
1 18
1 25
2 22
2 386
1 37
1 256
2 48
2 136
1 228
1 421
1 88
2 389
1 232
2 282
2 257
1 239
1 283
2 423
1 187
1 51
1 347
1 480
1 125
2 50
1 6
1 199
2 30
2 362
2 81
2 272
1 36
1 167
1 476
2 325
1 452
2 237
2 237
2 44
2 183
2 64
2 266
2 133
2 201
2 408
1 489
2 323
2 392
2 46
2 282
2 380
2 301
2 383
2 185
2 249
2 223
2 407
2 427
1 135
2 238
1 260
1 424
1 454
2 127
1 385
1 426
2 344
1 85
2 467
2 357
2 487
2 231
1 271
2 137
1 136
1 3
2 155
2 33
2 445
2 312
1 418
2 446
2 314
1 191
1 150
2 347
1 330
2 381
1 86
2 61
2 446
1 171
2 194
2 61
1 213
1 319
1 460
1 95
2 145
2 257
1 36
2 282
2 383
1 20
1 383
2 392
1 496
2 280
2 469
1 178
1 63
2 15
1 464
2 499
2 246
2 254
2 61
2 349
2 49
1 263
2 300
1 462
2 420
1 187
2 433
2 422
1 65
1 369
1 397
2 488
1 473
1 126
2 276
1 328
1 193
1 458
2 447
1 491
2 13
1 255
2 246
1 440
1 463
2 189
2 379
2 352
1 270
2 88
2 302
2 73
2 356
1 339
2 449
2 21
2 210
2 406
2 154
2 468
1 357
2 327
1 37
1 291
1 155
1 202
1 293
1 302
1 156
1 302
1 25
1 269
1 300
1 41
2 222
1 421
2 368
2 18
1 424
1 61
1 37
2 238
2 240
2 181
2 235
1 203
2 8
2 344
2 496
1 260
2 96
1 499
2 278
1 219
2 27
2 483
1 245
1 244
2 462
1 231
1 258
2 158
2 255
1 423
1 89
1 319
1 65
2 499
1 37
2 395
2 199
2 478
1 300
1 280
2 349
1 161
1 295
1 222
2 171
2 151
1 30
2 147
2 137
2 288
2 65
1 88
1 114
2 207
2 490
1 378
2 347
1 296
2 59
1 394
1 366
1 193
2 364
2 341
1 336
2 377
1 366
1 15
1 232
2 244
1 410
2 60
2 362
2 101
2 76
1 354
2 241
1 40
1 236
1 308
2 212
1 175
1 499
2 261
1 114
1 451
2 181
1 483
1 69
1 314
1 133
2 289
1 416
1 329
1 59
1 426
2 319
1 52
2 493
1 399
1 371
2 332
2 415
2 93
2 102
1 330
1 129
1 459
1 445
1 47
1 275
2 478
1 276
2 114
1 44
1 225
1 65
2 317
2 223
2 313
1 18
1 261
1 112
1 42
1 359
1 411
2 412
1 430
1 120
1 307
2 407
1 429
2 440
2 153
1 5
2 41
1 459
2 372
1 372
2 477
1 352
1 67
1 479
1 303
2 39
2 113
1 492
2 472
2 489
2 296
2 441
1 71
2 489
1 320
1 354
2 294
2 240
1 320
1 355
1 168
1 83
2 43
1 377
1 209
1 490
1 62
2 396
1 181
1 73
2 447
1 353
1 335
1 451
1 161
1 480
2 403
1 165
2 339
2 162
2 258
1 107
1 434
1 451
1 237
1 318
2 153
1 275
2 465
2 345
1 382
1 158
1 385
1 432
2 362
1 474
1 245
1 291
1 433
2 143
2 116
2 203
2 186
2 459
2 54
2 276
2 126
2 423
1 106
1 289
2 299
1 438
2 45
1 424
2 321
2 349
1 231
2 408
1 380
2 66
2 373
2 71
2 477
2 212
1 199
1 401
2 113
1 244
2 66
2 337
1 85
2 25
2 88
2 83
2 3
1 103
2 45
2 225
2 370
2 455
1 288
2 268
2 192
2 261
2 178
1 346
1 134
2 281
2 7
2 39
2 214
2 235
1 18
1 131
2 248
2 306
2 291
2 139
1 436
1 443
2 497
1 78
1 10
1 203
1 424
2 376
1 234
2 99
2 422
2 489
2 17
1 55
2 218
1 141
2 445
2 469
2 222
2 422
1 108
1 451
1 217
2 373
1 289
2 404
1 404
1 230
1 389
1 431
1 181
2 463
2 5
2 417
1 33
2 161
2 166
1 24
1 290
1 35
1 70
1 139
2 385
1 449
2 207
2 83
1 301
2 216
2 179
2 234
1 175
2 204
1 6
2 426
2 178
1 224
2 454
1 276
1 433
1 463
2 454
2 230
1 441
1 262
2 430
2 34
1 389
2 147
1 19
1 392
1 88
2 147
2 328
1 230
1 497
1 251
1 236
1 55
1 425
1 499
1 162
1 161
2 325
1 148
2 435
1 391
1 6
2 414
1 162
1 445
1 335
2 107
2 27
2 450
2 180
1 9
2 184
2 243
1 32
2 202
2 134
1 192
2 332
1 176
2 101
2 2
2 19
1 209
2 472
2 200
2 310
1 196
2 80
1 204
1 32
1 282
2 201
2 8
2 430
2 229
1 155
2 169
1 42
2 70
1 239
2 368
2 328
2 245
1 353
2 75
1 206
1 105
1 32
1 142
1 146
2 195
2 453
2 326
1 444
2 211
1 16
2 434
2 493
2 306
2 479
1 285
1 87
2 293
2 352
2 432
2 157
1 1
2 193
1 306
1 277
2 21
1 447
2 338
2 337
1 488
2 23
1 202
1 12
1 80
2 280
2 63
1 340
1 100
1 445
1 371
2 126
1 364
1 50
1 214
1 197
2 404
2 176
2 32
2 302
2 253
1 325
1 221
2 83
2 48
2 430
2 248
2 162
2 478
2 164
2 448
1 392
2 431
2 307
1 106
1 425
1 41
2 377
1 413
2 286
2 338
2 231
2 121
1 399
1 102
2 288
2 274
2 251
1 450
2 18
2 16
1 116
2 42
2 374
2 303
2 119
1 77
2 76
2 92
2 498
2 389
2 445
1 168
2 218
2 103
2 227
1 380
1 230
2 186
2 79
2 465
2 480
2 249
1 441
1 234
1 384
1 427
1 135
1 226
1 414
1 290
1 150
2 333
2 294
2 186
1 359
1 421
1 247
2 245
2 361
1 329
1 451
2 276
1 200
2 493
2 181
2 104
1 155
1 264
1 306
2 172
1 303
1 354
2 112
1 87
1 280
2 272
1 21
2 19
1 399
1 184
2 146
2 464
1 75
1 100
1 380
2 396
1 214
2 82
2 50
2 1
2 287
1 411
1 170
2 379
1 440
2 203
2 349
1 237
2 245
1 155
2 106
1 158
2 354
1 347
2 464
2 84
1 322
1 409
2 126
1 115
1 202
2 2
1 334
1 325
2 425
2 55
1 232
1 404
2 155
2 339
1 301
1 220
2 471
1 317
2 119
2 14
1 99
2 222
2 457
1 363
2 228
2 467
2 480
1 247
2 472
2 252
2 63
2 99
2 303
2 129
2 198
1 93
1 361
1 432
2 211
1 401
1 62
2 248
1 441
1 28
1 282
2 388
1 454
1 229
1 253
2 28
1 203
1 449
2 433
2 83
2 174
2 432
1 54
2 129
1 228
1 109
1 138
2 205
2 334
2 198
1 142
1 387
1 197
1 110
1 68
1 476
2 26
1 328
2 142
1 128
1 315
2 231
2 85
2 395
1 368
2 208
2 170
1 56
1 133
2 199
1 356
2 293
2 286
1 16
2 280
2 148
1 231
1 250
2 313
2 437
1 89
1 244
1 441
2 327
1 463
1 125
1 52
2 254
2 389
2 115
1 264
2 465
1 140
2 161
1 211
2 335
2 444
1 408
1 228
1 161
1 111
1 63
1 54
2 350
1 437
2 313
1 227
1 194
1 344
1 22
1 154
1 204
2 138
2 184
2 196
2 259
2 482
2 320
2 489
1 181
1 486
2 477
1 474
1 281
2 375
1 222
1 362
2 328
2 239
1 215
2 208
2 445
2 146
1 75
1 285
2 411
1 100
1 481
2 409
1 242
1 267
2 367
1 92
2 478
1 58
2 468
2 369
1 453
1 176
2 352
1 134
1 230
2 353
1 157
1 175
1 101
1 65
2 421
1 13
2 337
1 443
2 334
2 216
1 177
2 17
1 203
1 141
1 438
1 345
1 107
1 344
2 313
1 173
2 415
1 483
2 107
2 407
2 236
2 430
1 217
1 439
2 151
2 54
1 424
2 34
1 270
2 88
1 136
2 18
1 150
2 4
1 425
2 48
1 237
1 275
2 127
2 224
1 144
2 217
2 27
1 301
1 330
1 433
2 500
2 218
2 303
1 257
2 484
1 443
1 485
2 24
1 282
2 445
2 376
2 195
1 115
2 254
1 235
1 261
1 488
1 87
1 199
2 221
1 350
2 253
2 379
2 2
1 375
1 288
1 458
2 356
1 477
2 368
2 146
1 297
1 105
2 275
1 429
2 189
1 361
1 464
1 70
2 251
1 262
2 250
1 373
2 143
2 417
1 264
1 137
1 47
1 146
1 249
1 20
2 351
2 230
2 472
2 483
1 299
2 464
1 316
1 4
1 37
1 468
1 481
1 63
1 197
1 53
2 281
1 234
2 304
2 1
2 466
1 349
1 80
1 163
2 500
1 204
1 437
2 187
2 127
2 148
2 308
1 120
1 124
2 422
2 19
2 54
1 110
1 303
2 65
2 435
1 482
1 303
1 161
2 187
2 89
1 461
1 386
1 187
2 136
2 287
2 383
1 194
1 93
2 32
1 313
1 425
2 455
1 64
2 68
1 253
2 288
1 256
2 497
2 385
2 403
2 491
2 11
1 128
2 384
2 464
2 476
2 343
1 116
1 101
2 360
2 43
2 270
2 23
2 93
2 251
2 77
2 131
2 128
1 394
1 268
2 60
2 97
1 376
1 363
1 247
1 181
2 220
1 87
1 68
2 500
1 25
2 410
2 367
1 412
1 253
2 321
1 273
2 417
2 481
2 328
2 353
1 15
1 310
1 18
2 484
2 47
2 445
1 15
1 197
2 127
2 309
2 112
1 216
1 286
1 159
2 274
2 473
1 286
1 93
2 362
2 172
1 141
1 68
2 483
1 285
1 213
1 408
1 379
2 204
1 170
1 128
2 76
1 83
2 85
2 16
2 307
2 58
2 358
2 454
2 389
1 302
2 35
2 276
2 184
2 428
2 192
1 296
2 7
1 480
1 256
2 242
2 385
2 361
1 128
1 434
1 256
2 320
1 444
2 55
2 278
1 331
2 389
1 88
1 59
2 191
2 265
1 229
2 286
2 242
2 107
1 132
1 410
2 151
2 250
2 183
2 39
1 347
2 343
1 26
1 204
1 68
1 203
1 468
2 236
1 253
1 237
2 55
1 187
1 351
1 262
2 314
1 398
2 79
2 446
1 494
1 24
2 117
1 208
2 214
2 146
2 489
1 55
2 27
2 100
2 381
1 114
1 161
2 354
2 455
1 47
1 449
1 360
2 295
2 353
2 214
1 31
1 231
2 448
1 177
1 338
2 409
2 251
2 166
1 364
1 107
1 272
2 331
2 324
2 402
1 189
2 26
2 372
1 303
2 365
1 366
2 388
1 357
1 399
1 446
1 346
1 23
2 459
2 451
1 181
1 457
1 170
1 88
2 90
2 212
1 222
2 8
2 407
2 99
2 90
1 418
2 95
1 403
2 144
1 186
1 409
2 193
2 476
2 471
2 171
1 371
1 463
1 352
2 94
1 25
1 345
1 470
1 381
2 344
1 282
1 347
1 24
1 120
2 172
2 416
1 476
1 437
1 15
1 158
2 90
1 496
1 475
2 225
2 393
2 230
1 450
2 364
2 320
2 175
2 277
1 184
2 79
1 394
1 259
1 406
1 437
2 134
1 69
1 118
1 278
1 487
2 128
1 403
2 389
1 289
2 19
1 269
1 443
2 43
2 418
1 401
1 52
1 117
1 243
2 285
2 138
1 99
2 177
1 415
2 431
2 82
2 26
1 46
1 216
1 20
2 387
1 339
1 305
2 410
1 245
1 420
1 21
1 498
1 223
1 114
2 318
2 102
2 249
2 14
1 87
1 449
2 157
2 263
1 297
1 361
1 69
1 275
1 1
2 139
1 388
1 228
1 151
2 400
2 180
1 214
1 299
1 442
2 152
1 268
2 79
1 490
1 111
1 89
1 240
2 187
1 34
1 185
1 447
1 434
1 497
1 95
2 161
1 102
2 92
2 261
1 201
1 169
2 69
2 274
2 187
1 288
2 78
1 256
1 407
1 353
1 189
2 254
2 334
2 13
2 428
2 95
1 226
2 290
2 372
1 455
1 375
1 482
1 417
1 179
2 279
2 282
2 329
1 167
2 242
1 87
2 304
2 148
1 296
1 28
2 1
1 428
2 427
1 31
2 499
2 221
2 92
2 299
1 390
2 82
2 496
2 152
1 53
2 385
1 88
1 366
1 97
1 167
2 55
2 69
2 257
2 385
1 143
2 120
1 499
2 367
2 73
1 498
1 20
1 325
1 145
2 47
2 336
2 115
1 261
2 498
1 175
1 69
1 64
1 53
1 445
2 260
2 140
2 346
1 490
2 267
1 213
2 226
1 378
1 493
1 226
1 211
2 371
1 70
1 23
1 199
2 393
2 336
1 419
2 191
2 203
2 246
2 474
1 166
2 163
1 192
2 499
2 141
2 386
1 358
1 331
2 227
2 219
1 107
2 242
2 397
2 458
2 63
2 466
2 133
1 90
1 220
2 430
1 161
2 421
2 75
1 279
2 178
2 362
1 485
2 285
1 103
1 376
1 24
2 246
1 172
2 331
1 275
2 103
1 427
1 306
2 127
1 153
1 432
1 292
1 321
1 149
2 169
1 440
1 216
2 199
1 372
2 131
1 141
2 285
1 108
1 420
1 377
2 242
1 438
2 76
1 460
1 385
1 100
1 23
2 213
2 406
1 453
1 433
1 473
1 365
1 11
1 18
1 60
2 47
1 143
1 459
1 198
2 285
2 223
2 167
2 231
2 370
2 312
1 480
1 223
1 216
1 332
2 473
2 195
2 92
2 345
2 142
1 97
1 42
2 84
1 105
1 132
1 348
1 128
1 79
1 23
1 435
1 230
2 449
1 130
1 112
1 294
2 367
2 30
1 61
2 467
1 278
2 491
1 394
1 305
1 172
2 118
1 385
2 365
2 123
1 428
1 319
1 339
2 464
1 444
1 185
1 41
1 360
1 439
2 1
2 429
1 422
1 130
1 96
1 194
1 191
2 452
2 194
1 45
2 9
1 181
2 249
2 7
2 104
2 417
2 40
2 480
2 94
2 322
1 158
2 407
1 487
1 208
2 351
1 189
1 443
2 256
1 294
1 356
2 411
1 205
1 469
2 114
1 497
2 103
2 301
1 354
2 71
1 319
1 17
1 485
1 228
1 355
2 206
1 270
1 333
1 417
2 10
1 67
2 316
2 13
1 382
1 106
2 131
2 78
1 284
1 311
2 5
2 236
1 78
2 177
1 330
2 415
1 326
2 50
2 353
1 460
2 131
1 391
1 342
1 261
2 233
2 339
2 439
1 299
1 430
2 277
1 272
2 155
2 375
1 442
1 469
2 314
2 318
1 64
2 23
1 487
2 98
1 195
1 103
2 403
2 172
1 496
2 74
1 243
2 57
1 176
2 437
2 179
1 44
2 117
1 418
2 376
1 484
1 403
2 267
1 323
1 189
1 84
1 171
1 62
2 10
2 307
1 77
2 403
1 227
2 241
2 326
1 160
2 186
1 99
1 219
2 93
2 442
1 21
1 1
1 42
1 171
1 159
2 333
1 71
2 284
2 203
2 427
1 122
1 276
1 119
1 493
2 105
1 386
2 398
1 206
2 100
1 287
1 475
2 171
2 29
2 59
1 415
2 445
1 300
1 460
1 270
1 480
1 237
2 498
1 103
2 425
1 431
2 311
2 181
1 5
2 288
2 292
1 400
2 442
2 160
2 321
2 56
1 154
1 165
2 278
2 58
1 320
1 264
1 96
1 463
1 4
1 14
1 156
2 236
2 464
2 201
1 28
1 83
2 399
2 184
1 217
2 81
1 80
1 18
2 491
1 478
2 82
2 494
2 404
2 37
2 475
2 354
1 344
1 35
1 387
1 122
2 162
1 491
2 250
1 471
1 339
1 86
1 438
2 8
2 159
1 411
1 132
1 339
2 52
2 69
1 146
1 392
2 95
1 103
1 241
2 436
1 372
2 351
1 304
2 354
1 254
2 299
1 232
1 212
2 214
1 72
1 25
1 370
1 49
2 167
1 45
1 221
2 475
2 78
1 133
2 443
2 399
1 476
2 231
2 265
1 23
2 155
2 356
2 370
1 349
2 45
2 138
2 161
1 40
1 93
1 373
1 262
2 129
2 105
2 128
1 6
1 410
2 48
2 37
1 20
2 306
2 129
2 33
1 259
1 83
2 448
2 442
2 430
1 150
1 132
2 107
1 130
1 150
2 484
1 298
1 274
2 272
1 250
1 247
1 80
1 62
2 136
1 291
2 425
1 303
2 420
2 46
2 277
2 282
1 436
2 115
2 386
1 166
2 394
2 494
2 94
2 203
2 410
2 350
2 285
1 243
1 412
1 309
1 186
1 152
2 20
1 33
2 4
1 391
2 462
1 73
2 439
2 488
1 119
2 34
2 340
1 311
2 267
2 143
1 208
1 276
2 263
1 336
1 210
1 366
2 110
1 78
1 212
2 99
2 105
2 85
1 260
2 398
2 13
1 182
1 37
1 3
1 117
1 417
1 415
2 349
1 220
1 275
1 194
1 466
1 210
1 93
2 297
1 199
2 382
2 233
1 338
2 217
1 424
1 132
1 268
1 214
2 109
1 122
1 213
2 451
1 489
2 95
2 384
2 445
2 173
2 387
1 263
2 168
1 440
2 24
2 482
2 398
1 76
2 243
2 458
2 414
1 439
1 82
1 301
1 143
2 203
2 335
2 483
1 151
2 152
1 481
2 262
1 74
2 249
1 329
1 212
2 3
1 102
1 175
1 461
2 227
2 345
2 480
1 414
1 102
2 7
1 401
1 312
1 308
1 141
2 469
1 231
2 1
1 258
2 86
1 344
1 381
1 76
1 367
2 193
1 109
2 254
2 170
2 482
2 328
1 317
1 325
2 470
2 83
2 351
1 444
1 183
1 86
1 387
1 450
2 124
1 481
2 418
1 145
2 479
1 224
2 119
1 46
1 224
1 166
1 147
2 472
2 285
2 290
2 360
2 454
2 500
1 211
2 436
2 371
1 178
1 412
1 493
2 87
1 436
1 493
1 361
1 466
2 224
2 19
1 49
1 270
1 258
2 168
2 39
1 310
2 483
2 216
2 382
2 42
2 406
2 103
1 202
1 114
1 27
2 213
2 308
1 475
2 166
1 109
2 32
1 273
1 343
1 341
1 494
1 392
1 120
1 369
1 266
2 303
1 171
2 218
1 348
1 395
1 38
2 70
2 125
1 286
2 385
1 190
2 212
2 482
2 427
1 356
1 388
1 335
1 24
1 388
1 96
1 237
2 488
1 405
1 203
1 430
2 168
2 317
2 52
1 413
1 204
2 21
2 278
2 353
1 110
1 25
2 225
2 41
1 122
2 176
1 487
2 410
1 76
2 88
2 228
1 308
2 120
1 226
1 386
1 51
2 169
2 52
2 391
1 308
1 241
2 335
2 292
1 84
2 322
2 197
1 22
1 36
1 35
2 391
1 190
2 266
1 219
2 102
2 113
1 120
2 96
1 431
2 49
1 105
2 388
2 476
2 156
2 50
1 272
1 313
2 232
2 171
1 99
1 410
2 385
2 267
2 334
2 367
2 62
1 457
2 124
1 210
1 294
2 173
2 199
1 378
1 268
1 232
1 23
2 281
1 22
2 92
2 96
1 441
2 281
2 458
2 180
2 388
1 277
1 390
2 249
2 109
1 18
1 234
2 184
1 152
2 264
2 264
2 404
1 368
2 453
2 293
1 195
1 457
2 443
2 150
1 465
1 411
2 301
1 227
1 361
1 245
2 324
1 335
2 63
1 263
2 378
2 499
1 438
2 247
2 5
1 276
1 5
1 156
2 182
1 344
1 111
1 370
1 447
2 12
1 406
2 376
1 181
1 59
2 33
2 351
2 52
1 210
1 311
2 212
1 246
1 90
1 495
2 141
1 163
2 303
2 279
1 56
2 108
1 77
1 123
2 380
1 404
1 82
2 454
2 410
1 52
2 407
2 310
1 340
1 404
1 244
1 23
2 492
1 117
2 121
2 347
2 264
2 90
2 169
2 490
1 94
2 281
2 439
1 104
1 413
2 123
2 392
1 307
2 275
2 303
1 13
1 248
2 104
2 473
1 83
1 53
2 207
2 233
2 274
1 127
2 46
2 343
2 394
2 171
2 72
1 268
1 179
2 64
1 407
2 257
2 202
2 221
1 494
2 405
2 140
2 305
2 131
2 473
2 148
1 249
2 321
1 6
2 234
1 132
1 458
1 332
2 48
2 419
2 357
2 12
2 57
1 385
2 315
1 415
1 57
2 32
2 30
2 227
2 310
1 106
2 97
1 130
1 342
1 241
1 74
1 250
1 271
2 20
2 196
2 398
1 449
2 480
2 22
1 297
2 267
2 450
2 192
2 210
2 478
1 286
2 405
1 32
1 22
2 112
2 337
1 172
1 142
2 468
2 60
1 494
1 18
2 40
2 373
2 445
1 403
2 252
2 118
2 334
2 333
1 207
1 307
1 307
1 232
1 111
2 241
1 468
2 398
2 23
1 107
1 323
2 50
1 20
2 208
2 157
1 150
2 61
1 92
2 404
2 344
1 465
2 469
1 399
1 290
2 191
1 240
2 109
2 290
1 159
2 184
2 36
1 29
2 141
1 167
1 294
2 261
1 299
2 41
2 298
1 321
1 78
2 204
1 53
2 17
1 341
1 230
2 385
2 325
1 230
2 421
1 205
1 485
2 262
1 403
1 59
1 103
1 136
2 25
1 151
2 103
1 445
2 220
2 443
1 58
1 238
2 251
2 12
1 297
2 465
1 36
2 275
2 11
1 297
2 301
2 132
1 290
1 440
2 108
1 256
1 257
1 496
1 140
2 243
1 131
2 487
2 81
2 9
2 22
2 478
2 103
2 430
2 36
2 105
2 102
2 160
1 410
2 365
2 161
2 484
1 165
2 162
1 435
1 188
2 326
2 483
1 477
1 376
1 280
2 7
2 45
1 90
1 173
2 354
2 413
2 328
1 363
2 175
1 10
1 106
2 231
1 319
2 499
1 71
1 26
2 362
1 446
2 227
1 405
1 303
1 473
1 247
2 119
2 132
1 338
2 19
1 324
2 127
1 382
2 303
1 477
1 181
1 467
1 392
2 191
1 392
2 323
1 350
2 262
2 125
1 218
2 19
2 331
2 67
1 45
2 471
2 237
1 499
2 411
1 129
2 435
2 468
2 10
2 254
1 297
1 75
1 372
2 259
1 442
2 265
1 397
1 211
2 239
2 39
2 450
1 305
1 40
1 344
2 440
2 24
2 326
1 454
2 43
1 102
1 240
2 469
2 454
2 473
1 91
1 396
1 31
1 275
1 324
2 470
2 419
1 203
2 91
2 145
2 72
2 116
1 465
2 152
1 467
1 313
1 487
1 449
2 259
1 438
1 46
1 49
1 401
2 60
2 111
2 476
2 451
2 198
2 379
2 184
1 324
1 107
2 407
2 179
2 482
2 303
2 24
2 491
1 453
1 118
1 106
2 450
1 388
2 322
1 347
2 167
1 56
2 332
1 32
2 331
2 479
2 40
1 187
1 129
2 283
1 406
2 395
2 296
1 1
1 251
2 326
1 369
1 394
1 195
2 414
2 290
1 213
2 97
2 62
2 390
1 27
2 84
2 2
1 54
1 349
1 53
1 277
2 407
2 324
1 299
1 182
1 333
2 120
1 293
2 210
1 377
1 181
1 156
1 191
2 35
2 69
2 65
2 359
2 367
2 276
1 272
1 105
1 352
2 237
1 405
2 30
2 182
1 445
1 391
2 102
2 26
1 364
1 15
1 412
2 256
1 46
2 145
2 335
1 375
2 343
2 17
1 264
2 81
1 92
2 194
2 100
2 215
2 308
2 36
1 109
1 259
2 170
2 9
1 102
2 427
1 365
2 316
1 345
1 39
1 423
2 481
1 451
2 336
2 275
2 182
2 14
1 241
1 46
2 39
2 335
2 442
1 112
2 31
1 209
1 96
2 302
1 152
1 122
2 66
1 209
2 482
2 390
2 258
2 175
1 285
1 113
2 61
1 39
2 383
2 12
1 229
2 405
1 121
1 70
1 273
2 285
2 1
1 329
1 165
2 405
2 364
2 231
1 444
1 219
2 368
1 156
2 99
2 328
2 86
1 404
2 28
1 317
1 418
2 137
1 351
2 234
2 114
2 194
2 86
1 235
2 346
2 401
1 451
2 162
1 478
2 450
2 309
1 236
1 114
1 11
2 116
1 383
2 60
1 138
2 340
1 450
2 466
1 128
1 282
2 156
2 409
2 467
2 223
1 294
1 425
1 4
2 252
1 473
2 462
1 160
2 186
2 337
2 162
1 419
1 456
1 54
1 382
2 433
1 74
1 144
2 382
2 243
2 385
2 295
1 29
1 498
1 266
1 216
1 149
1 371
1 411
1 171
2 444
2 452
1 181
2 368
1 94
1 398
1 28
1 175
1 350
1 473
2 209
2 42
2 26
1 164
2 188
1 433
2 437
1 352
2 331
2 382
1 32
2 105
1 322
2 319
2 302
1 286
1 332
2 218
2 91
2 145
1 66
2 260
1 313
1 322
2 182
2 270
1 481
1 477
2 4
2 473
2 438
1 18
2 437
2 126
2 319
1 304
1 51
2 90
2 26
2 209
1 114
1 125
1 203
2 248
1 99
2 362
2 330
2 305
1 317
1 144
2 404
2 370
1 214
2 20
2 222
1 150
2 57
1 280
2 430
1 316
2 452
2 417
2 259
2 399
2 355
1 61
1 341
1 415
1 93
1 144
1 13
1 500
2 271
2 31
2 362
1 81
2 226
2 94
1 69
1 262
2 385
1 384
2 455
1 278
2 435
1 64
2 215
2 219
2 398
2 37
2 298
2 72
2 465
2 210
1 8
2 160
1 144
1 117
2 45
1 201
1 315
2 130
2 31
2 218
1 153
1 187
2 75
1 325
2 274
2 424
2 357
1 376
2 479
1 303
2 238
2 206
1 119
1 137
1 240
1 429
1 163
2 342
2 76
2 128
2 405
2 333
2 338
2 113
1 52
2 43
2 122
1 397
1 435
2 93
1 90
1 418
1 340
2 341
1 129
1 116
2 222
2 146
1 361
1 227
1 377
2 405
1 369
2 293
2 37
1 181
1 111
1 81
1 208
2 217
2 444
2 221
1 485
1 429
2 476
2 108
1 128
1 53
1 16
2 150
1 434
1 381
1 279
1 346
2 86
1 27
1 246
2 47
1 317
2 74
1 333
1 347
1 45
2 307
2 95
2 464
2 490
2 424
2 158
2 459
2 183
2 476
1 435
1 362
2 200
2 394
2 468
1 492
2 490
2 277
2 107
1 317
1 436
1 216
2 213
1 40
2 10
2 26
2 389
2 47
1 174
2 472
2 180
1 209
1 466
2 458
1 77
1 19
1 365
2 309
2 112
1 323
1 66
2 270
1 87
1 394
1 108
2 457
1 32
2 161
2 150
1 420
1 95
2 441
2 229
2 240
1 300
1 165
1 114
1 171
2 102
1 164
2 133
1 200
1 285
1 13
1 181
1 215
2 74
2 438
1 108
2 494
2 90
1 476
1 444
2 256
2 414
2 457
1 39
2 414
2 72
1 312
2 209
1 379
2 32
1 436
2 344
2 398
1 291
2 137
1 223
1 482
2 162
1 386
1 150
2 78
1 428
2 326
2 414
1 271
1 224
1 288
2 191
2 500
2 262
1 66
1 231
2 324
2 40
1 296
1 212
1 263
1 262
1 128
1 143
1 177
1 307
1 285
2 1
1 329
1 124
1 97
1 144
2 98
1 482
1 77
2 119
2 36
1 278
2 111
1 412
2 490
2 251
1 67
2 409
1 364
1 141
1 386
2 84
2 172
2 228
1 462
1 438
2 430
2 160
1 338
2 327
2 493
2 304
1 31
2 307
1 96
2 57
2 435
2 316
1 57
2 205
1 93
1 367
1 60
1 413
1 152
2 428
2 19
1 56
2 296
1 294
2 12
2 224
2 343
2 256
2 137
2 121
2 306
2 454
1 68
2 467
2 457
1 215
1 329
1 376
1 483
1 219
2 224
1 145
1 184
1 20
1 212
1 401
1 330
1 235
2 72
2 320
2 298
1 356
2 304
2 454
1 252
1 484
2 465
1 96
1 380
1 320
2 107
1 460
2 277
1 389
2 98
1 377
1 242
1 374
2 314
2 386
1 351
1 244
2 201
1 463
1 307
1 23
2 205
1 53
2 380
1 329
2 149
2 224
1 140
2 138
1 276
1 223
1 245
1 440
2 157
1 377
2 387
2 228
2 84
1 424
2 73
1 292
1 13
2 167
1 464
2 457
2 180
2 216
1 497
2 72
2 113
1 468
2 50
2 294
1 326
2 448
2 172
2 324
1 106
1 188
2 498
1 11
2 175
1 304
2 84
1 175
1 27
1 47
2 188
1 62
1 260
2 116
2 452
2 467
2 132
1 329
1 1
2 158
2 416
1 49
2 41
1 47
2 69
2 495
2 136
1 474
2 65
2 177
1 231
2 424
1 500
1 343
2 442
2 379
2 166
1 59
1 355
2 124
2 49
2 31
1 174
1 430
1 92
2 457
1 101
1 388
2 335
1 305
1 82
2 188
2 314
2 304
1 351
1 443
1 398
2 287
2 329
2 365
1 175
2 446
2 405
2 79
2 62
2 219
1 270
1 94
2 4
1 455
2 381
2 458
1 73
1 52
2 312
1 25
1 89
1 113
2 154
2 83
2 278
2 62
2 411
1 333
1 109
2 120
2 387
2 118
1 25
2 64
1 289
1 174
2 57
1 221
1 180
2 277
2 456
1 355
1 197
1 131
2 178
2 497
2 179
1 376
2 487
2 243
2 379
1 3
2 53
2 497
1 377
2 41
1 314
2 401
2 286
1 371
1 134
1 380
1 333
2 219
2 397
2 445
2 228
2 62
1 21
1 215
1 34
2 433
2 354
1 413
2 69
1 306
1 151
2 217
2 143
2 154
1 247
1 166
1 397
2 457
2 488
1 166
2 130
2 72
2 488
1 178
1 267
2 109
2 168
2 104
1 464
2 201
1 206
2 388
1 445
1 19
2 219
1 453
2 338
1 387
2 360
1 232
1 47
1 99
1 369
1 227
1 310
1 245
2 294
1 117
1 180
2 22
1 374
2 302
1 202
2 388
2 104
1 391
1 311
2 67
2 42
1 214
2 73
2 365
1 442
2 307
2 319
2 75
2 7
1 256
1 64
2 121
1 466
2 169
2 351
1 159
1 233
2 94
2 183
1 22
1 143
1 449
2 8
2 357
1 398
1 74
1 459
1 333
1 56
2 52
1 440
2 149
1 435
1 476
2 403
2 444
2 29
1 210
1 266
1 402
1 30
2 329
1 20
2 411
2 365
2 332
2 377
1 328
2 277
1 131
2 4
1 76
1 318
2 420
2 202
2 450
2 499
1 218
1 142
2 444
2 295
2 15
2 310
1 185
1 349
2 264
2 240
2 88
2 327
2 344
2 383
2 111
2 275
2 398
1 161
2 126
2 319
1 329
1 186
2 65
1 179
2 90
1 371
1 327
1 240
1 78
2 314
1 3
1 220
2 356
1 297
2 38
1 473
1 447
1 230
1 43
1 192
2 30
1 366
1 463
2 377
1 431
1 432
1 130
2 38
2 235
1 317
1 153
2 490
1 150
2 463
2 183
1 29
1 419
1 419
1 54
2 125
2 188
1 270
2 411
2 5
2 344
1 268
2 314
2 96
1 180
1 8
1 63
1 425
2 485
2 66
1 341
2 22
1 450
2 401
1 449
2 208
2 282
1 141
1 436
1 263
2 497
1 180
2 361
1 243
2 298
2 234
1 203
1 222
1 250
1 216
2 230
2 195
1 250
2 311
1 274
2 152
1 194
1 32
1 287
1 250
2 434
2 278
1 294
2 140
1 324
2 94
1 129
1 269
2 326
2 268
2 3
2 220
1 454
2 453
2 376
1 381
1 388
1 149
1 361
1 77
1 346
1 441
2 161
2 57
1 139
1 436
2 94
2 40
1 109
1 492
1 45
1 349
2 381
1 466
2 489
1 425
2 415
2 161
2 426
2 412
1 244
2 57
2 205
1 236
2 440
2 500
1 450
2 120
2 198
2 71
1 330
2 372
1 64
1 170
2 452
2 404
2 131
1 384
2 260
2 351
2 50
2 386
2 403
1 181
1 294
1 137
1 302
2 367
2 244
2 57
1 321
2 242
1 476
2 490
2 448
2 137
2 395
2 199
2 380
1 248
2 335
1 148
1 96
2 57
1 255
2 239
2 277
1 378
2 457
1 339
1 60
1 252
1 350
1 454
2 181
2 105
2 288
2 355
1 471
2 427
2 375
2 151
1 144
2 404
1 100
1 355
2 421
1 316
1 408
2 54
1 321
2 455
1 263
2 195
2 423
2 309
2 285
2 300
2 191
2 84
1 149
2 300
2 396
2 191
2 383
1 243
2 254
2 15
1 61
2 452
2 330
1 131
1 71
2 98
2 485
1 51
2 472
1 54
2 317
1 374
2 339
1 106
2 368
1 312
1 328
1 410
2 375
1 475
2 322
1 58
2 457
1 291
1 161
1 499
2 439
1 28
1 191
2 74
1 104
2 485
2 500
1 292
2 137
1 319
2 41
1 469
1 187
2 277
1 455
2 176
2 498
2 374
1 39
2 245
1 184
2 277
2 326
1 409
2 37
1 125
2 307
2 426
1 351
2 45
2 329
1 402
2 275
2 366
2 74
2 159
2 43
2 495
2 206
1 35
1 335
2 22
2 251
1 338
2 2
1 462
1 454
2 8
1 489
1 244
1 336
1 374
1 392
2 450
2 272
1 190
1 346
1 450
1 11
1 401
1 373
1 45
1 76
2 257
1 130
2 330
2 106
2 46
1 71
1 94
1 183
1 151
2 199
2 476
2 444
1 276
1 441
1 494
1 76
1 432
2 102
2 21
1 463
2 205
1 266
1 79
1 137
1 328
2 386
1 99
2 383
1 496
1 46
2 339
2 443
1 178
1 382
1 455
2 116
2 82
2 161
1 33
2 241
1 188
1 367
1 306
1 160
1 73
2 494
2 177
1 385
1 184
1 404
1 314
2 149
2 104
2 407
1 309
2 199
1 477
1 134
1 315
2 287
2 349
2 353
2 420
2 231
2 59
1 241
1 356
2 119
2 401
2 298
2 375
2 57
2 414
1 485
1 334
2 170
1 403
1 58
2 463
1 277
2 125
2 244
2 257
1 143
2 238
2 70
2 141
1 463
1 19
2 485
1 422
1 385
1 27
1 498
2 286
2 213
1 143
2 242
1 318
2 260
1 29
2 20
2 158
1 426
1 485
1 27
1 415
2 81
2 409
2 134
1 57
1 455
2 302
2 154
1 285
1 379
2 446
1 185
1 435
1 279
2 19
1 324
2 272
2 77
1 187
1 373
2 56
1 497
2 228
2 32
1 416
1 28
2 11
1 464
1 321
2 364
2 252
1 475
2 296
2 203
1 113
2 280
1 106
1 80
2 426
1 196
2 373
2 202
1 286
2 181
1 111
1 500
1 287
1 385
1 377
2 267
2 365
1 360
2 322
2 7
2 402
2 440
2 129
2 10
2 361
1 372
1 289
1 333
1 197
2 361
2 155
1 265
1 377
1 194
1 267
1 149
1 106
1 442
2 284
2 1
1 196
1 115
2 447
1 264
1 16
1 420
2 455
2 246
1 12
2 381
1 342
2 298
1 320
2 34
2 246
1 247
2 257
2 277
1 12
1 199
1 16
1 254
1 6
2 153
1 289
1 499
1 414
1 429
1 239
1 188
1 495
1 276
1 499
2 307
1 444
2 389
2 474
1 133
1 492
2 201
1 170
2 114
1 347
1 21
2 356
1 420
1 346
2 305
1 451
2 205
2 467
1 57
2 439
2 124
2 178
1 62
2 374
2 486
1 69
1 8
1 418
2 329
2 326
1 310
1 96
1 22
2 311
2 207
1 323
1 32
1 5
2 403
1 472
1 302
1 98
2 167
2 440
2 129
2 480
1 244
1 303
1 342
1 48
1 215
1 81
1 74
2 190
1 166
2 215
2 52
1 480
1 178
2 65
1 387
1 299
1 471
1 99
1 419
1 211
2 220
2 230
2 79
2 472
2 284
1 415
2 202
1 257
2 164
2 241
1 68
2 384
2 492
1 54
1 480
2 394
2 259
2 343
1 98
1 286
2 351
1 67
1 446
2 135
2 199
2 11
2 413
1 9
2 227
1 166
1 178
1 404
2 386
1 478
2 411
2 215
1 314
1 17
2 308
2 220
2 377
1 125
1 327
2 398
2 46
2 259
1 474
1 364
1 260
2 46
1 455
2 487
1 394
1 379
2 6
1 411
2 179
2 376
2 19
2 409
2 335
2 492
2 181
2 224
1 195
2 313
2 29
1 268
1 155
1 327
1 95
2 394
2 476
2 481
1 393
1 262
1 56
2 240
1 107
2 27
2 83
1 153
1 491
2 89
2 418
2 156
2 356
1 341
2 22
1 28
2 63
1 494
1 394
2 58
2 399
1 5
2 127
1 148
2 282
2 465
2 3
2 415
1 374
1 392
2 429
1 309
2 61
1 312
1 386
2 10
1 305
2 469
2 376
1 252
2 204
1 207
2 188
1 268
2 81
1 308
2 431
1 351
2 270
1 148
2 383
1 143
2 376
2 321
2 430
1 407
1 492
2 44
2 438
2 92
1 322
2 26
1 366
1 446
2 242
1 494
1 455
1 162
1 302
1 432
2 258
1 216
2 302
2 131
1 422
1 257
2 324
2 199
1 362
1 28
2 293
2 78
2 360
2 280
2 277
2 96
1 400
2 486
1 422
1 293
2 42
2 141
2 387
2 258
2 187
1 55
2 10
2 282
1 427
2 234
2 124
2 440
2 492
2 428
2 245
1 311
1 325
2 2
2 142
1 311
1 249
1 362
1 202
2 331
1 56
2 35
2 97
1 405
1 251
2 204
2 256
1 132
1 317
2 291
1 448
2 489
1 170
1 306
2 493
1 203
1 404
2 430
2 62
1 88
1 18
1 158
1 9
2 353
2 126
2 486
2 448
1 121
2 176
1 192
1 413
1 271
2 334
1 317
2 385
1 207
2 251
1 176
1 357
1 288
1 375
1 258
1 451
1 494
1 155
2 497
1 282
2 88
2 318
1 10
2 11
1 105
1 135
1 225
2 363
1 176
2 137
1 262
1 15
1 65
1 292
1 293
1 32
1 40
1 135
2 404
2 320
1 110
2 491
1 297
2 198
2 442
1 110
2 273
1 310
1 497
1 103
2 27
1 20
1 335
1 319
1 3
1 449
1 92
2 150
2 496
2 65
2 32
1 343
2 149
2 346
1 458
1 138
1 433
1 253
1 163
2 209
2 209
1 481
1 300
1 392
2 328
1 435
2 481
1 219
1 134
1 331
2 363
1 278
1 477
1 267
1 453
2 8
2 336
1 164
1 321
1 134
1 215
2 211
1 50
2 29
2 345
2 477
2 178
1 206
2 135
1 146
2 151
2 451
1 345
2 325
2 374
2 165
1 231
2 487
1 7
2 166
2 225
1 262
2 247
2 261
2 291
1 320
2 262
1 278
1 236
2 123
2 265
2 401
2 365
2 478
2 254
2 426
1 488
2 84
1 5
1 466
2 453
2 87
2 407
2 376
1 171
1 455
2 136
2 133
1 241
1 75
1 456
1 324
2 186
2 28
1 455
2 337
2 482
2 177
1 491
2 381
2 402
2 299
1 41
2 241
1 244
2 127
2 166
1 345
2 61
1 393
2 69
2 477
1 3
1 437
1 410
2 358
2 356
2 404
1 439
2 29
2 163
1 437
2 309
1 31
2 357
2 439
2 355
1 474
1 273
1 55
1 431
1 48
1 68
1 385
2 448
1 393
1 421
2 290
2 314
2 302
2 95
1 95
1 7
2 159
2 182
2 16
1 124
1 101
1 367
1 402
1 251
1 127
2 326
2 103
1 89
1 162
2 496
1 336
1 176
1 485
1 58
1 25
1 415
1 429
2 315
1 446
2 327
2 439
1 341
2 143
2 297
1 315
1 412
2 145
2 348
2 500
1 333
2 291
2 2
2 380
1 252
2 380
1 101
1 81
2 210
1 425
1 231
1 149
1 94
1 285
2 126
1 198
1 308
1 409
2 410
1 476
2 316
2 90
2 376
2 413
1 98
1 443
1 281
1 174
1 237
1 314
1 93
1 24
2 203
1 413
2 71
2 477
1 95
2 358
2 89
2 56
1 460
1 217
1 293
1 465
2 51
1 95
1 493
1 248
1 253
1 364
2 400
1 412
2 258
1 317
1 392
1 235
2 73
1 294
1 45
1 246
1 239
1 443
1 161
1 483
2 53
1 87
2 389
2 299
2 472
2 196
2 190
2 417
1 234
1 479
1 23
2 77
2 268
2 48
2 412
1 193
2 79
1 269
1 130
2 466
2 33
2 315
1 443
2 335
1 496
1 306
1 242
1 130
2 105
1 437
1 411
1 332
1 261
1 309
1 18
1 194
1 286
1 475
2 294
1 108
2 327
2 306
1 499
2 76
2 316
2 118
2 494
1 68
1 401
1 347
2 353
1 320
1 251
2 70
1 308
1 184
1 442
2 201
1 127
1 394
2 140
1 373
2 165
1 90
2 167
1 335
2 179
2 8
2 153
1 324
1 107
2 93
1 199
2 340
1 68
2 472
1 448
1 192
1 487
1 177
2 69
2 23
1 369
1 28
2 311
1 480
2 62
1 169
2 216
1 438
1 444
2 343
1 456
1 3
1 167
2 446
1 246
1 187
1 53
1 487
1 269
1 484
2 242
1 295
2 11
1 444
2 344
1 198
2 24
1 444
1 435
2 129
1 60
2 293
1 381
2 179
2 97
2 183
1 166
2 146
2 412
1 335
2 227
1 257
1 435
1 144
2 440
1 48
2 439
2 463
2 471
2 171
2 155
1 256
2 34
1 201
1 343
2 404
2 270
2 23
1 212
1 425
1 289
1 2
2 16
1 249
2 309
1 257
2 477
2 487
1 118
2 159
1 425
2 84
1 75
1 250
1 123
1 289
1 349
2 342
2 106
2 55
1 362
2 81
1 175
2 51
1 106
1 455
1 124
2 428
1 496
2 483
2 54
1 234
1 414
2 470
2 369
1 137
1 335
2 271
2 135
1 5
1 383
2 474
1 349
2 203
2 429
2 167
1 160
1 87
2 326
2 296
2 80
1 128
1 500
2 479
1 72
2 78
1 293
2 459
1 303
2 190
2 49
1 64
2 107
1 133
1 58
1 478
1 211
1 107
1 356
2 48
2 419
2 380
1 27
1 57
2 350
1 59
1 453
1 310
2 327
2 490
2 222
1 78
2 277
1 198
1 269
2 410
2 221
2 250
2 330
1 75
2 403
2 280
2 310
1 413
2 384
2 373
2 426
1 93
1 485
2 37
2 35
1 144
1 290
2 354
2 51
2 1
2 265
1 308
2 73
1 63
1 326
2 117
2 88
2 304
1 499
1 29
1 489
1 493
1 416
1 248
1 478
1 271
2 232
1 169
1 1
2 464
2 369
1 429
1 140
2 231
2 424
2 376
2 430
1 42
1 417
1 163
2 389
2 489
1 214
2 276
2 443
2 245
2 22
2 470
2 257
1 151
2 459
1 445
1 449
1 437
1 479
1 464
1 236
1 191
1 312
1 368
1 408
1 416
2 136
2 442
2 436
1 73
1 322
2 338
1 58
1 487
2 77
1 256
2 253
1 466
1 264
2 21
2 148
1 304
2 172
2 175
1 188
2 57
2 467
1 131
2 168
2 61
1 271
1 260
2 465
2 143
1 409
2 103
1 451
1 191
1 150
2 433
2 464
1 198
1 235
1 306
1 500
1 350
1 385
2 497
1 334
2 429
1 301
2 2
2 436
1 77
2 408
2 126
2 350
2 153
2 354
1 338
2 176
2 475
1 148
2 261
2 313
1 426
2 424
2 68
1 322
1 148
1 4
2 100
1 447
1 142
1 62
2 5
2 370
2 148
2 5
2 349
2 154
1 133
2 405
1 140
1 195
1 307
2 412
2 256
2 362
2 362
2 431
1 11
1 400
2 316
1 123
1 72
1 142
2 56
1 256
1 475
2 335
1 353
1 392
1 456
2 208
1 380
1 387
1 290
2 104
2 42
1 473
1 205
1 22
2 363
2 308
2 431
1 470
2 239
2 94
2 170
2 216
2 291
1 142
1 240
1 388
1 175
1 99
1 325
1 492
2 248
2 376
2 292
2 313
1 410
2 428
2 59
2 127
2 449
1 280
1 217
1 321
1 379
2 123
1 390
1 94
1 264
2 168
2 166
1 288
2 238
1 153
2 62
2 497
1 250
2 198
2 148
1 358
1 141
1 433
1 445
2 167
1 347
1 318
1 166
2 86
2 24
1 51
1 368
1 447
1 176
1 436
2 366
2 52
1 476
2 35
1 363
1 183
2 239
1 221
1 308
1 11
1 396
2 269
2 460
2 84
2 211
2 161
1 15
2 433
1 197
2 465
2 372
2 119
2 350
2 218
1 497
1 489
1 141
2 358
1 323
1 439
2 312
2 460
2 311
1 20
2 63
2 269
1 335
1 248
2 78
1 342
1 397
1 317
2 290
2 341
1 468
2 497
2 377
1 457
1 52
2 398
1 165
2 399
2 54
2 35
2 316
1 57
1 261
2 453
1 399
2 14
1 71
1 497
2 169
2 486
1 133
1 185
2 402
1 500
2 434
1 289
2 466
2 164
1 422
1 276
1 408
2 390
1 150
1 277
1 42
1 390
2 349
1 175
1 361
1 408
1 264
2 246
2 245
1 306
1 377
2 190
2 73
2 114
1 168
1 244
2 4
2 87
1 58
1 454
2 491
2 416
1 261
1 334
1 423
1 375
2 424
1 83
2 346
2 70
2 438
2 426
2 297
1 497
2 477
1 477
1 366
1 73
2 405
2 336
2 398
1 478
2 126
1 169
2 460
2 188
1 51
2 394
1 328
1 406
2 395
1 272
2 125
1 239
1 102
1 208
2 135
2 24
1 97
1 287
1 430
1 157
2 290
2 32
2 292
2 421
2 22
1 299
1 240
2 379
2 314
2 44
1 123
2 412
2 258
1 479
1 375
2 372
1 389
2 132
2 43
2 71
1 448
2 61
2 257
1 380
1 378
2 369
1 341
1 423
1 33
2 489
2 91
1 422
1 466
1 364
1 310
1 275
2 302
1 296
1 127
2 331
1 301
2 355
2 183
2 442
2 233
2 474
1 494
2 155
1 152
1 171
2 451
1 70
1 133
2 13
2 243
2 114
2 393
1 35
2 301
1 494
2 110
2 208
1 65
1 267
2 83
2 29
2 86
1 488
1 314
1 328
1 46
2 450
2 113
1 217
2 312
1 297
2 380
2 228
2 70
1 365
2 135
2 389
1 343
2 290
1 80
2 64
1 114
2 268
1 349
1 342
1 250
1 284
2 346
1 425
1 357
2 124
2 34
1 415
1 240
1 235
1 376
1 1
2 15
1 66
2 455
2 226
1 101
2 185
1 224
2 417
2 102
1 275
2 52
2 214
2 96
1 166
1 98
1 460
1 285
1 178
1 488
2 499
1 115
2 386
2 496
1 123
2 342
2 83
2 290
1 239
2 95
2 356
1 422
1 155
2 397
1 2
1 86
1 324
2 35
2 391
1 362
2 478
2 113
1 151
1 207
1 287
2 146
1 345
2 13
2 477
2 35
1 145
1 182
1 172
1 28
1 97
2 278
1 296
2 337
1 292
2 187
1 47
1 276
2 251
1 94
2 49
1 261
2 451
1 364
2 9
2 388
2 483
1 382
1 408
1 76
2 464
1 333
1 446
1 253
1 99
1 126
2 177
1 191
2 179
1 453
2 148
2 495
2 62
1 260
2 297
2 223
1 301
2 122
1 366
1 145
2 423
1 463
2 360
1 429
1 59
1 429
2 278
2 189
2 3
1 159
2 487
2 411
2 288
1 384
2 109
1 469
2 149
1 481
1 437
2 250
2 494
1 53
2 304
2 461
1 41
2 457
2 352
2 165
2 102
1 495
1 427
1 92
2 395
1 435
2 184
1 177
1 65
1 4
1 26
2 26
1 435
1 296
1 52
1 480
2 359
2 66
2 290
2 212
1 432
1 218
2 33
1 348
2 327
1 464
2 168
2 270
1 322
1 92
2 377
2 81
1 397
1 20
1 6
2 221
2 228
1 256
1 184
2 208
1 158
1 66
2 364
1 279
1 105
1 262
2 292
2 68
2 340
1 226
1 22
2 134
1 236
2 213
2 48
2 133
2 296
1 30
2 237
1 196
2 29
1 26
1 4
2 360
2 32
1 392
1 384
1 155
2 470
2 390
2 491
1 222
1 423
2 297
1 410
1 204
1 153
2 109
1 174
2 55
2 258
1 110
2 175
1 111
2 335
1 13
2 77
1 463
1 188
2 363
2 454
1 238
2 499
2 466
1 19
1 228
1 170
1 268
1 305
1 192
2 434
2 316
1 142
1 361
1 240
2 130
2 493
1 151
2 418
2 162
1 192
2 415
2 430
1 57
2 263
1 225
1 156
1 58
1 21
1 331
1 345
1 157
2 179
2 31
1 127
1 235
2 284
2 31
1 182
2 448
2 187
1 344
1 416
2 343
1 375
2 400
2 485
1 259
2 214
2 463
2 184
2 363
2 346
2 180
2 480
2 27
1 3
2 211
1 475
1 57
2 226
1 271
1 215
2 77
2 21
2 473
1 87
2 171
1 227
1 163
1 181
2 75
2 411
1 304
1 191
1 438
1 372
2 330
1 441
1 366
1 296
1 17
1 24
2 18
2 241
1 160
2 72
2 159
2 372
1 220
1 25
2 181
1 69
1 334
1 119
2 323
1 241
2 500
1 230
2 366
1 400
1 94
2 112
1 453
2 417
1 248
2 385
1 41
2 290
1 462
1 276
1 174
1 327
2 132
1 41
2 377
1 374
1 262
2 425
2 171
2 442
1 485
1 198
2 279
2 102
1 246
1 228
2 245
1 295
1 109
2 225
2 478
1 158
1 287
1 158
2 274
2 227
1 425
1 487
2 262
1 498
2 465
2 482
1 130
1 437
1 167
2 426
1 111
2 87
2 16
1 353
2 195
2 399
2 354
2 25
2 324
1 178
2 99
2 350
1 490
1 170
1 299
2 4
2 30
1 305
2 186
2 186
1 292
1 350
2 172
1 464
2 99
2 487
2 3
1 277
1 326
1 500
1 244
2 384
2 444
1 22
2 400
2 360
2 494
2 188
2 286
2 363
2 495
1 433
2 37
2 192
1 358
2 337
1 45
1 78
2 259
2 469
2 157
2 349
1 241
1 370
2 38
2 263
1 434
2 380
1 108
1 36
2 466
1 270
2 92
1 203
1 446
2 360
2 351
2 456
1 448
1 470
1 410
1 369
2 482
2 164
2 24
2 258
2 423
2 351
1 226
2 67
1 76
2 478
1 191
2 221
1 110
1 475
2 477
1 213
2 296
2 399
2 279
1 159
2 387
1 66
1 118
2 339
2 115
1 323
2 101
2 442
1 289
2 81
2 464
2 75
2 21
1 429
1 185
2 352
2 152
1 387
1 254
2 314
1 393
1 24
2 383
2 406
2 85
1 139
1 131
1 306
2 391
1 154
2 25
1 498
1 275
1 297
1 312
2 99
1 98
1 400
1 438
1 354
2 143
2 422
2 410
1 128
1 165
2 78
2 138
2 217
1 162
2 143
1 475
2 29
2 214
2 404
1 234
1 26
1 454
2 353
2 378
1 14
2 112
2 83
1 18
2 13
2 164
1 356
1 248
2 62
1 313
1 317
1 279
1 125
1 492
2 446
1 160
2 412
1 253
1 21
1 497
2 153
1 40
1 1
1 244
2 453
1 232
2 305
1 462
1 93
2 110
1 174
1 52
2 393
1 283
2 426
2 149
1 290
2 289
1 32
2 56
1 440
2 104
2 500
2 378
1 221
2 333
2 108
1 183
1 40
2 116
2 95
2 246
1 157
1 378
1 418
2 23
1 72
1 454
2 394
2 15
1 169
2 360
2 435
2 480
1 7
1 290
1 212
2 189
1 68
1 55
1 351
2 195
1 54
1 344
2 330
1 412
1 261
1 478
2 166
1 168
1 257
2 477
1 343
1 187
1 83
2 99
2 21
2 206
1 292
1 372
2 111
2 175
2 258
1 417
2 313
1 299
2 392
2 388
1 144
1 348
2 18
1 11
1 91
2 463
1 470
1 207
1 173
2 155
1 384
2 205
2 7
2 117
1 481
2 336
2 430
2 55
1 480
2 485
1 133
1 304
1 485
1 386
2 242
1 439
2 110
2 173
1 349
1 218
2 146
2 157
2 439
2 22
1 128
2 340
1 158
2 66
1 356
2 3
2 342
2 73
2 287
1 271
2 387
1 167
1 244
1 458
1 238
1 303
2 190
1 329
2 488
1 44
2 48
1 439
2 338
1 43
1 109
2 462
2 356
2 378
2 8
2 484
2 18
2 314
2 280
1 257
1 239
2 110
1 198
2 378
1 412
1 363
1 437
2 218
1 157
2 243
1 133
1 260
2 12
2 209
1 418
1 59
1 470
1 293
2 420
1 406
2 442
2 54
1 297
2 169
2 69
2 320
1 489
2 204
1 356
1 143
2 81
2 429
1 73
2 69
1 243
1 175
1 446
1 413
1 203
2 398
2 196
2 176
1 500
2 35
2 495
1 479
2 82
2 477
1 332
2 498
1 222
1 109
1 103
2 113
2 305
2 280
1 431
2 35
1 186
1 488
1 303
2 458
1 77
1 242
1 330
2 185
1 114
2 71
1 17
2 225
1 397
1 321
1 310
1 109
2 481
2 378
2 267
1 18
2 473
2 455
2 349
2 58
1 284
1 382
1 14
1 121
2 461
1 90
1 353
1 469
2 498
1 115
1 385
1 459
1 243
2 12
2 403
2 109
1 400
1 338
2 299
1 175
2 455
1 380
2 314
1 491
2 398
2 427
1 441
2 491
2 1
1 477
2 274
2 293
2 278
1 438
1 291
1 186
1 376
1 52
2 117
2 351
1 499
2 500
2 365
1 325
2 196
1 120
2 90
1 346
1 393
2 295
2 246
2 280
2 250
1 161
1 78
1 232
1 492
2 219
2 72
2 73
2 196
1 440
1 307
2 357
2 419
2 86
1 335
2 137
1 400
2 302
2 12
2 405
1 115
2 212
1 17
1 9
2 328
1 202
1 436
1 37
1 412
1 221
2 486
2 182
1 358
2 214
2 367
1 224
2 444
2 371
2 71
2 229
1 178
1 235
2 191
2 170
1 392
1 348
1 99
1 467
1 364
1 176
2 2
1 63
2 390
2 461
1 163
2 61
1 322
1 156
1 66
2 114
1 67
2 39
2 194
2 472
1 388
2 288
2 250
1 38
1 487
1 451
2 39
1 45
1 159
1 224
1 377
2 33
2 353
2 459
2 279
1 456
2 428
2 259
1 296
1 169
1 146
2 135
1 334
2 247
1 230
1 216
1 362
1 252
2 375
1 113
2 139
1 23
2 14
1 448
2 429
1 295
1 438
2 461
1 311
1 263
1 233
1 202
2 282
2 161
1 15
2 160
2 44
2 423
2 316
1 69
1 337
2 170
2 495
1 398
2 41
1 401
1 342
1 72
2 54
1 130
1 208
2 73
2 323
2 159
1 217
2 234
2 294
2 179
1 384
1 297
2 440
2 254
2 298
2 107
2 408
1 123
2 376
2 365
2 41
2 188
2 101
2 310
1 175
1 386
2 268
1 39
2 230
1 43
2 116
2 81
2 236
2 137
2 249
2 13
1 227
2 46
2 325
2 73
1 399
1 262
1 491
1 76
1 91
1 450
1 118
1 80
2 437
1 167
2 420
1 326
1 84
1 176
1 282
1 111
1 409
1 197
2 23
1 322
2 241
2 22
1 5
2 414
2 372
2 329
2 464
2 140
2 82
1 306
2 415
2 395
1 140
2 74
2 215
1 479
2 18
2 17
1 157
1 166
2 214
2 23
2 1
2 75
1 182
2 296
1 149
1 123
1 133
2 154
2 444
2 153
2 337
2 187
2 303
1 225
1 346
1 45
1 114
2 131
2 351
2 242
2 320
2 491
1 413
1 150
1 128
2 20
1 27
1 161
2 58
2 197
2 484
2 453
2 63
2 243
1 65
2 116
2 201
1 40
2 102
1 320
2 48
2 249
1 397
2 255
1 145
2 60
2 395
1 429
2 151
1 74
2 8
1 303
1 147
2 172
1 236
2 33
2 385
2 356
2 41
1 438
2 264
1 17
1 213
1 319
2 469
1 282
1 81
1 35
1 278
1 179
2 252
2 295
1 343
2 269
2 464
1 420
1 55
1 237
1 233
2 334
2 447
2 380
2 51
1 106
1 323
2 193
1 347
2 210
1 341
1 424
2 35
2 32
1 483
1 209
2 175
1 120
2 9
2 499
2 265
2 238
2 93
1 13
2 121
1 480
2 403
1 117
2 450
1 378
1 120
1 499
1 332
1 266
1 320
1 250
1 72
2 375
1 473
2 455
2 312
1 405
1 189
1 2
2 21
1 422
1 169
1 285
1 241
1 43
2 18
1 348
2 483
1 253
2 460
2 399
2 492
2 336
2 176
1 23
2 421
1 392
2 216
2 293
1 78
2 220
2 331
1 36
2 141
1 471
2 198
2 75
2 23
2 73
2 100
2 451
1 391
1 312
1 370
1 265
1 143
2 246
2 256
2 137
1 272
2 200
2 327
2 362
2 37
1 103
1 233
2 359
2 99
1 432
1 478
1 119
1 32
2 444
2 349
1 35
2 390
1 441
1 212
1 120
1 88
2 87
1 479
2 294
2 467
2 249
1 272
2 267
1 435
1 442
1 345
1 108
1 266
1 153
2 54
1 77
2 198
2 312
2 460
2 105
1 33
2 425
1 72
2 311
1 104
2 345
1 432
1 33
2 204
2 174
2 160
1 249
1 116
1 34
2 368
1 204
1 195
1 407
1 170
1 475
2 322
1 72
2 123
1 302
1 140
2 434
1 428
1 9
2 445
1 470
1 383
2 415
2 301
1 46
1 243
2 95
1 192
1 168
1 122
2 344
2 295
2 264
1 163
1 117
2 165
1 271
1 110
2 328
1 62
1 84
1 246
1 219
2 47
2 454
1 207
2 133
1 130
1 427
1 168
2 250
1 332
1 83
1 409
2 407
1 136
1 126
2 371
1 169
1 434
1 289
2 475
2 346
1 317
1 99
1 371
1 19
1 72
1 347
1 216
1 301
2 95
1 231
1 474
2 87
2 76
2 399
1 296
1 5
1 72
2 151
1 303
2 495
1 474
1 205
2 447
2 39
2 135
2 210
1 371
1 366
2 23
2 348
1 64
2 133
2 307
2 428
2 303
2 186
2 320
1 317
1 99
1 10
2 328
1 44
2 219
2 497
2 229
1 58
2 48
1 131
2 324
2 19
2 185
2 107
1 446
2 473
1 130
1 332
1 405
2 8
1 488
1 364
1 199
1 212
2 315
2 305
2 253
2 469
2 379
2 144
2 349
1 424
2 301
1 288
1 482
2 329
2 150
1 389
1 317
1 446
1 146
1 474
1 277
1 390
2 220
2 35
1 352
2 250
2 66
2 358
2 35
1 220
1 81
1 384
1 411
2 381
2 431
1 158
2 499
1 65
1 432
1 489
1 410
2 436
2 331
2 21
1 34
1 49
1 51
1 363
1 113
2 222
2 448
2 453
1 426
2 219
1 320
1 493
2 150
1 203
1 276
1 197
2 19
1 422
1 29
2 383
2 379
1 239
2 334
2 328
1 412
2 321
2 106
2 312
2 444
1 438
2 293
2 379
1 232
1 233
1 436
2 105
2 422
2 345
2 238
1 218
2 70
1 231
2 54
1 281
2 112
2 419
1 205
2 67
1 449
2 47
1 117
2 254
1 198
1 145
2 474
1 435
2 104
2 70
2 263
1 358
1 272
1 129
1 425
1 411
2 198
1 460
2 312
1 352
2 15
1 295
1 62
2 31
2 246
1 173
1 153
1 233
2 158
2 252
1 408
2 158
1 176
2 272
2 34
2 200
2 471
1 388
1 75
1 48
1 221
1 31
1 454
2 2
2 475
2 396
2 471
2 192
1 373
2 485
2 437
1 307
2 29
1 142
2 464
2 274
1 113
1 261
1 270
1 380
2 219
2 331
2 179
1 335
2 336
2 161
1 354
2 31
1 13
1 485
1 213
1 363
2 266
1 242
2 237
2 131
2 247
2 496
2 334
1 31
2 500
1 441
2 10
2 234
1 494
1 201
1 32
1 30
2 39
2 35
2 95
1 82
2 478
2 321
1 258
1 480
2 43
1 461
1 94
1 426
1 468
1 293
2 41
2 147
2 149
2 206
1 198
2 288
1 215
2 487
1 460
1 432
1 90
1 257
2 289
1 122
1 12
2 254
1 293
1 483
2 433
1 36
1 326
1 157
1 432
2 215
2 461
1 96
1 389
1 436
2 238
1 433
2 324
1 152
1 290
1 56
1 321
1 203
1 267
1 37
1 354
2 292
1 248
2 67
1 90
2 165
2 412
2 427
2 134
2 202
2 64
2 496
2 52
2 382
1 410
2 219
2 373
1 281
2 100
2 460
1 53
1 220
1 220
2 50
1 429
2 128
1 212
1 228
2 174
1 285
2 380
2 49
1 217
2 76
1 380
1 209
1 11
2 100
2 279
2 288
2 104
2 50
2 242
1 281
2 387
2 201
1 272
1 73
1 134
2 155
2 36
1 149
1 496
1 480
1 100
2 184
2 386
2 369
2 362
1 246
1 418
1 217
2 399
1 28
2 290
2 397
2 250
2 74
2 144
1 222
1 24
2 298
2 489
2 240
2 20
2 450
2 282
2 478
2 160
2 65
2 391
2 477
1 358
1 88
2 159
2 448
2 417
1 295
1 264
1 108
2 18
2 423
1 279
1 332
1 257
1 90
2 208
1 139
2 172
1 270
1 387
2 364
2 314
2 60
2 44
2 63
1 280
1 213
1 237
1 200
2 439
2 492
1 59
1 415
1 207
1 411
2 252
2 100
1 137
2 494
1 30
2 93
2 246
2 70
1 200
2 31
1 262
1 488
1 3
1 401
2 85
2 6
1 141
2 253
2 115
2 161
1 7
2 156
1 410
1 289
2 198
2 451
2 192
1 130
1 339
1 107
2 397
1 462
2 68
2 18
1 313
1 30
2 282
2 126
2 466
1 4
1 85
1 474
1 243
1 322
2 337
1 207
2 95
1 122
1 234
2 47
1 168
1 68
2 317
2 344
1 459
2 445
2 152
2 170
1 226
2 326
1 474
1 147
1 51
1 81
2 110
1 34
2 55
1 429
2 498
1 5
1 470
2 202
2 71
1 218
1 66
2 210
1 278
1 107
2 327
1 317
1 315
1 416
2 155
1 444
2 468
1 312
2 248
1 410
2 237
2 466
1 374
2 341
2 382
1 183
1 135
2 199
2 201
1 373
2 310
1 211
2 115
2 65
2 388
1 33
1 157
1 277
1 173
1 32
1 417
2 318
2 417
1 203
2 482
2 176
2 243
1 271
2 260
2 219
2 365
2 122
2 101
2 402
2 16
2 30
1 351
2 334
1 67
1 236
1 462
2 42
1 297
1 61
1 202
2 55
1 234
1 86
1 74
2 310
2 124
2 224
1 390
2 241
1 296
2 355
1 387
1 165
2 411
2 443
1 60
2 30
2 24
2 330
1 306
2 242
2 329
1 402
1 226
2 25
1 471
2 483
2 478
2 96
1 76
1 204
2 238
2 279
2 199
1 62
1 98
1 284
1 121
1 348
1 180
1 71
1 455
2 210
1 404
2 376
2 46
2 317
2 163
2 248
2 406
2 69
2 464
1 280
1 389
2 486
1 351
1 421
2 313
2 292
1 491
2 398
2 97
1 171
2 12
1 324
2 79
1 271
1 447
1 182
1 29
2 459
2 74
1 239
1 66
1 453
1 49
1 444
2 267
2 108
1 384
2 46
1 26
1 208
1 70
2 11
1 407
1 180
1 53
1 366
1 299
1 173
2 372
2 344
1 83
2 120
1 233
2 132
1 185
2 433
1 431
1 203
2 117
1 168
2 3
2 138
2 407
1 352
1 130
2 267
1 497
1 382
2 255
2 190
2 55
1 44
2 121
1 25
2 183
1 109
2 281
1 189
2 260
1 316
2 86
1 305
1 172
1 14
1 402
2 216
1 381
2 144
2 60
1 90
1 415
1 278
2 148
1 233
2 210
1 499
2 334
2 81
2 340
1 282
2 353
2 400
2 459
2 233
1 414
1 111
2 372
1 23
2 409
1 277
1 155
2 265
1 430
2 344
2 494
2 214
1 473
2 78
2 8
2 152
2 484
1 249
2 353
1 225
1 231
2 231
2 128
2 77
2 43
1 177
2 45
1 382
2 355
1 152
1 122
2 134
2 417
2 312
2 210
1 234
1 389
2 28
1 163
1 72
1 24
1 446
1 490
2 140
1 490
2 57
2 446
1 68
1 276
2 186
2 118
1 276
1 236
1 373
1 407
1 307
1 396
1 53
2 431
2 432
1 335
1 383
1 381
1 345
2 32
2 493
2 450
2 359
2 424
2 138
1 379
2 316
1 48
1 10
1 412
2 250
2 280
1 26
1 285
2 20
1 253
2 20
1 485
1 442
1 461
2 293
2 375
1 464
2 328
2 252
2 265
2 337
1 336
2 407
1 437
2 491
2 143
2 242
2 240
2 90
1 261
1 390
1 342
2 410
2 325
2 111
2 14
1 336
2 162
2 173
1 225
2 138
2 173
2 197
2 413
1 464
2 19
1 160
1 206
2 232
2 82
2 323
2 494
2 295
2 457
2 456
2 130
2 399
1 471
2 66
2 232
1 407
1 383
2 462
1 339
2 322
1 239
2 14
1 7
2 90
2 127
2 347
1 137
2 410
2 191
2 193
1 356
1 23
1 370
1 30
1 381
2 128
2 347
2 55
2 153
1 19
1 189
2 35
2 461
1 136
2 271
1 276
1 131
2 68
1 486
2 60
1 299
2 41
1 31
2 202
1 90
2 463
1 289
2 307
1 293
1 104
2 121
1 392
1 382
2 103
2 407
1 289
1 200
2 203
2 275
1 414
1 476
1 346
2 224
1 218
1 445
2 282
2 404
1 168
2 484
2 208
2 432
1 448
1 176
1 214
1 53
2 369
2 354
1 349
2 217
1 297
2 90
1 78
1 455
2 482
2 367
2 33
2 36
1 134
2 481
2 216
2 325
2 265
1 150
2 106
2 30
1 231
1 184
1 465
1 257
1 428
2 339
1 477
1 291
1 141
2 308
1 156
1 292
1 161
1 237
2 12
1 20
1 89
2 254
2 193
1 203
1 188
2 432
2 118
1 126
1 345
1 466
1 417
2 123
1 402
2 196
2 329
2 211
2 122
1 470
1 177
1 285
1 416
1 232
2 290
1 143
1 143
1 485
2 68
2 340
1 318
2 438
1 454
1 414
2 463
2 240
2 258
1 207
2 240
1 410
2 147
1 14
2 363
1 52
1 308
2 103
2 130
2 474
2 40
1 9
2 122
1 345
1 123
2 256
1 341
2 94
2 68
2 480
1 308
2 212
1 273
1 92
1 58
1 336
1 305
1 452
1 443
1 157
1 199
2 131
2 429
2 229
2 183
1 426
2 238
2 106
2 7
2 116
1 466
1 13
1 147
1 48
1 464
1 359
1 320
2 52
2 65
1 97
1 488
1 90
2 363
2 439
2 95
2 284
2 358
2 182
1 464
2 149
2 489
2 440
1 200
2 408
1 475
1 363
1 378
1 242
1 498
2 312
2 439
2 357
1 447
1 3
2 471
1 189
2 10
2 118
2 323
1 325
2 233
2 462
1 343
1 53
1 236
1 136
1 163
1 321
2 382
2 371
1 326
1 162
1 392
2 396
1 360
1 363
2 463
1 54
2 379
2 348
1 174
1 491
1 179
2 297
1 486
2 115
2 430
1 350
2 259
1 387
1 169
2 62
2 276
1 139
2 426
2 472
2 174
2 139
1 477
2 264
1 305
1 477
2 6
1 407
1 423
2 85
1 393
2 74
2 466
2 27
2 51
1 341
1 312
2 427
2 265
1 102
1 420
1 8
2 256
1 392
1 59
1 121
2 474
2 471
2 111
2 33
2 347
1 88
1 204
1 150
2 56
1 94
2 33
2 103
1 14
1 318
1 469
1 375
2 188
2 233
1 46
1 310
1 491
2 401
1 263
2 218
1 6
2 496
1 263
1 178
2 91
2 200
2 136
1 205
1 123
1 121
1 407
2 411
2 31
2 294
2 65
1 314
1 26
2 108
2 258
2 417
1 131
1 111
1 394
2 441
1 104
1 35
1 196
2 258
1 459
1 371
1 119
1 93
1 345
1 432
1 336
1 154
1 316
1 436
2 430
1 76
1 289
1 395
1 258
2 62
1 408
1 239
1 467
1 21
2 235
2 117
2 4
1 92
2 385
2 379
1 403
1 199
2 267
1 27
1 98
1 92
2 371
1 234
2 365
1 352
1 58
1 226
1 441
2 84
2 196
2 490
1 120
2 140
2 134
1 262
2 105
2 439
2 387
1 312
2 277
2 54
2 334
2 100
1 300
2 450
2 497
2 444
2 479
2 355
1 453
1 194
2 173
1 32
2 7
2 13
1 61
2 174
1 49
2 19
1 159
1 46
1 258
2 476
2 276
1 52
1 1
1 136
2 81
2 83
1 65
1 75
2 366
1 18
1 224
1 114
1 207
2 241
2 500
1 405
2 397
1 206
1 53
2 422
1 212
2 425
1 304
2 253
2 98
1 434
2 10
2 54
1 410
2 384
2 362
1 387
2 96
1 360
1 136
2 485
2 489
2 327
1 407
2 312
1 200
1 28
2 496
1 277
2 80
1 165
2 300
2 403
2 346
1 246
1 395
2 32
2 139
1 27
1 288
1 105
1 287
2 400
2 66
1 391
2 188
1 289
2 458
1 233
1 305
1 489
2 208
1 434
2 230
1 448
2 1
1 208
1 36
1 274
2 135
1 449
1 71
1 308
2 281
1 36
2 370
1 136
2 395
2 479
1 380
1 345
1 330
1 19
2 11
1 318
1 160
1 319
1 207
2 462
2 370
2 72
2 224
2 20
2 127
1 446
1 276
1 237
2 194
1 321
1 103
1 201
1 108
1 344
1 350
2 153
2 154
1 310
2 134
2 199
1 326
2 117
2 434
2 57
2 460
1 35
2 219
2 176
1 458
2 344
2 176
1 26
2 71
2 409
1 163
1 463
1 252
2 293
2 283
2 16
2 430
1 9
2 136
1 30
1 55
2 252
1 220
2 410
1 463
1 345
2 277
2 317
1 89
2 417
1 161
1 466
2 333
1 295
1 9
1 265
2 49
2 292
1 145
2 410
1 223
1 84
2 413
1 231
2 212
2 224
2 282
2 19
1 14
2 285
2 488
1 85
1 418
2 156
1 281
2 21
2 318
2 206
1 208
1 435
1 286
1 496
2 347
1 32
1 178
1 234
2 69
2 201
1 251
1 400
2 272
1 386
2 376
2 375
1 378
2 207
2 466
1 81
1 67
1 228
1 131
2 260
1 483
1 241
2 19
1 116
1 264
2 83
2 295
2 426
1 265
1 186
1 185
1 98
2 229
2 198
2 137
1 114
1 121
2 56
1 346
2 429
2 375
2 452
2 319
2 192
2 361
2 17
2 494
1 352
1 290
2 285
1 358
1 249
2 104
2 470
1 179
1 114
1 113
2 426
2 294
1 218
1 198
1 254
1 199
2 265
1 6
2 265
2 151
1 45
1 22
1 259
1 116
2 105
1 289
2 10
1 352
2 439
2 312
2 240
1 149
2 201
1 257
1 221
2 183
2 217
1 483
2 255
1 199
1 177
1 94
1 421
2 117
1 493
1 404
2 290
1 441
1 58
2 159
1 308
2 246
1 396
1 202
2 29
2 214
2 240
2 95
1 455
2 371
2 342
1 31
2 178
2 325
2 372
2 364
2 176
2 406
2 393
2 425
2 211
1 330
1 500
1 314
1 338
1 401
2 310
2 162
2 458
1 73
2 320
1 211
2 100
1 418
1 426
1 265
2 36
1 438
2 369
2 489
1 287
2 88
1 375
2 286
1 86
1 160
1 497
1 104
1 189
2 440
2 67
1 103
1 149
1 488
2 143
1 426
2 68
2 228
2 466
2 126
2 222
1 160
1 359
1 165
1 136
1 366
1 307
1 7
2 211
2 175
2 322
1 485
1 317
1 36
1 76
2 184
2 298
1 366
2 459
2 408
1 134
2 500
2 92
1 99
1 352
1 7
1 225
2 119
2 407
1 174
1 166
1 483
1 53
1 324
2 230
2 308
1 3
2 360
1 17
1 247
1 83
2 245
1 448
2 52
1 220
1 187
1 83
2 53
2 369
1 349
1 458
1 17
1 167
1 405
2 186
2 50
1 108
2 279
2 361
2 408
2 56
1 318
1 467
1 476
2 97
1 136
1 183
2 365
2 380
2 31
2 123
2 185
1 79
2 136
2 293
2 371
1 341
1 189
2 57
1 345
2 191
1 58
1 484
1 222
1 394
2 280
2 185
1 450
2 279
1 53
2 480
1 123
1 463
2 478
1 31
1 376
2 154
1 446
2 59
1 352
2 124
1 25
1 447
1 274
2 411
1 500
2 453
1 62
1 488
1 139
1 213
1 443
1 151
1 355
1 111
1 366
1 41
1 245
1 215
1 268
1 400
2 220
1 92
2 471
1 172
2 301
2 327
2 454
2 483
1 390
2 218
2 179
1 348
2 301
2 145
2 392
1 187
2 247
2 391
1 210
2 30
1 151
1 457
1 37
2 264
1 235
2 385
2 442
1 40
2 146
1 163
2 79
2 147
2 127
1 394
1 304
1 402
1 131
1 261
2 148
1 297
1 60
2 147
1 412
1 448
1 221
1 446
2 458
2 123
2 334
2 476
2 144
2 146
1 234
1 145
2 134
2 115
2 473
2 398
1 150
2 145
1 454
2 20
1 387
1 200
1 362
2 60
2 52
2 483
2 462
2 370
2 271
1 140
2 300
2 330
2 234
2 170
2 269
2 450
2 34
2 78
1 324
2 252
2 193
1 363
1 64
1 453
1 271
1 428
1 332
1 222
2 436
2 252
1 431
2 62
2 202
2 64
2 127
2 103
2 253
2 324
1 253
1 150
2 71
2 297
2 186
1 467
2 261
1 176
2 123
2 359
1 227
1 52
2 89
1 23
2 322
2 156
1 326
2 301
2 234
2 299
2 466
2 40
1 187
2 269
2 304
2 484
1 49
2 383
2 40
2 477
2 455
1 139
2 289
2 29
1 387
2 292
1 443
2 78
2 250
1 289
2 324
1 82
1 158
1 8
2 73
1 262
2 320
1 11
1 42
2 333
1 69
1 279
1 159
1 344
1 405
2 312
2 256
2 452
1 61
1 314
2 147
2 363
1 178
1 277
2 468
2 498
2 437
2 400
2 188
2 206
2 227
2 173
2 261
1 248
2 287
2 157
1 192
1 251
2 97
1 292
1 340
2 452
1 269
2 74
2 446
2 401
1 147
2 154
1 400
2 80
2 18
2 120
2 108
1 429
1 101
1 471
2 213
2 68
2 125
1 289
1 124
2 242
2 465
2 30
2 352
2 51
2 49
1 429
1 243
2 415
1 281
1 136
2 160
2 325
1 400
1 354
1 154
2 146
2 193
2 335
1 487
2 264
1 406
1 395
1 253
1 343
2 47
1 377
1 237
2 341
1 166
1 11
1 140
1 142
2 34
1 228
2 212
1 260
2 387
1 468
2 167
2 23
2 492
2 270
1 304
2 68
2 156
1 344
1 438
2 184
2 312
2 47
2 106
1 343
2 164
2 483
1 473
1 395
1 460
1 396
2 478
2 288
1 96
2 485
2 468
1 208
2 430
1 6
1 412
1 380
2 158
1 256
1 423
1 298
2 370
2 497
2 211
1 184
1 267
1 191
1 39
1 216
2 3
2 208
1 421
2 192
1 152
1 412
2 153
2 309
1 105
2 221
2 441
1 120
2 276
1 292
1 411
2 134
1 80
2 31
1 131
2 281
2 374
1 209
1 252
2 48
1 173
1 22
2 375
1 171
1 155
1 316
1 321
2 183
1 494
2 103
1 287
2 110
1 75
1 38
1 186
2 386
2 408
2 175
1 252
1 284
2 159
2 324
2 103
1 82
1 70
1 424
2 419
2 220
2 203
2 22
1 397
2 450
1 18
2 438
2 322
2 379
1 375
1 163
2 59
1 277
2 132
1 189
1 84
1 394
1 221
2 378
2 26
2 125
2 303
1 15
1 486
1 308
1 447
1 40
1 269
1 338
1 367
1 301
2 137
1 440
2 461
2 326
1 496
1 232
1 215
1 126
1 491
2 263
1 106
1 147
1 470
1 274
1 361
1 490
2 120
1 206
1 98
2 121
2 184
1 243
1 449
1 97
1 152
2 81
2 12
2 130
2 62
2 21
1 181
1 270
1 143
2 83
2 357
2 185
1 406
2 437
1 146
2 349
2 95
2 405
2 359
2 291
1 141
2 45
2 377
2 472
2 141
1 111
1 460
1 241
2 426
1 423
1 266
2 72
2 52
2 171
1 363
2 34
2 328
1 176
1 96
2 222
2 405
2 438
1 332
1 81
2 411
2 32
2 125
1 389
1 284
2 142
1 223
2 352
1 456
2 253
1 378
2 140
1 363
2 497
1 458
2 154
2 283
1 397
1 493
2 139
1 47
1 273
2 306
1 171
1 3
2 313
1 453
1 13
2 232
2 212
2 290
1 261
1 403
2 183
2 293
1 170
2 101
1 460
2 269
1 20
2 108
1 2
2 487
1 79
1 227
2 110
1 156
2 439
1 27
1 452
1 443
2 362
2 118
2 153
1 154
1 9
1 59
1 26
2 228
1 114
1 394
1 469
2 94
2 458
1 380
2 143
1 85
2 69
1 177
2 88
2 97
1 296
2 309
2 52
1 424
2 341
1 92
2 218
2 68
1 9
2 288
2 121
2 7
2 74
1 261
2 218
2 460
2 364
2 185
2 8
1 283
2 129
2 9
2 411
1 226
2 375
2 274
2 385
1 35
2 19
2 323
1 356
2 452
2 107
1 337
1 448
2 314
1 197
2 126
1 102
2 230
1 364
2 174
1 487
1 410
2 207
2 93
1 71
1 484
2 384
1 494
2 142
1 258
2 334
1 298
2 234
2 467
2 382
1 49
1 52
1 224
1 246
1 171
1 64
1 344
2 325
1 129
1 349
1 156
1 121
2 320
2 332
1 155
2 130
2 284
2 217
2 290
1 27
1 278
1 465
2 388
2 162
1 458
1 401
1 395
1 270
2 80
2 204
1 17
2 141
1 365
2 159
1 318
2 317
2 126
2 272
2 273
2 28
2 147
1 196
2 153
2 459
1 418
2 318
1 199
1 86
1 166
1 273
2 428
1 282
2 370
2 417
2 337
1 225
2 427
1 228
1 88
1 15
2 52
1 143
2 493
1 370
1 323
1 493
1 231
1 6
2 326
1 447
1 69
2 349
2 146
1 426
2 465
2 294
2 476
1 323
2 367
1 126
2 185
1 494
1 243
2 220
1 124
1 434
1 392
1 38
2 413
1 473
2 108
1 97
2 53
2 403
2 462
2 163
2 498
1 414
2 6
2 160
2 2
2 24
2 430
1 281
1 81
2 71
1 19
2 122
2 438
2 194
2 405
1 249
1 364
1 346
2 498
1 202
2 302
2 391
1 490
2 425
1 276
2 109
1 366
2 68
2 459
2 257
2 321
1 468
1 19
1 256
2 171
2 15
1 386
1 407
2 280
1 149
2 30
2 52
2 43
1 401
2 232
1 67
1 15
2 439
2 200
2 49
1 355
1 45
1 25
1 319
1 487
2 211
1 75
1 115
1 233
2 470
2 376
2 220
1 423
2 275
1 57
2 195
2 90
2 3
1 394
2 270
1 287
1 100
2 445
1 182
1 432
1 494
1 40
2 401
1 75
2 287
2 202
2 42
2 71
1 257
2 216
1 48
1 209
2 214
2 64
1 330
1 399
2 359
1 92
2 251
1 138
2 149
2 369
1 481
2 85
2 107
1 466
2 153
1 5
1 327
2 465
1 268
2 35
1 152
1 236
1 143
2 142
2 211
1 184
1 301
1 132
2 271
1 265
2 123
1 493
2 42
2 161
2 24
2 434
2 172
2 281
1 42
1 309
1 284
1 499
1 112
2 46
1 432
2 157
1 284
2 207
2 457
2 485
1 413
1 359
1 438
2 453
2 264
2 435
2 105
2 334
1 415
1 301
1 394
2 252
2 457
1 205
1 324
2 97
1 106
2 23
2 445
2 374
2 88
1 107
1 92
2 111
2 24
2 204
2 368
2 297
1 264
2 293
2 189
1 26
1 196
1 40
2 375
2 201
1 72
2 5
1 451
2 226
1 377
2 242
1 88
1 272
2 390
1 290
1 305
2 75
2 215
2 345
2 379
2 402
2 55
1 170
1 224
2 331
1 175
2 196
1 314
2 113
1 382
1 133
2 68
1 39
1 174
2 74
1 279
2 206
2 84
2 42
2 269
2 259
1 149
1 205
1 272
2 369
2 422
1 191
1 413
2 475
1 315
2 341
2 227
2 130
2 273
2 321
1 247
2 337
2 32
2 61
2 62
2 160
2 134
1 324
1 283
2 335
2 199
1 42
2 426
2 439
1 45
1 91
1 338
2 390
1 172
1 228
2 435
2 67
1 237
2 318
2 41
1 467
2 179
1 219
1 234
1 154
2 417
1 274
1 23
2 179
1 317
2 278
2 145
1 170
2 86
2 251
1 491
1 68
2 429
2 125
2 296
1 293
1 373
1 169
2 80
1 440
1 458
2 498
1 413
1 335
1 6
2 476
1 6
2 17
2 33
2 449
1 270
2 391
1 10
1 241
2 111
1 189
1 101
1 21
2 57
2 362
2 292
2 410
2 84
1 435
1 418
2 444
2 327
1 385
1 245
2 129
2 156
2 274
1 354
2 120
2 149
1 325
1 170
1 441
2 12
2 369
2 110
1 320
1 497
1 476
1 180
1 448
2 272
1 443
2 368
1 239
1 395
2 160
2 149
1 317
1 178
2 440
2 200
2 427
2 166
1 438
2 209
2 32
1 310
1 308
2 239
2 45
1 461
1 50
2 359
1 120
1 107
1 175
1 374
2 2
1 206
2 236
1 380
2 97
2 296
1 366
2 154
1 20
2 169
2 75
2 490
2 62
1 310
1 254
2 188
2 74
2 250
1 362
2 132
1 317
1 66
1 462
2 147
2 37
2 105
1 193
1 10
2 394
2 342
2 353
1 105
2 478
1 292
1 334
2 149
2 350
1 36
2 137
2 347
2 349
2 136
1 249
2 148
1 315
2 140
1 222
1 150
1 450
2 391
2 363
2 285
2 457
2 227
2 355
1 117
2 24
2 96
1 249
2 265
1 436
1 435
2 352
1 208
2 24
1 435
1 341
1 302
2 244
2 241
1 102
2 152
2 461
1 101
1 194
2 125
2 121
2 138
1 346
2 476
2 147
1 458
2 333
1 135
1 288
2 377
2 435
2 217
1 480
2 457
2 182
2 154
1 343
2 329
1 487
1 260
2 65
2 471
1 328
2 29
2 183
1 207
1 286
1 365
2 240
2 141
2 253
1 278
2 436
1 134
2 261
2 259
1 461
1 279
2 38
2 255
2 212
1 42
2 237
1 113
1 78
1 453
1 399
1 276
2 188
2 461
1 153
2 329
2 300
2 253
1 414
1 262
2 321
2 326
2 412
1 88
2 43
1 170
1 122
2 480
2 57
1 460
2 158
2 173
1 247
1 499
1 285
1 137
2 266
1 365
2 251
1 17
1 492
1 291
2 482
1 125
1 61
1 98
1 76
1 231
2 195
2 334
2 340
1 287
2 135
2 281
1 455
2 235
1 334
2 262
2 146
1 204
-1
