1 437
2 95
2 233
1 436
2 420
1 64
1 351
1 19
1 380
2 244
1 25
1 114
1 459
1 325
2 48
2 20
1 477
2 371
1 251
1 230
1 320
2 123
1 242
2 88
2 321
2 473
2 143
1 184
2 473
1 68
1 431
2 208
2 405
1 172
2 383
2 176
2 397
1 76
2 142
2 463
1 494
2 362
1 372
1 88
1 257
2 420
2 298
2 446
1 204
2 209
1 370
1 492
1 386
1 256
2 230
2 193
2 5
1 62
2 99
1 276
1 8
2 394
2 173
2 359
1 456
2 166
2 154
1 442
2 76
1 418
1 268
1 380
1 15
1 352
1 295
1 321
1 322
1 459
2 405
2 222
1 235
2 388
1 396
2 131
2 230
1 128
2 361
1 121
2 153
1 340
2 99
1 100
2 78
1 119
1 226
1 45
1 431
1 52
1 464
1 500
1 433
1 42
2 487
1 167
2 134
2 437
1 18
1 208
2 446
1 428
2 222
1 483
1 255
1 181
2 419
1 264
2 159
2 495
2 467
2 487
1 19
2 387
2 311
2 335
1 124
2 278
2 86
1 200
2 497
1 263
2 264
1 469
1 330
2 419
1 124
2 99
1 180
1 382
1 284
2 449
2 331
1 456
1 190
2 460
1 91
1 305
1 99
2 127
2 236
2 428
2 154
2 204
2 216
1 174
2 154
1 109
1 199
1 251
1 423
2 426
2 136
1 70
2 354
1 15
2 445
1 151
1 172
2 282
2 292
2 237
2 280
1 280
1 113
1 218
2 444
2 251
1 224
1 166
2 368
1 18
1 325
1 113
2 226
1 235
2 52
1 165
2 169
1 160
2 178
2 168
2 371
1 404
1 442
2 23
2 304
1 324
2 411
1 125
2 181
2 5
1 34
1 414
1 317
2 335
1 302
1 319
1 475
1 118
1 347
1 76
1 235
2 278
2 186
1 133
1 465
1 301
1 11
1 404
2 139
1 173
1 443
2 463
2 416
1 185
1 275
1 264
2 11
2 6
1 147
1 266
2 479
1 312
2 132
2 168
1 304
1 61
1 182
2 367
2 307
2 211
2 310
1 442
1 366
2 368
1 436
2 474
2 402
1 107
2 352
1 6
1 465
1 105
1 293
2 95
2 373
2 31
2 482
1 354
2 418
2 211
1 409
1 472
2 173
1 195
2 204
2 32
1 118
1 166
1 459
1 360
2 120
2 365
2 362
2 447
1 495
2 189
1 45
1 214
2 441
1 93
1 460
1 16
1 464
2 339
1 496
2 456
2 89
2 215
1 243
2 433
2 170
2 140
1 132
2 282
2 465
2 420
1 350
2 205
2 319
1 86
1 94
1 428
1 214
1 335
1 155
1 44
1 92
1 241
1 240
1 500
1 396
2 332
1 206
1 262
1 283
1 338
1 93
2 261
1 259
1 113
2 67
1 440
1 43
1 85
2 53
1 190
2 355
2 398
1 261
2 435
2 210
1 271
1 389
2 459
2 330
2 263
1 431
1 110
2 85
1 107
2 130
2 437
1 317
1 247
2 197
2 324
1 305
1 208
2 328
1 395
1 89
2 257
2 62
1 491
1 412
1 134
2 246
2 228
1 108
1 343
1 6
1 210
1 111
2 354
1 82
1 447
1 256
1 40
2 273
2 314
1 332
1 76
2 370
2 490
2 128
1 281
1 349
1 295
2 258
2 101
2 248
2 213
1 454
1 24
2 338
1 262
2 489
1 97
1 344
2 38
1 474
1 309
2 11
2 485
1 455
2 311
2 484
2 410
2 478
2 15
1 474
2 188
1 466
2 171
2 427
2 484
1 378
1 74
2 99
2 8
2 143
1 255
1 44
1 415
1 449
2 41
1 57
1 236
1 364
1 35
1 318
1 42
1 14
2 436
1 173
2 164
1 317
2 293
1 286
2 233
1 488
2 360
1 353
2 270
1 204
1 210
1 25
2 69
1 365
1 149
1 2
2 205
1 435
2 178
1 408
1 10
2 387
2 290
2 167
2 10
1 214
2 243
2 321
2 128
1 18
2 427
1 293
2 189
2 331
1 150
1 480
2 484
1 231
1 160
2 184
2 119
1 240
2 488
1 376
2 449
2 243
2 116
2 209
2 465
1 22
2 129
2 477
2 70
1 90
2 456
2 398
1 22
2 139
2 400
1 328
2 258
1 75
1 309
1 30
2 27
2 91
2 404
1 471
2 127
1 54
1 185
2 360
1 291
1 419
1 363
1 390
1 371
2 345
2 452
1 156
1 277
1 336
1 165
2 4
2 218
2 77
1 211
1 460
2 285
1 43
2 179
1 118
2 100
2 80
2 40
2 232
1 332
1 347
2 226
2 343
2 259
2 197
1 58
1 322
1 89
1 192
2 500
1 167
2 476
1 2
2 332
2 35
1 152
2 216
2 83
1 172
1 181
1 15
1 79
1 284
2 404
2 285
2 136
2 353
2 49
1 182
1 291
1 99
1 448
1 319
2 224
1 76
1 61
1 345
2 481
1 157
1 455
2 490
1 243
2 257
2 400
1 227
1 5
2 132
1 139
1 334
1 143
2 469
2 54
2 45
2 293
2 122
2 345
1 40
2 158
1 82
2 233
1 99
2 484
1 41
1 235
1 187
2 487
2 283
1 320
2 278
1 231
1 210
2 363
2 13
1 397
1 428
2 253
1 70
2 459
1 210
2 187
2 421
2 255
2 417
1 233
1 389
2 93
1 37
2 199
1 326
2 495
1 75
1 483
1 336
1 105
2 338
1 145
2 316
1 165
1 177
1 426
1 360
1 163
2 177
2 298
1 159
1 459
1 243
1 229
1 439
1 327
1 477
2 238
1 74
2 228
2 4
2 316
2 374
1 463
1 43
1 108
2 256
1 286
1 211
2 280
2 52
1 277
1 280
1 375
1 120
1 456
2 106
2 338
1 452
1 85
1 412
1 399
2 258
1 368
1 402
2 469
2 456
2 184
1 462
2 441
1 160
1 204
1 18
2 449
2 193
2 315
1 77
2 326
1 248
2 5
1 44
2 306
2 421
1 86
2 400
1 316
2 125
2 28
1 116
1 463
1 213
2 115
2 341
1 474
1 336
1 441
2 155
2 230
2 236
2 161
2 45
1 397
2 199
2 163
1 104
2 473
1 401
2 456
2 230
2 180
2 111
2 148
2 219
2 191
1 395
1 440
2 179
1 460
2 112
1 42
1 246
1 383
1 304
2 90
2 471
2 302
2 93
2 345
2 177
1 116
2 239
2 10
2 243
2 146
1 442
2 273
2 405
1 36
1 198
2 297
1 245
1 101
1 398
2 500
1 36
1 144
1 22
2 43
1 325
1 174
1 78
1 156
1 305
2 246
1 167
1 374
1 139
1 453
1 474
1 461
1 419
1 135
2 461
2 408
2 216
2 255
1 379
1 331
2 305
1 37
2 469
1 234
2 235
1 346
1 342
1 69
1 262
1 52
1 380
1 210
1 244
1 445
1 78
2 305
1 55
2 204
2 250
1 482
1 327
2 395
1 485
1 132
1 167
2 171
1 346
1 197
1 48
2 211
2 268
2 210
1 207
2 196
1 54
2 495
2 208
1 252
1 205
2 141
2 418
2 120
2 246
2 204
2 309
2 121
1 133
1 101
1 95
2 499
1 325
1 380
1 87
1 75
2 366
2 13
2 229
1 398
2 300
2 119
2 367
1 388
1 273
2 191
2 137
2 219
2 238
1 345
1 433
2 114
2 338
1 433
1 110
1 244
2 283
2 221
2 158
2 500
1 449
1 1
2 83
2 397
1 20
2 496
2 364
2 103
2 87
2 322
1 217
1 308
2 132
2 499
2 341
2 70
2 40
1 373
1 140
2 146
1 214
2 464
2 101
1 481
2 452
1 86
1 71
1 166
1 126
2 342
1 15
1 106
1 185
1 232
2 450
2 188
2 369
2 91
2 68
2 360
2 429
2 187
2 42
1 53
2 220
1 336
1 361
2 492
1 270
2 74
1 451
2 234
2 263
2 491
1 99
1 348
2 147
1 378
1 90
1 59
2 379
1 395
1 335
1 137
1 108
1 175
1 322
2 80
1 85
1 413
2 272
1 414
1 498
2 457
2 276
2 395
1 409
2 393
2 26
2 198
2 90
2 394
2 133
2 494
2 395
1 455
1 370
1 435
2 362
2 305
2 258
2 291
1 340
2 260
2 64
2 202
2 33
2 64
2 420
2 85
1 167
1 331
1 259
2 254
2 7
1 109
1 460
2 281
2 434
1 368
2 53
2 1
2 163
1 454
1 325
1 99
2 281
2 230
1 45
2 364
1 244
1 19
2 75
1 354
1 43
2 208
2 141
1 384
2 476
2 89
1 78
2 346
2 468
2 454
1 261
2 267
1 492
1 410
1 437
2 425
2 187
1 426
2 44
2 482
2 497
1 22
1 108
2 136
2 293
2 291
2 109
2 260
2 194
2 18
1 136
2 461
1 278
1 149
2 46
1 43
1 403
1 467
1 134
2 289
1 247
2 330
1 487
2 456
2 462
2 310
2 119
1 418
2 7
1 273
1 399
1 445
2 83
1 163
2 218
2 142
1 381
1 319
2 264
1 399
2 303
2 173
2 182
2 373
2 360
1 92
2 313
2 411
2 300
2 111
2 375
2 332
2 428
2 326
2 480
1 120
1 136
1 407
1 86
2 210
1 424
2 56
1 41
1 483
1 39
2 208
2 197
1 372
1 246
2 19
2 124
1 211
1 133
2 281
2 99
1 164
2 346
2 462
2 36
1 78
1 389
1 191
2 381
1 61
1 110
2 54
2 420
1 196
1 436
1 122
2 169
2 409
2 207
1 253
2 166
1 20
1 467
1 490
2 123
1 324
1 184
1 169
2 345
1 359
2 192
1 315
1 469
2 78
2 148
1 269
2 160
2 218
1 350
1 325
2 313
1 408
2 377
1 451
1 292
2 354
2 141
1 194
2 446
1 135
2 101
1 258
1 396
2 90
2 386
1 69
2 265
2 47
1 404
2 419
2 10
1 177
1 143
2 110
1 494
1 32
1 351
2 410
1 116
2 343
2 116
2 403
1 239
2 77
2 150
2 189
2 118
1 160
1 440
2 199
2 216
2 82
2 371
2 16
1 193
1 191
1 121
2 244
2 394
1 353
2 167
1 405
1 463
1 396
1 36
1 390
2 176
2 21
2 166
2 384
1 246
1 370
1 19
2 77
1 432
2 158
1 174
1 234
1 477
2 389
1 426
1 466
1 101
2 500
1 227
2 475
1 309
1 190
2 456
1 90
1 398
2 189
1 160
1 411
1 106
1 499
1 281
1 133
2 154
1 350
1 366
2 56
1 20
2 204
1 214
2 67
2 391
2 386
1 233
2 37
1 300
2 369
1 203
2 165
1 336
1 440
1 338
2 431
1 443
2 37
1 427
2 118
1 61
1 71
2 4
1 483
2 346
2 86
1 408
1 256
2 116
2 148
2 393
2 14
2 65
1 342
2 4
2 12
2 166
2 61
2 394
2 27
2 450
2 139
2 214
1 451
2 292
2 486
1 381
2 370
2 49
2 139
1 373
2 320
2 437
2 411
1 127
1 272
1 254
1 432
2 7
2 500
1 185
2 333
2 335
1 213
2 116
2 139
2 353
1 379
2 190
2 322
2 430
1 392
2 3
1 2
1 410
2 159
1 337
1 362
2 397
1 406
2 128
1 353
2 205
2 121
2 371
2 63
2 388
1 483
1 481
1 251
1 188
1 335
1 457
1 399
2 325
1 69
2 51
2 285
2 151
2 149
1 199
2 174
1 17
1 328
2 344
1 239
2 43
2 111
2 325
2 56
2 164
1 453
1 249
2 468
2 494
2 272
1 31
2 130
2 453
2 248
1 90
1 30
2 262
1 335
1 500
1 87
2 70
2 376
1 276
1 216
2 164
1 312
1 284
2 445
1 453
1 235
2 381
2 379
1 256
2 80
1 159
1 270
1 56
1 45
2 193
1 303
1 451
2 253
2 111
2 174
1 92
2 310
1 377
1 318
1 104
2 239
1 266
2 341
2 6
2 208
1 349
1 257
2 328
2 89
2 58
2 2
2 375
2 325
2 350
1 234
2 242
2 419
2 185
2 31
1 348
1 91
1 452
2 50
2 355
2 217
1 253
1 117
2 232
2 81
2 286
1 238
2 490
1 237
1 118
2 67
2 209
2 364
1 3
1 438
1 404
2 473
1 76
2 338
1 233
1 240
1 83
2 396
2 188
1 98
1 251
2 474
2 321
1 470
1 455
2 385
1 413
2 217
2 150
1 148
1 471
2 104
2 68
2 477
2 335
2 412
2 91
1 247
2 427
1 438
2 122
1 90
2 383
1 375
1 211
1 117
2 112
1 437
2 71
1 138
2 340
2 341
1 286
2 192
1 154
1 444
2 303
2 13
2 190
2 68
1 260
2 284
1 404
2 254
1 486
2 230
2 292
1 458
2 360
2 141
2 130
1 140
2 469
1 469
1 391
2 410
1 73
2 373
1 265
2 6
1 369
2 130
1 9
2 89
1 88
2 381
2 16
1 205
1 23
1 494
2 62
2 415
1 447
2 165
1 117
1 165
1 257
2 497
2 85
2 484
1 165
1 93
2 87
2 368
1 322
2 374
2 467
1 72
1 427
2 329
2 258
2 380
1 343
2 130
1 461
1 451
1 329
2 362
1 192
2 377
2 294
1 452
1 390
2 377
1 111
2 210
2 402
1 234
1 318
1 171
1 329
1 459
2 16
1 276
2 253
1 276
1 254
2 157
2 101
1 162
1 442
2 284
2 164
2 439
2 84
2 315
1 434
2 421
1 297
1 212
2 200
2 446
2 65
1 447
1 487
1 81
2 182
1 123
1 232
2 30
1 226
1 79
2 469
2 164
2 47
1 17
1 214
1 402
2 415
1 148
1 159
1 34
1 295
1 185
1 273
2 45
1 410
1 8
1 474
1 346
1 399
1 469
1 323
1 94
1 421
2 343
2 172
1 419
1 235
2 196
2 21
1 356
2 363
1 160
2 239
1 412
2 219
2 452
1 454
1 483
2 490
2 305
1 404
2 331
1 30
1 497
1 266
1 332
1 67
1 168
2 201
1 293
2 164
2 164
2 142
1 343
2 174
1 496
2 74
2 67
2 352
2 5
2 266
1 97
2 383
1 341
2 47
1 354
1 82
2 31
2 15
2 205
1 224
2 117
1 379
2 252
1 449
1 199
1 148
2 102
1 262
2 465
2 280
1 222
2 186
1 435
1 329
2 92
1 43
1 53
2 94
2 151
1 412
2 311
2 495
2 441
1 207
2 268
1 222
1 198
2 445
1 163
2 474
1 29
2 313
2 437
1 237
2 151
2 287
2 411
2 373
2 241
2 255
1 268
1 349
2 439
1 448
2 270
1 206
1 290
1 83
1 275
2 165
2 319
2 237
1 436
1 432
1 244
2 183
1 366
1 328
1 29
1 256
1 401
2 300
1 330
1 267
1 200
2 232
2 86
2 452
2 134
2 196
2 421
1 240
2 113
1 146
2 47
1 291
2 214
1 340
1 471
1 351
1 241
2 392
1 107
2 346
1 78
2 116
1 122
1 340
2 275
1 79
2 239
2 471
1 310
1 199
1 119
1 154
2 188
2 184
1 240
2 33
2 273
1 18
2 355
1 333
2 195
2 153
2 132
2 236
2 488
2 73
2 188
1 465
2 122
2 168
2 381
1 29
1 199
2 252
1 108
1 238
1 198
2 234
2 217
2 474
2 255
1 311
1 123
2 168
1 479
2 309
1 238
2 217
2 87
1 194
1 255
2 347
1 173
1 337
1 401
1 446
2 59
1 301
2 86
1 128
2 7
1 276
1 125
1 32
2 311
2 257
2 360
2 72
1 35
1 125
2 69
1 293
2 29
2 159
2 265
2 31
2 74
1 366
1 1
1 261
2 326
2 431
2 323
1 421
2 410
2 143
1 319
1 457
2 380
2 313
1 253
2 266
2 204
1 376
1 233
1 218
1 356
1 447
2 150
2 239
2 115
1 240
2 21
1 280
1 311
1 396
2 491
2 241
1 496
2 250
1 456
2 490
1 467
1 194
1 154
1 378
1 165
2 53
2 313
1 437
2 127
1 241
2 196
1 15
1 302
1 123
2 434
1 420
1 47
2 219
1 45
1 172
2 417
1 246
2 407
1 55
2 365
2 354
1 128
1 455
2 335
1 38
1 189
2 372
1 422
1 491
1 390
1 378
1 237
2 386
2 304
1 380
1 438
2 80
1 452
1 198
1 463
2 257
1 44
1 443
2 422
2 282
2 447
2 320
2 134
2 326
2 348
2 457
2 289
1 54
1 273
1 81
1 486
2 91
2 317
2 345
1 317
1 252
2 137
2 446
1 127
2 58
1 179
1 110
2 253
1 410
1 415
1 113
1 178
2 133
1 87
2 435
2 455
1 18
2 256
2 64
1 85
2 207
2 487
2 433
2 184
1 264
1 183
1 201
1 282
2 58
1 14
1 475
1 178
1 262
2 306
2 19
1 445
2 356
2 245
1 22
1 481
2 229
2 365
1 226
1 466
2 218
2 275
1 298
1 387
2 88
1 235
1 285
1 35
1 462
2 279
2 411
2 472
2 477
1 272
1 185
1 337
1 420
2 297
1 266
2 128
2 226
2 311
1 394
2 353
2 327
2 42
2 93
2 228
2 200
2 123
1 440
2 490
1 273
1 281
1 321
1 242
1 122
1 260
2 100
1 74
2 447
2 15
2 479
1 460
1 445
1 265
1 392
1 447
1 392
2 53
1 487
1 461
1 50
1 327
2 184
1 427
1 366
1 20
1 387
2 77
2 412
2 67
2 299
2 318
1 444
1 253
1 368
2 389
2 285
2 269
1 466
1 449
2 489
1 230
2 299
1 58
1 351
1 217
2 192
1 190
2 108
1 416
2 358
2 95
1 223
2 461
2 410
2 75
1 81
2 477
2 462
1 292
1 361
1 312
1 394
2 187
2 146
1 179
1 258
2 497
2 487
1 373
2 422
2 146
1 251
1 84
2 7
1 376
2 235
1 271
1 392
2 332
1 262
1 245
1 134
2 204
2 402
1 17
1 374
1 29
2 488
2 41
1 340
1 65
1 307
2 406
2 347
2 292
1 247
1 479
1 128
1 352
1 109
1 57
2 234
2 459
2 49
2 418
1 118
1 314
2 372
2 327
1 307
1 326
2 5
1 137
1 338
1 365
1 208
2 280
2 358
1 365
1 440
1 146
1 320
2 334
2 29
1 261
2 129
1 240
2 93
1 116
1 215
2 80
1 105
2 214
1 301
1 220
1 212
2 297
2 175
1 73
2 493
2 389
2 122
1 105
2 207
2 496
1 405
2 343
2 286
2 323
1 486
1 177
2 258
1 79
1 307
1 486
1 188
1 272
1 206
2 376
1 301
2 333
2 298
1 65
2 84
2 20
2 280
1 118
2 373
1 320
1 403
2 331
2 31
1 252
1 182
2 147
1 497
1 38
1 359
2 80
1 489
2 362
2 499
2 157
2 379
2 50
2 133
1 223
2 334
1 250
2 100
2 349
2 80
1 94
1 488
1 231
2 476
1 449
1 275
2 197
2 433
1 285
1 330
1 80
2 333
1 29
2 430
2 233
2 115
1 150
1 351
1 282
2 175
1 152
2 187
1 453
2 298
1 36
2 449
1 289
2 149
2 417
1 398
2 290
1 327
2 317
2 22
2 207
1 328
2 497
1 410
2 485
2 390
1 333
1 339
2 323
2 494
2 268
2 92
2 458
1 347
1 298
1 372
2 416
1 419
1 65
1 212
2 239
1 273
2 495
2 248
2 302
2 260
2 335
2 126
1 472
1 417
2 44
2 329
2 340
2 222
1 279
2 157
2 238
2 291
2 243
1 401
1 482
1 465
1 214
1 459
2 265
1 306
1 16
1 266
2 233
2 314
2 124
1 379
2 102
2 297
2 411
1 92
1 61
1 60
2 497
1 311
1 97
1 69
1 454
2 170
1 25
1 48
1 305
1 213
2 298
2 455
1 58
1 100
2 306
2 97
1 380
2 415
2 227
1 440
1 374
1 365
1 445
1 398
2 41
1 359
1 470
2 250
1 63
2 498
1 211
1 21
1 352
1 418
1 475
1 257
1 319
2 97
2 88
1 363
1 307
1 170
2 386
2 304
1 471
2 167
2 246
1 122
2 327
1 27
2 397
2 500
2 108
1 329
2 442
2 27
1 264
1 376
1 466
2 301
1 331
1 468
1 359
2 377
2 128
2 189
1 37
1 90
1 135
1 395
1 461
2 176
1 116
2 225
2 82
1 220
1 345
2 192
2 275
1 239
2 322
2 278
1 466
1 58
1 137
1 28
2 372
2 173
2 105
2 123
1 126
1 302
1 28
2 24
1 412
1 56
2 392
1 294
2 405
2 457
2 154
1 490
2 38
1 215
1 114
2 384
1 30
2 209
2 29
2 63
1 198
1 376
1 155
2 446
2 224
1 452
2 89
2 106
1 306
1 324
2 361
2 158
1 391
2 299
2 303
2 414
1 330
2 441
2 161
2 43
1 492
1 113
2 286
1 58
2 241
2 214
2 87
2 491
2 441
2 451
2 353
1 447
1 4
2 18
2 477
2 252
2 406
1 401
1 433
1 338
1 191
2 126
2 274
1 310
1 108
1 161
1 476
2 494
2 197
2 347
1 275
2 494
2 314
1 428
2 203
2 124
2 316
2 374
2 217
2 154
1 294
1 488
2 476
2 452
2 195
1 50
1 248
2 2
1 140
2 364
1 193
2 87
1 87
1 300
2 494
1 331
2 471
1 408
2 2
2 323
1 8
1 165
1 118
1 21
2 298
1 450
2 370
1 202
1 199
1 463
1 307
2 183
2 314
1 427
2 300
2 362
2 472
2 414
2 396
1 197
1 169
2 388
1 386
2 198
2 442
1 480
1 8
1 229
2 103
2 339
1 256
1 61
2 430
1 20
1 112
1 223
1 66
1 170
1 50
2 92
1 82
2 443
2 85
2 113
2 178
2 441
2 2
2 11
1 326
1 461
2 302
2 217
2 144
1 374
2 456
2 388
2 36
2 477
1 353
2 158
1 391
1 462
1 450
2 175
1 58
2 64
2 169
1 430
1 369
2 357
1 268
1 64
2 426
1 126
2 480
2 308
1 233
1 466
1 298
1 309
2 127
2 418
2 4
2 459
2 149
2 400
1 410
1 422
1 207
2 114
2 330
2 260
1 394
2 95
2 217
1 250
2 276
2 341
2 13
2 355
2 465
2 281
2 70
1 62
1 249
2 314
1 299
1 343
2 150
2 87
1 192
1 60
2 354
2 450
1 403
1 83
1 410
2 94
2 64
2 107
1 181
1 93
2 345
2 375
2 76
1 212
2 1
1 438
2 376
2 276
1 42
1 497
1 72
1 282
1 96
1 151
1 160
1 311
1 30
2 202
2 350
1 224
2 389
2 409
1 399
1 393
1 246
1 243
2 183
2 304
2 264
2 258
2 50
1 131
2 105
1 36
1 97
2 8
2 271
1 452
2 304
2 312
2 438
2 217
1 431
2 250
1 327
1 469
1 279
2 306
2 282
2 41
2 303
1 67
2 168
2 445
2 215
2 223
1 163
2 123
2 163
2 138
2 436
1 216
1 56
1 301
1 66
2 420
2 92
1 145
2 356
1 285
1 198
2 425
1 150
1 304
1 124
2 153
2 399
1 124
1 93
1 495
2 468
1 379
1 252
2 374
2 464
2 29
2 369
2 372
1 352
2 34
2 468
1 385
1 257
2 171
1 136
1 212
1 431
1 367
1 316
1 141
1 250
2 144
2 325
1 340
2 42
2 3
2 410
1 226
2 452
2 220
2 266
2 42
1 372
1 82
2 352
1 170
2 94
1 423
1 181
2 446
1 487
2 83
2 40
1 267
2 408
1 429
2 268
2 221
2 82
1 29
2 375
2 238
1 364
1 237
1 274
2 117
2 335
2 9
1 359
2 68
1 464
1 291
2 170
2 73
1 16
2 388
1 3
2 61
1 489
2 409
1 35
1 374
2 76
1 446
1 212
2 404
2 213
1 109
1 260
2 337
2 486
2 368
1 405
1 206
2 280
1 7
2 491
1 35
2 318
2 204
2 197
2 56
2 356
1 495
2 49
2 241
1 259
1 373
1 239
1 408
2 44
1 185
1 146
2 304
2 403
1 195
1 318
1 360
1 266
1 140
1 37
2 51
2 192
2 310
2 353
1 301
1 131
2 133
1 55
2 442
1 296
2 409
2 238
1 490
2 474
1 20
1 214
1 156
2 345
1 335
2 183
2 148
2 323
1 293
1 68
1 39
2 74
2 32
1 418
2 18
2 2
1 252
2 311
1 472
2 373
1 55
2 145
1 71
2 334
2 196
2 153
1 320
1 384
2 241
1 223
2 44
2 500
1 143
1 55
1 317
2 272
2 185
1 277
2 234
1 322
1 214
1 367
2 51
2 235
1 404
1 402
2 386
2 94
1 62
1 142
1 426
2 453
1 180
2 69
2 190
1 46
2 215
2 288
2 15
1 408
1 183
2 216
1 413
1 448
2 457
2 56
2 205
1 196
1 440
1 352
2 5
1 236
2 310
2 188
1 248
2 93
2 460
1 202
1 469
2 198
1 441
1 12
2 317
2 84
2 175
1 89
2 333
1 102
1 198
2 21
1 439
2 80
1 272
2 122
2 282
2 18
1 276
2 423
2 439
1 201
2 293
2 496
2 465
2 322
1 89
1 311
2 306
1 277
1 23
1 170
1 420
2 81
1 271
2 492
2 9
1 174
2 332
2 130
1 469
2 310
2 145
1 287
1 10
2 379
1 164
1 39
1 438
2 483
1 474
1 269
1 17
1 486
1 166
2 496
1 418
2 42
1 424
1 363
2 447
1 168
1 141
1 397
2 29
2 490
1 204
1 335
1 255
1 420
1 287
2 405
1 71
1 117
1 478
2 131
1 72
1 237
2 208
1 347
1 364
1 441
1 298
2 491
1 446
1 324
1 176
1 287
1 26
2 92
2 86
1 278
2 223
1 73
1 499
2 369
2 107
2 134
1 435
1 307
2 386
1 464
2 358
2 159
2 209
1 237
1 175
1 155
2 379
2 179
1 498
2 92
1 60
2 359
1 200
2 226
2 147
1 498
1 496
1 238
1 109
1 350
2 339
1 179
2 82
2 298
2 460
2 34
2 317
1 216
2 409
1 453
2 335
1 410
1 457
2 385
2 472
1 347
1 89
1 82
2 438
1 101
2 472
2 267
2 378
2 157
1 128
2 44
1 59
2 495
2 303
2 80
1 317
1 139
2 155
2 427
2 452
1 341
2 14
1 211
2 294
2 233
2 328
1 86
1 81
1 252
2 310
2 361
1 109
2 383
2 71
2 207
1 188
1 445
2 359
2 148
1 226
1 424
2 155
2 438
2 440
2 174
2 372
1 227
1 236
2 446
2 417
2 180
2 404
1 361
1 483
1 265
1 387
1 260
1 48
2 332
2 89
2 87
1 390
2 143
1 421
2 284
1 445
2 498
1 439
1 109
2 366
2 480
1 412
2 497
2 287
2 149
2 185
2 187
2 400
2 256
1 269
2 213
2 353
1 412
2 420
1 415
2 96
1 240
2 484
2 21
1 269
2 349
2 256
2 83
2 215
1 30
1 228
2 400
2 304
1 75
2 387
1 211
2 383
2 193
2 243
1 488
2 234
1 315
2 222
1 199
2 87
2 476
2 323
2 247
1 390
2 53
2 310
2 463
2 269
2 263
2 72
1 21
1 290
1 498
2 437
2 151
2 277
1 189
2 353
2 76
1 256
1 222
2 447
1 313
2 191
2 226
1 29
1 419
1 285
2 180
2 465
2 448
2 308
1 191
1 423
1 106
1 98
2 298
1 363
2 110
2 37
2 166
2 433
2 382
2 205
1 494
2 244
2 261
2 280
2 415
1 420
1 83
2 50
2 264
1 343
1 20
2 60
1 444
1 474
2 265
1 90
1 198
2 402
1 88
2 112
1 235
2 225
2 252
1 401
2 242
2 92
2 122
1 298
2 347
2 93
2 448
2 72
2 219
2 306
1 6
2 11
1 152
2 260
1 65
2 121
1 403
2 66
1 216
1 292
1 486
2 25
1 271
1 282
2 421
1 499
1 356
2 17
2 448
1 261
1 288
1 169
2 446
1 418
2 301
1 74
2 298
1 72
1 398
2 112
1 144
1 95
1 323
2 358
1 90
2 485
1 352
2 124
2 238
2 309
2 454
1 177
2 184
1 374
2 304
1 250
1 447
1 299
2 158
1 390
2 478
1 328
2 378
2 329
1 344
2 358
2 223
1 252
1 485
2 338
1 110
2 439
2 134
2 325
2 97
2 241
1 292
2 255
1 371
2 137
1 72
1 363
1 231
1 51
2 90
1 354
1 178
2 108
2 233
1 453
2 350
2 403
1 113
2 163
1 239
2 49
1 496
2 455
1 376
2 440
1 244
2 17
2 141
1 83
1 259
2 202
2 432
1 102
1 112
1 231
2 414
1 364
2 42
2 486
1 175
2 235
2 273
2 43
1 226
1 287
1 216
1 444
2 444
2 395
2 12
2 257
2 404
2 37
1 291
1 215
2 298
2 439
1 51
1 336
1 459
1 111
1 313
2 25
1 303
2 163
2 395
2 91
2 243
1 448
2 1
1 202
2 462
1 73
1 473
1 139
2 381
2 457
2 155
2 301
1 251
2 124
1 85
1 295
1 193
1 212
1 107
2 344
1 405
1 431
2 175
2 160
2 170
1 451
1 300
2 485
1 65
1 46
1 174
2 329
1 138
1 263
2 305
1 312
2 373
2 437
2 15
1 305
1 415
1 64
1 358
1 115
2 8
2 276
2 57
1 250
1 143
2 438
2 470
1 7
2 196
1 93
1 391
1 98
1 5
2 19
1 60
1 136
2 498
2 99
1 366
2 99
2 65
2 307
1 490
1 228
2 109
2 98
2 422
2 304
1 207
2 139
2 160
2 185
2 389
1 414
2 336
1 115
1 400
2 285
2 86
2 425
1 37
2 193
1 69
1 235
1 22
2 246
2 351
1 41
1 417
1 494
1 318
1 355
2 380
1 106
1 356
1 159
1 256
2 53
2 51
2 304
1 11
2 309
1 182
2 453
2 155
1 54
1 257
2 40
1 400
2 453
2 379
1 498
1 166
1 310
1 188
2 344
1 365
1 263
2 352
2 497
1 364
1 181
1 310
2 108
2 69
1 315
2 23
1 285
2 213
1 108
1 411
2 302
2 454
1 173
1 483
2 15
1 219
1 466
1 268
2 89
1 484
2 135
2 67
2 47
2 216
1 235
1 309
1 253
1 303
2 419
2 446
1 131
1 481
1 395
1 372
2 83
2 238
2 361
1 339
2 138
2 413
1 32
2 259
1 334
1 61
2 198
1 390
1 225
1 127
2 469
1 454
2 353
2 472
2 50
1 472
2 216
1 411
1 308
2 383
2 434
2 449
1 152
1 311
1 59
1 347
2 287
1 430
2 46
2 204
2 414
2 485
1 114
2 229
2 268
2 265
2 258
1 36
2 403
2 489
1 136
2 340
1 338
2 413
2 225
1 329
2 494
2 120
2 60
1 231
2 162
2 231
2 412
2 32
2 465
1 128
1 58
2 373
2 440
2 277
1 252
2 154
2 269
1 55
1 176
2 358
1 336
2 460
2 355
1 413
2 66
1 270
2 211
1 17
1 131
2 17
1 101
2 183
1 147
2 401
2 226
1 364
2 347
1 159
2 370
1 223
2 315
1 58
2 189
1 378
2 71
1 405
2 417
1 244
2 175
1 89
1 255
1 312
2 479
2 5
1 394
2 134
1 274
2 85
1 117
1 133
2 208
2 209
1 475
2 391
2 449
1 49
2 135
1 155
2 182
1 164
2 441
1 487
1 488
2 27
1 384
2 142
1 399
1 419
2 6
2 22
1 492
1 8
1 485
1 294
2 172
2 445
1 253
2 177
1 353
1 47
2 418
1 180
2 242
1 393
2 259
1 201
1 39
1 431
1 222
1 42
2 180
1 209
1 269
2 376
2 292
1 209
1 462
1 82
2 486
1 301
1 240
2 197
1 413
2 153
1 202
1 230
2 32
1 164
1 175
2 272
1 313
2 231
1 368
1 180
2 286
1 300
2 37
1 6
2 326
2 434
2 352
2 259
2 101
2 182
2 165
1 444
2 286
2 306
2 486
2 210
2 169
2 499
2 209
2 5
1 163
1 265
1 452
2 249
1 149
1 30
1 87
1 494
1 352
1 377
2 136
1 312
1 446
1 360
1 18
1 244
1 153
1 398
2 234
1 360
2 279
1 400
1 67
2 441
1 44
2 458
1 254
2 335
1 283
2 57
1 262
1 184
2 159
2 223
2 78
1 479
1 323
1 425
2 122
1 158
1 34
1 197
1 236
2 339
1 429
2 22
2 47
2 309
2 285
2 301
1 464
2 421
2 8
1 379
1 63
2 499
1 356
2 383
2 77
2 313
1 320
1 400
1 38
1 274
1 90
2 387
2 205
2 43
2 356
1 398
1 310
1 366
2 90
1 107
1 173
2 227
1 252
1 61
2 37
1 314
1 260
1 383
2 211
2 381
1 198
1 188
2 25
2 23
1 4
1 335
1 400
1 371
1 39
2 144
1 265
1 405
1 361
2 192
2 212
1 193
2 53
1 268
2 284
1 394
2 271
2 19
2 142
2 26
1 172
2 107
1 478
1 163
2 150
2 465
2 130
2 474
2 388
2 463
2 382
2 162
2 85
1 27
1 420
1 257
2 72
1 378
1 79
2 92
1 247
1 293
1 65
1 262
1 210
2 475
2 81
1 447
2 19
2 94
1 376
1 381
1 417
1 349
2 150
1 75
1 347
2 328
2 336
2 215
2 165
2 487
2 380
1 465
1 110
1 187
1 260
2 285
1 177
2 23
1 424
2 278
1 167
2 385
1 45
2 398
1 343
1 10
1 21
2 323
2 32
2 468
2 280
1 319
1 236
2 337
2 289
1 484
2 70
1 456
2 22
2 28
1 88
2 289
2 363
2 91
2 472
1 389
2 161
2 410
1 399
1 258
2 360
2 493
2 313
1 247
1 4
1 50
1 15
1 404
2 301
1 475
1 403
1 226
2 274
2 14
2 380
2 211
2 215
1 372
2 3
1 213
2 448
1 302
1 303
2 190
2 50
2 78
1 232
2 218
2 289
2 381
2 353
1 463
2 147
1 298
2 8
1 359
2 475
1 416
2 364
2 84
2 473
2 68
1 168
2 413
1 367
2 328
2 236
2 490
1 180
2 87
2 148
2 141
1 105
1 250
1 365
2 85
2 346
1 245
2 141
2 320
2 153
1 430
2 494
2 326
2 409
1 360
1 357
1 29
2 260
1 484
1 463
1 312
1 424
1 172
1 268
2 422
2 194
2 13
2 473
1 212
2 102
2 288
1 422
1 122
2 298
2 156
1 377
1 419
1 79
1 67
2 136
1 119
1 43
2 368
2 320
2 100
2 149
2 82
2 55
2 455
1 12
2 463
1 282
2 243
1 26
2 58
2 500
1 490
1 158
1 261
1 436
1 102
2 246
1 211
1 238
2 3
2 127
2 340
1 49
1 472
1 242
2 87
1 57
1 135
1 285
2 43
2 106
2 361
1 180
2 3
2 87
1 370
1 26
2 325
2 495
1 500
1 29
1 181
2 14
1 298
1 62
2 222
1 41
1 371
1 4
2 340
2 434
2 156
1 474
1 386
1 332
2 55
1 175
1 444
1 403
2 41
1 137
2 335
2 48
2 248
1 282
1 494
2 500
2 26
2 184
2 292
2 352
2 374
1 434
2 417
1 262
2 355
1 423
1 75
2 246
1 374
2 113
2 94
2 219
2 437
1 86
2 417
2 427
1 166
1 459
1 251
1 242
2 117
2 294
2 487
1 217
1 418
2 78
2 293
1 186
1 49
2 310
2 411
1 459
1 151
2 9
2 488
1 357
1 266
2 499
1 42
2 463
2 43
1 26
1 39
2 417
1 185
1 256
2 17
1 22
2 482
1 419
2 483
2 425
2 277
2 352
1 137
2 333
2 58
1 218
2 272
1 388
1 63
2 254
2 209
2 97
1 8
2 159
1 142
2 90
1 5
1 292
2 108
1 23
2 333
2 465
1 78
1 263
2 347
1 423
2 494
1 244
2 238
1 490
2 336
1 353
1 373
1 184
1 267
2 200
2 299
2 54
1 16
1 220
1 35
2 268
1 366
1 28
2 265
2 186
2 300
1 292
1 181
1 207
2 34
2 397
1 71
1 411
1 469
2 152
2 125
2 382
1 282
2 444
2 129
2 499
2 18
1 304
1 117
2 144
1 269
1 37
2 193
1 480
2 430
2 367
1 254
1 247
2 8
1 433
2 23
2 269
1 73
1 238
2 434
2 395
1 125
2 244
2 378
1 182
2 206
1 416
2 148
1 346
2 204
1 495
1 61
2 265
2 187
1 25
1 235
2 174
2 202
2 379
2 492
1 90
1 108
2 360
2 19
2 113
1 187
1 299
2 370
2 231
1 269
2 28
1 378
2 65
1 321
2 9
1 355
1 214
1 307
2 420
2 482
1 398
1 491
1 414
2 462
1 268
1 102
2 436
2 347
1 409
1 147
1 332
2 219
2 314
2 321
2 201
1 116
1 469
2 497
1 319
2 229
1 392
2 233
1 161
2 31
1 450
2 339
2 177
2 29
1 434
1 426
1 151
1 84
1 500
1 205
1 390
1 255
1 116
2 461
1 122
2 197
2 20
2 56
1 296
1 242
2 285
2 66
1 60
2 259
2 433
2 228
1 248
2 307
2 321
2 139
1 462
2 365
2 74
1 232
2 355
2 301
1 140
1 279
2 219
2 258
2 351
1 324
2 319
1 461
1 101
2 285
1 138
2 246
2 420
1 431
2 302
1 118
2 448
1 492
1 136
2 168
1 85
1 436
1 326
2 247
1 199
2 192
1 32
2 398
2 266
1 281
1 262
1 360
1 497
2 227
1 451
2 118
1 238
2 143
2 153
2 340
1 271
2 391
1 320
2 457
2 320
2 356
1 487
1 143
2 270
2 467
2 263
1 108
1 340
1 414
2 490
1 196
1 488
1 414
2 226
1 96
1 458
2 331
1 222
2 131
1 193
2 212
1 32
2 307
2 420
2 215
2 178
1 168
2 200
2 324
2 302
1 174
1 73
1 55
2 328
2 138
2 133
1 328
1 19
1 239
1 58
2 198
2 419
2 252
1 298
2 394
2 197
1 210
2 423
1 267
2 153
1 271
1 252
1 5
1 83
2 59
2 400
1 79
1 325
1 287
1 256
1 424
1 451
1 73
1 102
2 476
1 95
1 95
1 47
1 468
2 194
1 473
2 338
1 114
1 233
1 135
2 432
1 144
1 43
1 107
1 259
1 250
2 31
1 50
2 295
2 262
2 99
1 433
1 137
2 97
1 298
2 414
2 140
2 463
2 125
2 178
2 355
2 235
2 475
1 166
2 5
2 109
2 12
1 38
2 292
1 74
2 68
2 170
2 43
1 93
2 404
2 401
1 253
2 347
2 123
1 348
2 142
1 229
2 201
1 5
1 103
1 433
1 416
1 432
2 437
2 329
1 499
1 302
2 216
1 330
1 363
2 316
1 484
1 360
2 365
2 28
2 146
1 192
1 265
1 224
2 500
1 393
1 133
1 100
2 193
2 390
2 457
1 410
2 453
2 329
1 337
1 488
2 20
1 396
1 303
2 337
1 374
2 151
2 274
1 207
1 383
1 372
2 5
2 483
1 253
2 127
1 223
1 424
1 145
2 229
2 141
2 452
1 145
1 372
1 56
1 235
1 230
1 128
1 90
2 43
2 125
2 136
2 487
2 440
2 81
2 430
2 85
2 438
1 335
1 499
1 443
1 179
1 191
1 258
2 472
1 179
2 321
1 295
2 76
2 141
1 107
1 80
2 155
2 272
2 30
2 82
2 356
1 496
1 121
2 178
2 405
1 41
2 21
2 235
1 125
2 103
2 297
1 126
2 51
2 143
1 371
1 256
1 335
1 124
2 208
2 399
1 9
2 188
2 126
1 329
1 149
2 185
2 317
1 99
2 410
2 150
2 316
1 358
1 361
2 308
1 134
2 32
1 497
2 226
1 345
1 224
2 337
1 141
2 421
2 371
1 183
1 462
1 129
1 351
2 152
1 409
2 216
1 130
2 10
1 186
1 261
2 198
2 20
1 453
1 280
2 270
1 47
2 163
2 402
2 164
1 23
1 190
1 363
1 302
1 27
1 226
2 248
2 88
1 465
1 59
1 215
1 262
2 411
1 435
1 289
1 217
2 21
2 252
2 78
1 107
1 393
1 242
1 458
2 259
1 221
1 370
2 497
2 195
2 406
2 423
1 79
2 208
2 397
1 186
1 217
1 429
2 327
2 452
1 203
2 410
2 380
2 357
1 261
2 339
1 180
2 212
1 251
2 60
1 82
2 325
1 240
1 110
1 128
1 202
1 124
2 105
2 241
2 82
2 12
1 370
2 32
2 4
2 204
2 134
2 12
1 287
2 415
1 169
1 309
1 224
1 184
1 286
1 140
1 480
2 491
2 45
2 430
1 9
2 463
1 121
1 303
2 76
1 155
1 111
2 317
1 395
1 13
1 479
2 251
1 7
1 307
1 116
1 451
1 72
2 117
1 90
2 303
1 136
2 113
2 271
1 284
2 133
2 49
1 153
2 421
2 392
2 62
2 166
2 130
2 129
1 485
2 17
2 236
1 243
1 102
2 129
1 382
1 386
1 77
1 80
2 196
1 428
1 478
2 474
1 386
1 57
1 172
2 156
2 429
1 107
1 114
2 119
2 200
1 276
1 41
1 477
2 327
1 198
1 200
2 115
2 272
1 306
1 448
2 202
1 62
1 110
1 247
1 22
1 436
1 74
1 357
1 416
2 305
2 190
1 283
2 441
2 180
1 202
2 59
2 207
1 415
1 499
2 99
2 458
1 22
2 362
1 432
2 412
1 390
2 240
1 109
1 78
1 277
2 119
2 386
2 159
1 344
2 312
1 29
2 476
1 152
2 131
2 465
1 171
1 495
1 378
2 293
2 95
2 438
2 460
2 389
1 474
1 126
2 25
2 257
1 260
1 40
2 195
2 284
2 210
1 478
2 233
1 394
2 394
2 391
2 5
2 322
1 362
1 466
1 306
1 442
2 334
2 307
1 189
2 96
2 368
2 337
1 46
1 130
2 264
1 144
1 2
2 449
2 264
1 453
2 340
1 338
2 78
1 404
2 234
2 369
1 275
2 257
1 287
2 462
1 110
2 22
1 274
1 326
2 440
1 310
2 375
2 7
2 290
1 423
1 112
2 329
1 347
2 409
2 323
1 387
2 179
1 44
1 433
2 340
1 351
2 354
2 295
1 381
2 121
2 312
1 297
1 321
1 76
2 480
2 303
1 331
2 477
1 284
1 446
2 485
1 272
2 225
1 50
2 354
2 464
2 106
1 156
2 107
1 359
2 482
2 156
1 493
2 389
1 246
1 399
1 334
1 420
1 439
1 14
2 344
2 161
2 89
2 79
2 252
1 133
2 302
2 248
2 273
1 422
1 25
1 451
1 193
2 267
1 192
2 128
2 109
1 39
2 308
1 96
2 259
1 495
1 368
1 206
1 81
1 361
1 299
1 315
1 34
1 327
2 214
1 315
1 445
2 223
2 322
1 15
1 249
1 492
2 103
2 460
1 176
2 493
2 336
2 170
2 388
1 297
2 301
2 127
2 463
2 349
2 370
1 68
1 225
2 86
2 460
1 214
2 70
1 313
2 13
1 125
1 329
2 205
2 31
2 374
2 383
1 481
1 85
2 221
2 311
2 488
1 204
2 109
2 259
2 29
2 255
2 374
2 425
1 212
2 260
2 151
1 158
1 245
2 32
1 255
1 124
1 464
2 295
1 155
2 344
2 27
1 39
1 385
2 330
1 269
2 384
2 287
2 402
2 487
2 348
1 479
2 483
1 353
2 217
2 385
1 41
2 362
2 163
1 393
1 45
2 136
1 284
1 320
2 305
2 322
1 48
1 327
1 445
2 363
2 390
2 424
1 10
2 213
1 234
2 367
1 470
1 205
2 276
2 493
1 331
1 435
1 465
2 111
2 496
2 273
2 72
2 166
2 333
1 104
2 335
1 344
1 323
2 112
1 425
1 233
2 418
1 336
1 132
1 347
2 271
2 11
1 315
2 422
1 406
2 66
1 346
2 247
1 161
1 322
2 314
1 395
2 73
1 316
2 28
1 183
1 133
1 491
2 222
1 446
2 140
2 219
2 124
2 356
1 27
2 73
1 83
2 422
2 49
2 63
1 103
1 77
2 291
2 181
1 34
2 490
2 341
1 361
1 377
1 304
2 97
1 242
2 46
2 389
1 103
1 373
2 197
2 439
2 219
1 350
1 302
2 128
1 251
1 310
2 408
2 381
1 340
1 238
2 488
1 331
1 77
2 295
2 4
2 111
1 56
1 178
2 3
2 351
2 497
1 231
1 476
2 259
2 84
1 51
2 473
2 12
1 288
1 174
2 243
2 216
1 300
2 359
1 254
2 406
1 424
1 153
2 98
2 65
2 110
2 455
1 348
2 483
2 476
2 277
1 145
1 220
1 441
1 98
1 490
2 443
2 491
2 163
1 61
2 473
1 193
2 103
1 245
1 378
2 446
1 142
1 350
2 237
1 142
1 335
2 189
2 247
2 75
2 118
2 487
1 156
1 369
1 71
2 399
2 37
1 306
2 137
2 39
1 296
2 59
1 15
2 258
1 277
1 170
2 170
2 188
2 188
1 287
1 21
2 410
2 381
1 87
2 370
1 94
1 10
2 499
1 251
2 285
1 292
2 478
1 463
2 138
1 221
1 111
2 313
2 1
2 236
1 413
2 65
2 326
1 11
2 97
2 285
1 344
1 40
2 241
1 486
2 355
1 358
2 150
1 337
1 66
1 237
2 381
2 189
1 226
2 382
2 311
1 408
2 446
2 475
1 300
1 120
1 369
1 470
1 499
2 168
2 378
1 395
1 57
2 316
1 133
2 308
2 67
2 301
1 161
1 401
1 439
2 465
1 350
2 325
1 93
1 264
1 248
1 432
1 444
2 141
1 295
2 371
2 15
2 224
1 150
2 487
2 349
1 396
1 238
1 397
1 64
2 3
2 22
1 170
1 32
1 393
2 258
2 39
2 138
2 300
2 91
1 375
2 441
1 488
1 342
1 211
2 248
1 419
1 499
1 87
2 249
2 357
2 446
2 483
2 9
1 221
2 271
1 241
1 69
1 93
1 316
1 18
2 369
1 184
2 79
1 397
1 453
2 38
1 352
1 332
1 153
1 163
2 499
2 486
1 483
2 181
1 234
2 64
1 190
1 468
2 221
2 448
2 321
2 70
1 356
2 384
1 305
1 282
2 300
1 426
1 198
2 283
2 9
2 384
1 446
2 318
1 419
2 191
1 101
1 263
1 217
1 315
2 43
2 27
2 68
2 476
2 411
2 399
2 457
1 320
1 336
1 123
2 106
2 198
2 277
1 366
2 310
2 365
1 481
2 46
1 47
1 16
2 132
1 79
1 47
2 45
1 388
2 340
2 332
2 403
1 201
2 304
1 5
1 213
2 262
2 236
2 280
2 117
2 16
1 54
1 446
1 147
2 116
2 29
2 227
1 258
2 404
2 140
1 80
2 244
1 111
2 150
1 81
1 356
1 165
2 9
1 358
2 442
2 345
2 272
1 254
2 54
2 442
1 268
2 46
2 362
1 341
2 249
2 333
1 16
2 12
1 107
2 382
1 45
2 222
1 354
2 49
1 335
1 452
1 362
2 464
1 356
1 290
1 76
1 59
2 119
1 318
2 142
1 124
2 130
1 354
2 172
1 93
2 95
2 312
2 97
1 32
2 431
2 408
2 295
2 449
1 388
2 137
1 318
1 68
2 309
2 133
1 379
2 191
1 473
1 281
1 129
1 374
1 485
2 418
2 99
1 43
2 132
2 220
2 142
2 99
1 263
2 283
1 160
2 466
1 326
1 405
2 410
1 218
1 411
2 376
2 500
1 51
1 448
1 432
2 260
2 391
2 113
2 367
1 349
1 256
2 78
1 333
2 290
1 84
1 184
2 264
2 376
2 166
1 436
1 263
1 332
1 422
1 178
1 420
2 472
2 53
2 38
2 91
2 434
1 230
2 132
1 3
2 12
2 181
1 322
2 346
1 448
2 300
1 259
2 4
1 97
1 334
2 292
1 313
2 449
2 45
1 92
2 438
1 419
1 401
1 116
2 244
1 69
1 393
2 466
1 260
2 303
2 197
1 220
2 22
1 107
1 247
1 316
1 300
2 357
2 474
2 3
1 388
2 465
1 250
1 27
2 492
2 306
1 126
2 401
2 45
2 416
2 57
1 31
1 465
2 260
2 211
1 8
1 333
1 81
1 253
2 294
2 491
2 136
1 328
1 466
1 247
2 14
2 112
1 10
1 283
1 218
2 383
2 147
2 400
2 148
2 38
1 249
1 392
1 496
2 124
2 442
1 194
1 24
2 203
2 232
2 154
1 34
2 26
1 251
1 258
2 430
2 44
1 27
2 413
1 358
1 186
2 405
2 458
1 35
2 313
1 201
1 420
1 2
2 117
2 74
2 355
1 225
1 32
2 36
2 476
1 332
1 44
2 392
2 368
1 217
1 397
1 498
1 355
2 316
1 455
1 50
2 244
1 410
1 377
1 424
1 190
2 365
2 343
2 438
2 387
1 242
2 275
2 302
1 442
2 305
1 358
1 261
1 479
1 81
2 319
1 411
2 110
2 93
2 235
1 15
2 36
1 255
1 199
1 291
1 377
2 239
1 300
2 39
2 373
2 189
2 326
2 51
1 78
1 388
1 173
1 285
1 361
2 370
2 299
1 50
2 255
2 112
1 491
2 36
2 473
2 54
2 175
1 86
1 99
2 64
1 78
1 183
1 90
1 201
1 64
1 266
1 242
1 75
2 232
2 447
1 187
1 354
2 456
2 465
1 115
1 29
1 79
1 482
1 115
1 56
1 283
2 347
2 402
1 109
2 236
2 189
1 407
1 134
1 185
1 119
2 329
1 343
2 211
1 75
2 357
1 355
2 154
2 367
1 326
2 188
2 234
1 334
1 122
1 205
1 121
2 104
1 322
1 356
1 121
1 209
2 263
2 172
2 115
1 324
2 217
2 353
1 91
2 441
1 358
2 369
1 467
1 279
2 270
2 172
1 416
1 423
2 294
1 299
2 483
1 201
2 336
2 500
1 91
1 341
1 84
2 130
2 181
1 43
1 394
1 43
1 298
2 340
2 410
1 351
2 463
2 443
1 104
2 428
1 382
1 346
1 477
2 220
2 234
1 310
1 31
1 437
1 21
1 271
1 117
2 322
2 172
2 228
2 59
2 172
1 275
2 109
2 343
1 259
2 145
1 56
1 123
1 355
2 471
2 73
2 98
1 369
2 362
1 247
1 455
1 64
2 139
1 479
2 56
2 261
1 8
1 227
1 159
1 273
2 58
2 419
2 442
2 275
1 87
2 427
2 291
1 121
2 366
2 261
2 187
1 324
1 337
2 175
1 484
2 476
2 143
2 48
2 33
1 240
2 195
1 363
2 360
2 413
2 433
2 497
2 194
1 16
2 222
2 378
2 489
2 450
1 247
2 420
1 22
2 102
1 28
2 200
2 299
1 111
1 137
2 202
1 131
1 64
1 260
2 261
1 146
1 231
1 262
1 375
2 160
2 351
1 145
1 74
2 366
2 174
1 347
1 387
2 297
2 181
1 243
2 155
1 206
1 132
2 387
1 101
2 334
2 86
1 205
2 273
1 399
1 275
1 25
2 222
2 463
1 228
1 398
2 93
2 472
1 273
1 82
1 108
2 28
2 97
1 56
2 5
1 18
2 51
2 144
2 215
1 230
2 163
1 381
1 82
1 183
2 61
1 432
2 235
2 65
2 395
1 403
2 278
1 382
1 314
2 304
2 334
1 175
2 13
2 308
1 258
1 300
1 458
2 190
1 394
2 226
1 78
1 38
2 399
2 387
2 499
1 93
2 75
2 33
2 321
1 385
1 33
1 99
1 119
2 385
1 395
1 299
1 441
1 31
1 311
2 52
2 310
1 493
2 262
2 175
1 68
2 363
2 95
2 294
2 101
2 76
2 492
1 171
2 265
2 272
2 173
2 384
1 318
1 70
2 105
2 12
1 7
1 476
2 186
1 369
2 152
1 485
2 21
2 427
1 59
1 212
2 372
2 417
2 175
1 471
2 434
1 154
2 207
1 97
2 103
1 383
1 261
2 248
1 374
2 419
1 224
1 367
1 429
2 488
2 120
2 85
1 292
1 198
2 423
1 95
2 111
2 482
1 195
1 5
1 256
2 204
2 108
1 426
1 352
1 342
2 76
1 376
2 220
2 217
1 71
2 19
2 139
1 404
1 81
1 253
1 34
1 167
1 377
1 29
1 61
2 403
1 500
1 355
2 55
2 213
2 234
2 157
1 82
2 409
2 172
1 202
1 469
1 51
1 16
2 277
1 153
2 64
2 309
1 75
2 340
2 339
2 369
2 149
2 111
2 317
2 70
1 44
2 90
1 88
2 376
1 32
2 43
2 237
2 364
2 65
1 98
2 128
1 101
1 120
1 37
1 198
1 306
2 496
2 186
2 351
2 299
1 293
2 329
2 395
1 340
2 395
2 65
2 106
2 2
1 80
1 365
2 496
1 369
2 416
1 278
1 467
1 500
2 472
1 140
1 371
2 176
1 119
1 492
1 256
2 5
1 235
1 464
1 391
2 424
2 238
2 276
1 332
2 315
2 454
1 20
2 136
2 294
1 286
2 33
1 481
1 81
2 407
1 148
2 80
1 307
1 476
2 373
1 209
2 462
2 344
1 191
2 28
1 436
1 120
2 411
1 358
2 371
1 238
1 264
1 441
2 487
2 153
2 428
2 102
2 227
2 74
2 128
1 252
2 119
2 235
2 27
1 19
2 59
1 266
2 277
2 393
2 179
2 326
1 257
2 198
1 223
1 104
1 373
1 265
2 430
2 19
1 295
2 204
2 348
1 27
2 380
2 239
1 315
1 15
1 490
1 259
2 335
1 414
2 217
1 401
2 233
2 306
2 11
1 231
2 183
1 483
1 28
2 323
2 285
2 266
1 252
1 190
2 385
1 497
1 337
1 304
2 20
2 447
2 322
1 389
1 287
2 269
1 443
2 8
2 483
2 205
1 148
1 25
2 201
2 338
1 122
2 458
1 101
2 24
1 286
1 130
1 486
2 89
1 193
2 7
1 221
2 262
2 160
1 253
2 158
1 102
1 82
2 273
1 167
1 456
1 59
1 375
1 336
1 323
1 264
2 407
1 243
1 352
2 305
1 115
2 45
1 446
1 126
1 160
2 365
2 96
2 52
2 318
2 138
1 119
2 173
2 236
2 397
1 21
2 395
2 367
1 54
1 417
1 233
1 176
2 395
2 223
1 445
1 37
1 384
2 186
1 383
1 174
2 361
2 332
2 33
1 398
2 214
2 470
1 94
2 395
1 267
2 138
1 9
1 497
1 32
2 151
1 456
1 397
1 370
1 274
2 481
1 193
1 338
1 492
2 158
1 123
1 206
1 339
1 285
1 309
1 370
2 433
2 135
2 492
1 112
2 462
2 436
1 286
2 167
2 408
1 218
1 452
1 493
1 341
2 477
1 296
1 312
1 22
1 261
2 6
1 278
2 464
2 121
1 190
2 82
2 315
1 182
1 427
1 407
2 302
1 120
2 81
1 176
2 433
1 467
1 160
1 257
2 161
2 428
1 367
1 2
2 161
2 298
2 356
2 205
2 292
2 105
1 312
1 178
1 68
2 34
2 240
1 405
1 18
2 453
1 342
1 417
1 136
1 292
2 122
1 351
2 24
2 137
2 235
1 431
1 310
1 232
1 105
1 301
1 320
1 357
2 207
2 366
2 191
2 37
1 5
1 77
1 194
2 215
1 378
2 433
1 460
1 237
1 152
2 37
2 142
2 484
2 370
2 395
1 210
2 75
1 22
2 93
1 215
2 143
2 303
1 132
1 91
1 325
1 108
2 417
1 458
1 450
2 452
1 90
2 478
1 226
1 167
2 215
2 329
2 177
1 136
1 245
2 379
1 172
2 282
1 88
2 43
2 417
2 84
1 359
2 374
2 412
1 107
1 124
2 187
2 418
1 460
2 400
2 84
1 177
2 215
1 308
1 152
1 104
2 434
1 295
2 398
2 198
1 184
2 291
1 325
1 44
2 370
2 327
2 218
2 22
2 118
2 42
2 404
2 355
2 106
2 347
1 59
1 359
2 69
2 464
2 357
2 233
1 302
2 383
2 413
1 303
1 84
1 150
2 340
1 28
1 5
1 153
2 122
2 157
1 12
2 286
1 479
2 297
1 77
2 151
1 286
2 223
2 1
2 60
1 80
2 489
1 164
2 351
2 152
2 326
2 479
1 234
1 130
1 89
1 413
2 399
1 248
1 419
1 346
1 291
2 268
1 361
2 272
2 68
2 69
2 437
1 4
1 209
2 52
2 43
1 240
2 161
2 266
2 438
2 260
1 388
2 359
1 310
2 162
2 405
1 121
1 481
2 215
2 461
1 338
2 81
2 148
1 415
2 24
1 376
1 283
2 162
1 66
2 476
2 51
1 12
1 425
2 500
1 33
1 257
1 19
1 298
1 283
1 430
1 119
2 293
1 123
2 395
1 129
1 118
1 453
1 55
1 474
1 369
1 217
2 228
2 314
2 252
1 293
1 106
2 190
1 312
2 56
1 204
2 279
1 216
1 303
1 461
1 27
2 485
2 305
1 330
2 441
2 270
2 114
2 495
1 125
2 320
1 68
2 216
2 344
2 282
1 404
1 477
1 422
1 25
1 25
1 400
2 434
1 401
1 396
1 55
1 406
1 404
2 396
2 171
1 254
1 441
2 45
1 291
1 231
2 248
2 168
2 424
2 20
1 352
1 275
1 139
1 483
1 5
2 13
2 322
1 331
1 126
2 383
1 397
2 230
1 220
2 494
2 202
1 22
2 281
2 163
2 328
2 313
1 375
2 63
1 294
2 162
2 471
1 335
2 9
1 66
1 165
1 74
1 425
2 122
2 391
1 327
2 133
2 106
2 167
1 407
1 412
1 379
2 315
2 305
2 480
2 402
1 282
2 213
1 422
2 466
1 322
1 234
1 135
1 313
2 359
2 113
2 490
2 357
1 407
2 479
1 383
1 234
1 207
1 73
1 484
1 291
1 182
2 111
1 68
2 116
1 493
1 48
1 422
1 286
1 269
1 418
2 495
2 19
2 300
2 180
1 481
2 441
1 199
2 329
1 326
1 43
1 376
2 300
2 198
2 477
1 52
1 321
1 396
2 451
2 281
1 182
2 304
1 126
1 25
1 471
1 250
1 19
2 456
1 273
2 254
2 323
2 142
2 203
2 333
2 436
2 486
2 78
1 91
2 495
2 157
1 168
1 183
1 234
1 4
1 494
2 255
1 266
1 310
1 489
1 324
1 107
2 244
1 450
1 386
2 152
1 262
2 3
1 357
1 433
1 94
1 320
1 94
2 299
2 256
2 45
2 414
2 240
1 186
2 195
2 485
2 169
1 369
2 41
2 259
2 436
1 251
1 51
1 44
2 450
1 488
1 82
2 348
2 262
2 362
2 308
1 7
1 444
2 146
1 452
1 309
2 107
2 494
2 458
1 210
2 41
2 253
1 301
1 295
2 485
1 371
1 353
2 267
1 103
1 132
1 20
1 293
1 202
1 339
2 175
1 417
2 448
2 189
1 121
2 14
2 490
1 396
1 464
1 138
2 277
2 472
1 412
1 478
2 402
1 475
1 215
2 495
1 412
2 465
1 369
2 488
1 66
2 199
1 396
1 300
1 308
2 24
2 387
2 35
1 168
2 215
1 252
2 99
2 95
2 398
2 245
2 172
2 119
2 44
1 262
2 241
1 113
1 492
2 468
2 138
2 387
2 220
1 117
1 356
1 85
2 378
2 137
1 491
2 124
1 472
2 228
2 306
2 328
1 43
1 176
2 282
1 237
1 404
2 23
2 416
2 364
1 288
1 195
1 459
1 16
1 54
2 494
1 435
1 9
1 117
1 10
1 97
1 103
1 450
1 111
1 436
1 11
2 177
2 205
2 374
1 417
2 314
1 138
2 231
1 226
2 181
2 449
1 332
2 129
2 380
2 498
1 416
1 242
2 64
1 79
2 17
2 68
2 257
2 431
2 55
1 390
2 94
1 216
2 92
2 57
1 287
2 139
2 414
1 499
1 178
2 470
1 424
2 376
1 298
1 370
1 165
2 290
1 448
1 386
1 202
2 363
1 201
2 394
1 380
1 295
2 173
2 103
1 5
1 479
1 488
1 5
1 459
2 114
1 152
2 149
2 145
2 44
2 363
1 163
2 33
2 3
2 425
2 152
1 287
1 83
1 182
1 481
1 86
1 249
2 297
1 441
2 260
1 138
2 125
1 217
1 460
2 362
2 176
1 18
1 347
1 439
1 243
2 19
1 365
1 416
2 17
1 453
1 44
1 250
1 93
1 177
2 37
2 141
1 256
1 377
1 461
2 130
1 85
1 383
2 119
2 461
2 358
1 115
2 207
1 421
1 34
2 56
1 339
1 485
1 57
2 196
2 175
2 220
2 176
2 60
2 253
1 133
1 137
2 215
1 315
2 347
1 435
1 269
1 301
2 367
2 113
1 225
2 90
2 249
1 251
1 264
2 32
1 316
1 347
1 363
2 16
2 8
2 462
1 224
1 232
1 118
1 356
2 334
2 139
1 414
2 446
2 243
2 277
1 496
2 440
2 283
2 271
1 405
2 121
1 346
1 422
1 47
2 158
1 73
1 17
2 388
1 367
1 290
2 391
1 117
1 200
2 137
1 244
2 202
1 373
1 215
1 363
2 422
1 344
1 371
2 332
1 174
2 443
1 45
2 453
1 367
1 264
2 121
1 395
2 371
2 74
1 412
1 198
2 11
1 179
2 254
1 342
2 60
1 242
2 468
1 118
1 197
2 188
1 240
2 196
2 201
2 48
2 408
2 297
1 138
2 150
2 485
2 170
1 126
2 352
2 309
2 279
2 54
1 26
2 400
2 403
2 341
1 65
1 47
2 17
1 336
1 427
1 8
1 419
2 210
2 430
1 91
1 375
1 377
1 289
2 473
2 377
2 493
2 413
2 153
2 74
1 447
1 159
1 151
1 291
2 200
1 230
1 131
1 138
2 208
1 135
1 468
2 492
1 303
1 202
1 185
1 295
2 479
1 288
1 383
1 342
1 1
2 75
2 379
1 490
1 489
1 117
2 487
1 472
2 364
1 448
1 301
2 30
2 400
2 260
1 99
2 67
2 376
2 434
1 57
2 43
2 250
2 57
1 470
2 229
2 202
1 232
1 474
2 484
2 282
1 6
1 48
1 182
2 269
2 380
2 241
1 73
2 284
1 78
1 10
1 290
2 186
1 416
2 486
2 384
2 494
2 498
1 17
1 316
2 498
1 461
2 173
2 229
2 366
1 62
2 464
2 289
2 224
1 11
1 307
1 328
1 339
1 193
2 209
2 139
1 260
2 444
1 335
1 388
2 182
2 279
2 4
1 349
2 475
2 140
2 457
1 285
2 497
2 149
2 189
2 262
1 441
1 380
2 81
2 179
1 272
1 110
2 81
1 57
2 169
2 40
2 16
1 271
1 152
2 68
2 261
2 140
2 238
2 179
2 342
1 284
2 19
1 91
2 351
2 357
2 195
1 347
1 71
2 73
2 239
1 415
2 173
1 403
1 277
1 80
1 291
1 82
2 109
1 111
2 22
2 182
2 67
1 130
2 349
2 211
2 46
2 290
1 235
1 128
2 125
2 480
2 274
2 427
1 436
2 45
2 356
1 377
1 457
2 410
2 61
2 96
1 301
2 176
2 280
2 397
2 213
1 171
2 140
1 72
2 486
1 236
2 193
1 466
1 470
1 306
1 52
2 340
1 137
2 239
2 21
2 173
2 363
2 423
1 144
2 429
1 462
1 174
2 127
1 304
2 219
2 478
1 362
2 473
1 35
2 266
2 346
1 492
1 485
1 413
1 260
2 461
1 356
2 228
2 478
2 431
1 343
1 317
1 429
2 54
2 500
2 222
2 109
2 256
2 478
1 276
1 213
2 163
1 75
1 402
1 124
1 99
1 296
2 22
1 203
2 390
1 393
2 250
2 175
2 149
2 377
2 94
2 13
1 8
2 349
1 490
1 445
1 141
1 206
1 167
1 236
2 314
2 167
2 333
1 272
1 346
1 258
2 88
1 250
2 208
1 208
2 273
2 488
2 96
2 427
2 452
1 319
2 494
2 180
2 30
2 12
2 450
2 17
2 38
1 335
2 215
2 293
2 399
1 252
1 324
1 256
2 191
1 392
2 263
2 363
1 225
1 371
1 494
2 414
2 5
1 127
2 142
2 58
1 50
2 34
2 338
2 499
1 419
1 64
2 164
1 176
1 3
1 413
1 285
1 26
2 74
1 359
2 274
1 107
2 280
1 47
2 132
1 349
1 139
1 434
2 42
1 42
1 7
2 40
2 280
2 431
2 421
1 272
1 261
1 369
2 369
2 9
1 164
2 254
2 121
2 457
1 148
1 57
2 452
1 297
1 365
1 288
2 221
2 182
2 288
1 373
1 169
1 212
1 442
2 486
1 355
1 75
2 440
1 361
2 431
2 326
2 88
1 135
1 228
2 493
1 70
2 375
1 450
1 422
1 402
2 305
2 349
1 259
1 215
2 382
2 479
1 144
2 377
1 78
1 298
1 471
1 139
1 457
1 431
1 331
2 489
1 89
2 219
2 328
2 21
2 429
2 472
1 65
1 54
2 156
2 64
1 70
1 323
2 494
1 460
1 290
1 311
1 136
2 280
2 165
1 376
1 298
2 369
2 399
1 209
1 125
1 31
1 178
1 424
2 311
1 346
1 183
2 329
2 389
1 485
1 259
1 499
1 411
2 270
2 493
1 66
2 454
1 14
2 153
1 153
2 173
1 414
2 358
1 377
2 53
1 300
2 73
1 219
2 368
1 347
1 170
1 328
2 360
1 457
1 131
2 327
2 458
1 361
1 186
1 62
1 451
2 401
2 214
2 210
2 458
1 293
2 320
1 453
2 313
2 394
2 369
1 449
2 16
1 494
2 251
2 290
2 471
1 427
1 160
1 264
1 396
1 300
2 28
2 245
1 13
1 487
1 414
2 60
2 300
2 129
1 311
1 454
2 312
2 464
2 220
2 144
2 487
1 181
1 400
2 409
1 267
2 497
1 34
1 460
2 312
1 87
1 209
1 402
1 124
2 47
1 148
1 162
1 337
2 351
1 119
2 500
2 6
1 268
2 404
2 75
2 18
2 337
2 405
1 450
1 159
1 75
1 38
2 291
1 431
2 462
2 251
2 138
1 456
2 498
2 336
2 426
2 437
1 431
2 203
2 73
2 228
2 18
2 87
1 491
2 448
1 270
2 412
2 306
2 15
1 430
1 228
2 55
1 320
2 357
1 217
2 87
2 279
1 61
1 264
2 234
2 354
2 113
2 261
2 188
1 426
2 329
2 175
2 168
1 220
1 219
1 156
2 84
2 261
2 152
1 47
2 86
2 240
2 369
1 321
1 331
1 24
1 250
1 246
2 43
2 145
1 105
1 418
1 86
1 332
2 53
2 326
2 131
2 41
2 120
2 407
2 106
1 462
2 480
2 475
1 24
2 487
1 271
2 167
1 434
2 297
2 81
1 329
2 390
2 61
2 81
2 459
1 249
1 244
1 331
1 453
1 189
1 333
2 196
2 18
2 201
1 319
2 287
2 343
1 367
1 37
2 74
2 484
1 119
2 401
2 445
1 154
2 145
1 443
1 188
1 320
2 126
2 21
1 285
1 292
1 323
1 98
1 26
1 70
1 160
1 444
1 27
2 88
2 138
1 10
1 342
1 418
2 320
1 434
1 5
2 107
2 256
2 75
1 490
1 277
2 317
2 253
1 373
1 366
2 74
1 188
2 57
2 437
1 394
1 331
2 299
1 429
1 346
2 39
2 350
1 483
2 240
2 362
1 279
2 474
1 454
2 118
1 117
1 237
2 275
1 113
2 357
2 331
1 248
2 388
2 36
1 115
2 457
1 91
2 55
1 86
1 225
2 370
2 460
1 203
1 377
2 11
2 412
2 138
2 209
2 459
2 395
1 223
2 253
2 85
2 229
1 167
2 428
1 145
2 345
1 324
1 218
1 158
2 174
1 491
2 320
1 331
1 227
2 416
2 218
1 138
1 225
1 250
1 191
1 242
2 297
1 108
2 399
1 347
2 413
1 159
1 139
2 150
2 393
2 195
1 269
1 259
2 487
1 349
2 106
1 64
1 155
2 472
1 140
2 330
1 8
1 136
1 476
2 214
1 201
1 182
2 92
1 166
1 300
1 107
2 307
1 362
1 44
1 219
1 4
1 87
2 387
1 360
1 6
2 433
2 184
1 379
2 258
1 205
2 113
2 165
1 332
1 85
2 211
2 262
1 54
2 76
1 422
2 301
1 63
2 338
2 51
1 225
1 112
2 216
1 91
1 495
1 109
2 1
1 85
1 237
1 462
2 77
1 451
2 163
1 166
1 464
1 67
1 375
1 469
1 106
2 173
1 185
2 383
2 156
2 298
2 457
1 57
2 347
2 466
2 372
2 212
2 346
1 375
1 160
2 13
2 105
2 68
2 21
1 473
2 269
2 69
2 86
2 461
1 483
1 292
2 56
2 393
2 132
2 324
2 313
1 407
1 224
2 206
2 276
2 421
1 5
2 472
1 465
2 373
2 62
1 5
1 18
1 222
2 368
1 144
2 233
1 450
2 376
2 53
1 389
2 399
2 313
2 186
2 7
1 75
1 73
1 37
1 329
2 443
1 8
1 80
1 487
2 400
2 240
1 218
1 424
1 225
1 338
1 364
1 320
2 264
1 370
1 186
1 262
1 97
2 65
2 213
2 409
1 117
1 268
1 480
2 302
1 279
2 317
1 335
1 284
1 380
2 249
2 202
2 396
2 483
1 179
2 362
2 11
2 439
1 16
1 320
2 473
1 456
2 444
1 277
2 239
1 232
2 424
2 201
2 287
1 130
2 82
2 404
1 173
1 73
2 111
2 5
2 194
1 223
2 453
2 68
2 6
2 382
2 435
1 451
1 469
1 38
2 423
2 346
2 486
2 135
1 163
1 382
1 303
2 197
1 103
1 150
2 266
2 93
1 317
1 125
2 123
2 187
2 159
2 344
2 303
1 444
2 469
1 24
1 282
1 231
1 39
1 196
1 263
2 208
2 332
1 67
1 50
1 203
2 490
1 57
1 23
1 312
1 29
2 467
1 259
2 46
2 428
2 305
1 381
1 472
1 399
2 370
2 496
1 361
2 117
2 480
2 472
2 334
2 329
1 310
2 348
2 88
1 300
1 169
1 255
2 244
2 383
2 453
1 36
2 66
1 433
2 494
2 39
1 257
2 331
1 306
2 125
2 158
1 136
1 455
1 22
1 246
1 162
2 485
2 215
1 348
1 150
1 404
1 373
1 259
2 429
1 85
2 308
1 328
2 272
2 36
2 480
2 49
1 331
2 338
1 139
1 45
1 83
1 328
2 311
1 361
2 1
1 292
1 391
2 454
1 401
2 307
2 269
2 374
1 443
2 497
2 100
2 369
1 192
1 488
1 485
2 92
2 146
2 144
1 206
2 50
1 289
1 190
2 414
2 360
1 478
1 289
2 100
2 111
2 56
1 496
1 150
1 376
2 174
2 183
2 319
1 337
2 291
1 15
1 441
2 411
1 434
2 198
1 59
1 28
1 110
1 5
2 315
1 406
1 102
1 219
1 23
2 230
2 284
2 368
1 323
1 345
1 181
2 141
2 202
2 57
2 396
2 274
1 145
2 49
1 118
2 370
1 377
2 304
2 47
2 88
2 152
2 125
1 327
2 423
1 137
2 395
1 243
1 93
2 198
1 485
2 112
1 158
2 156
2 353
2 483
1 423
1 76
2 318
1 16
1 486
1 422
1 36
1 47
1 403
1 121
2 262
2 444
2 277
2 231
2 5
2 420
1 50
1 326
2 101
2 162
1 197
2 465
1 99
2 211
2 458
1 91
2 268
1 341
1 336
2 24
2 487
2 268
2 142
2 107
2 138
2 328
1 55
2 417
2 359
2 5
2 310
2 387
2 480
1 324
1 150
2 156
2 494
2 377
2 71
2 229
1 455
2 393
1 53
2 14
2 436
2 79
2 465
1 26
2 397
2 260
1 48
2 386
2 393
1 27
2 449
1 23
2 16
2 116
1 76
1 182
2 500
2 459
1 430
1 260
1 37
2 75
1 489
2 476
2 426
1 196
1 313
1 481
1 484
1 99
2 429
2 421
1 393
1 244
1 67
2 351
2 226
2 38
1 237
2 299
2 71
1 388
2 63
1 63
1 168
2 309
1 441
2 228
2 312
2 6
2 177
1 333
1 133
2 320
2 439
1 383
2 111
2 392
2 342
1 274
2 466
1 457
2 163
1 91
1 6
2 56
1 156
2 288
1 315
2 9
2 224
2 262
1 13
2 62
2 310
2 215
2 269
2 33
2 58
1 108
2 72
1 449
2 256
1 367
1 342
2 174
2 117
2 102
1 439
2 336
1 497
1 375
2 73
2 47
1 382
2 45
2 22
2 384
2 80
1 50
2 476
2 189
1 10
1 73
1 304
1 400
1 310
1 269
1 384
2 215
1 173
2 422
1 103
2 174
1 406
2 306
2 150
1 177
2 135
2 458
1 361
2 90
1 186
1 255
1 24
2 187
2 80
1 242
1 413
1 68
1 342
2 51
2 367
2 1
2 327
2 291
2 19
1 208
2 89
1 126
1 283
1 12
1 419
1 247
2 373
1 353
1 187
2 57
2 333
2 109
2 367
2 198
1 130
2 442
1 71
2 386
2 230
2 66
1 2
1 35
1 478
2 292
1 141
1 420
2 256
1 335
2 279
1 212
1 141
2 182
2 423
2 415
1 315
1 355
2 143
2 394
1 127
2 135
2 32
1 443
1 286
1 114
1 161
2 175
2 181
1 363
2 274
2 458
2 460
1 257
2 201
1 426
2 187
2 298
1 318
1 209
2 17
1 18
1 498
2 182
1 252
2 484
1 25
2 466
2 105
1 291
2 223
1 335
2 128
1 479
1 372
2 400
1 213
1 121
1 166
2 92
2 199
2 442
2 16
2 59
1 480
2 128
2 417
1 315
1 94
2 341
2 184
2 408
1 214
2 457
1 331
1 295
2 475
2 103
1 347
1 313
2 362
1 85
1 401
2 174
1 396
1 14
2 458
1 178
2 302
1 401
1 386
1 12
1 136
1 53
1 127
2 12
2 304
1 266
1 347
2 254
1 305
2 24
1 40
2 137
2 390
2 176
2 436
2 338
2 153
1 257
2 254
1 267
2 216
2 317
1 175
1 7
2 188
1 93
1 434
2 272
2 469
1 450
2 486
2 179
1 177
2 269
1 259
2 43
1 123
2 387
1 280
2 276
2 126
1 398
2 152
1 233
2 469
1 229
1 321
2 296
2 46
1 482
1 154
1 129
2 234
2 74
2 111
2 184
1 273
2 146
1 306
1 396
1 264
1 432
1 383
2 284
1 494
2 435
2 493
2 275
1 281
1 443
2 49
1 330
2 262
2 244
1 56
1 193
2 263
1 254
2 54
2 276
2 6
1 46
1 124
1 427
1 168
2 498
1 198
2 240
1 5
2 379
2 474
2 379
2 47
2 437
1 373
2 499
1 274
1 79
1 215
1 5
1 226
2 153
1 33
1 235
1 227
2 98
1 35
1 140
2 312
2 33
2 141
2 266
1 278
2 15
1 350
1 78
2 374
1 350
1 122
1 443
1 48
1 399
2 220
2 15
2 319
2 67
2 281
2 76
1 381
2 402
1 462
2 8
2 412
1 92
2 293
2 232
2 278
2 275
1 225
2 232
1 188
1 205
1 334
1 230
1 370
2 295
2 313
2 17
1 12
2 109
1 347
1 496
1 26
1 177
1 59
1 496
1 57
1 269
2 480
1 308
2 480
2 32
1 257
1 368
1 360
1 423
1 19
2 386
2 40
1 146
1 469
1 399
2 341
1 119
1 165
2 373
2 381
1 140
2 7
2 108
2 186
1 276
2 152
2 101
1 222
1 493
1 239
1 419
1 411
2 455
2 167
2 423
2 286
2 387
2 421
1 11
2 228
1 163
2 447
2 422
1 212
2 62
2 10
1 234
1 220
1 346
2 219
2 433
1 183
1 296
2 165
1 61
1 444
2 123
1 189
1 409
2 14
1 203
2 153
1 294
2 327
1 259
2 260
2 401
1 214
1 248
2 354
2 474
2 235
1 38
1 344
1 324
2 120
1 232
1 165
2 496
2 16
1 388
2 149
1 272
1 335
1 444
1 180
1 336
1 13
2 337
1 23
1 65
1 389
1 265
2 24
2 396
1 366
2 18
1 422
1 228
1 161
2 296
1 88
2 253
2 208
1 12
1 101
1 75
1 75
2 246
2 451
2 490
2 275
2 182
1 500
2 156
1 284
2 499
2 137
1 27
1 193
2 425
2 466
2 486
2 190
1 491
1 224
1 308
2 190
1 250
1 454
2 201
2 59
1 460
1 155
1 391
2 24
1 195
1 18
2 234
2 116
1 199
2 407
1 41
1 51
2 489
2 47
1 241
1 93
1 153
2 38
2 297
2 62
2 254
1 375
2 138
1 62
1 33
1 46
2 416
1 215
1 304
1 445
2 71
2 448
2 487
2 469
2 250
2 330
2 462
1 342
2 46
2 139
1 75
1 2
1 483
2 97
2 182
1 183
1 282
1 30
2 467
1 107
1 380
1 422
2 492
2 144
2 370
1 466
1 317
2 137
2 387
2 437
1 126
2 375
1 101
1 380
2 402
1 486
2 274
2 326
2 374
2 153
2 102
1 38
1 288
1 216
2 258
2 446
1 123
2 495
2 224
1 493
2 415
1 462
1 89
2 304
1 107
1 56
1 277
2 477
2 322
1 91
2 48
1 166
2 356
1 97
1 237
1 408
1 123
2 191
2 7
2 24
2 154
2 24
2 227
1 495
1 44
2 479
2 120
1 465
1 156
1 259
1 355
1 395
2 387
1 40
2 432
2 358
2 198
2 367
1 381
2 324
1 297
1 218
2 297
2 96
1 244
1 48
1 371
1 278
2 379
2 150
1 84
2 99
2 91
2 56
2 178
2 98
1 384
1 94
2 498
2 336
2 42
2 42
2 177
2 21
2 488
1 421
2 380
2 203
2 187
1 293
1 341
2 190
1 58
2 108
2 324
1 499
2 30
1 481
1 62
1 317
2 23
2 323
2 459
2 77
2 487
2 213
2 463
1 254
1 388
1 278
2 361
1 428
1 19
1 300
2 113
1 333
1 56
1 242
1 32
1 362
1 390
1 196
2 327
1 224
2 163
1 277
2 129
1 264
1 316
2 432
1 30
1 415
2 271
1 450
2 325
1 320
2 237
1 419
1 317
1 130
2 347
1 205
1 462
1 179
2 383
1 56
1 225
2 201
1 478
1 150
2 313
2 221
1 336
2 465
1 336
1 334
2 351
1 362
1 6
1 292
1 149
1 355
2 170
2 424
2 57
2 301
2 394
2 122
2 215
1 85
2 31
1 233
1 456
1 249
2 485
2 404
2 240
1 209
2 313
2 55
2 57
1 441
1 432
2 235
2 500
2 197
2 440
2 468
2 226
1 59
1 256
1 194
2 72
1 255
1 238
1 456
2 369
1 448
1 310
1 298
1 204
1 44
1 274
2 390
2 226
2 208
1 114
2 180
2 7
2 420
1 448
2 390
1 475
1 319
1 223
2 297
2 110
1 70
1 350
2 86
1 111
1 261
2 46
1 409
1 226
2 148
2 259
2 192
2 226
2 221
2 127
2 375
1 357
1 323
1 458
2 485
2 54
2 293
2 37
2 355
1 85
1 287
1 390
1 280
1 340
1 416
1 369
1 406
2 289
1 134
1 340
2 314
2 215
1 196
2 363
1 365
2 255
2 142
1 332
1 463
1 125
1 137
2 371
1 421
2 474
2 257
2 25
1 58
2 380
2 342
1 6
1 40
1 208
1 107
2 307
1 62
2 299
2 276
1 444
1 180
2 102
1 230
1 358
2 69
2 391
1 330
1 467
2 359
1 402
2 64
1 386
1 491
2 176
1 206
2 165
2 388
2 173
2 96
1 255
1 470
2 425
2 244
2 19
1 416
2 418
1 332
1 309
1 340
1 291
2 454
1 133
2 74
2 309
2 390
2 37
2 411
2 361
1 56
1 459
2 4
2 154
2 384
1 361
2 297
2 471
2 458
2 295
2 112
1 404
2 370
1 212
2 104
1 286
2 155
2 482
1 473
2 49
1 449
2 282
2 411
1 199
2 58
1 251
2 301
1 22
1 297
2 302
2 360
1 59
2 184
1 376
1 27
1 67
2 184
1 71
2 303
1 315
1 319
2 381
2 275
1 140
2 190
1 471
2 233
1 415
1 273
2 127
2 418
2 125
1 40
1 400
1 21
1 53
2 482
2 309
1 38
1 179
2 93
2 480
2 382
1 444
2 388
1 157
1 114
1 111
2 33
1 198
2 427
2 243
1 35
2 16
2 54
1 355
2 194
1 175
1 80
2 434
2 392
1 328
1 75
1 10
2 151
1 363
2 310
2 485
1 359
1 472
2 45
2 411
1 12
2 17
2 407
1 262
2 96
2 8
1 379
2 481
2 428
2 106
2 152
1 285
1 145
1 274
2 82
1 130
1 325
2 36
2 152
2 233
2 238
1 269
1 109
2 496
1 295
2 125
1 246
2 308
1 164
2 282
1 469
1 43
2 410
1 375
2 79
1 160
1 199
1 135
2 380
1 195
1 287
2 120
1 79
2 274
1 359
2 191
2 318
2 471
2 15
1 492
2 305
2 260
2 430
1 14
2 375
1 482
2 230
2 45
1 379
1 105
1 76
1 416
1 232
2 472
1 232
2 190
1 465
2 242
1 194
2 406
2 166
1 81
2 192
2 258
2 146
2 160
1 10
2 467
2 461
1 339
1 105
1 431
2 329
2 167
1 131
1 442
2 311
2 395
2 351
2 73
2 367
1 70
1 158
1 468
2 325
1 162
2 186
2 350
1 117
1 239
2 439
2 247
1 407
1 104
2 498
1 105
1 111
1 443
1 209
1 238
1 68
1 314
2 196
2 470
1 382
1 262
2 92
2 422
1 354
2 459
2 52
2 66
1 89
1 281
2 269
2 386
1 270
1 292
2 66
2 128
1 25
2 120
1 249
2 318
1 417
1 304
1 42
2 333
1 80
2 483
2 483
1 388
1 419
1 420
2 144
2 136
1 140
2 488
1 499
2 194
2 284
2 438
2 70
1 159
2 234
2 201
2 360
2 24
2 120
1 467
2 194
1 135
2 60
1 277
1 278
1 28
2 170
2 237
2 86
2 240
2 239
1 239
2 380
2 81
2 58
2 114
1 352
1 436
2 73
1 172
1 33
2 262
1 15
1 293
1 97
1 270
2 323
2 285
2 123
2 53
1 115
1 430
1 117
2 80
2 280
2 390
1 153
2 366
2 353
1 118
2 41
1 283
2 248
1 269
1 284
1 49
2 191
1 216
1 47
1 200
1 250
1 490
2 444
2 421
1 12
2 244
1 130
2 118
2 298
2 98
2 208
1 331
1 327
2 409
2 46
2 51
2 50
1 49
2 246
1 141
2 212
1 160
2 114
2 69
1 15
1 344
1 15
1 324
2 424
1 418
2 192
1 116
2 359
1 438
1 337
1 64
1 165
2 240
2 351
1 41
1 325
1 291
2 262
1 384
2 198
2 6
2 120
2 186
1 488
2 285
2 404
1 224
1 422
1 198
1 475
2 341
1 178
1 342
2 97
2 328
1 25
2 387
1 157
1 473
1 398
2 320
2 456
1 220
2 359
1 1
2 360
2 484
2 324
1 180
2 402
2 418
2 191
1 274
2 79
2 342
1 207
1 128
2 57
1 391
2 117
2 451
1 436
2 364
2 464
2 383
1 401
2 495
1 160
2 289
1 219
2 66
1 144
1 439
1 393
1 170
2 424
1 336
2 406
2 322
2 446
1 438
1 60
1 289
1 404
2 310
1 411
2 47
1 420
2 457
1 18
1 172
1 98
2 4
2 410
2 76
2 85
2 52
1 148
1 363
1 121
1 25
2 399
2 437
1 260
2 482
2 371
2 70
1 12
1 174
2 102
2 127
1 465
1 330
2 222
1 368
1 68
1 224
1 315
1 135
1 405
1 202
2 121
1 94
1 49
2 404
1 368
1 188
1 411
2 148
1 412
2 177
2 407
2 296
2 412
2 294
1 398
2 90
1 118
2 149
1 154
1 168
2 285
2 204
1 223
1 31
1 218
1 465
1 460
1 196
2 42
2 187
1 336
1 309
2 15
1 323
1 213
1 188
1 344
2 45
1 446
2 51
1 134
2 139
2 127
2 316
1 27
1 163
1 333
1 19
2 133
2 14
2 182
2 46
2 296
1 294
2 17
1 108
1 211
2 95
2 285
1 60
2 115
2 377
2 46
2 294
1 439
2 226
1 360
1 348
2 361
2 99
2 484
2 379
1 305
2 234
2 86
1 251
1 368
2 146
2 225
2 442
2 450
2 134
2 438
2 315
2 473
2 379
1 471
2 2
1 433
1 215
1 233
1 69
1 296
2 364
2 357
2 387
1 323
2 466
2 353
1 115
1 397
2 134
2 102
2 494
1 74
1 404
1 25
1 257
2 38
1 45
2 276
2 404
2 303
1 63
1 353
2 185
2 169
1 116
1 156
2 8
1 168
2 387
2 86
1 217
1 115
2 222
2 395
2 341
1 346
2 57
1 79
2 447
1 410
1 73
2 374
1 146
1 46
2 86
2 28
1 106
1 266
2 384
1 156
1 209
2 478
2 51
1 357
1 359
1 263
2 35
2 214
1 30
2 64
2 389
2 120
2 437
1 25
1 396
1 248
2 385
2 73
2 133
1 284
2 47
1 273
2 387
1 113
1 96
1 234
1 471
2 182
2 89
2 430
1 90
2 292
1 254
2 261
1 146
1 80
1 294
1 477
1 41
2 299
1 116
1 323
1 236
2 196
1 415
1 364
1 154
2 182
2 371
1 496
1 189
2 412
2 278
1 366
1 476
2 157
2 400
1 381
1 336
1 163
1 53
1 309
2 33
1 317
2 135
2 123
1 239
1 158
2 421
2 38
1 391
2 42
2 26
1 278
2 350
1 314
1 318
1 312
1 464
2 456
1 293
1 273
2 111
1 399
2 157
2 130
2 483
1 189
1 445
1 220
1 258
2 400
2 6
2 128
2 191
2 271
2 161
2 366
2 177
1 6
2 52
2 83
1 158
1 393
2 441
1 100
1 348
2 476
1 62
2 26
1 186
1 439
1 43
1 320
2 67
2 107
2 312
2 4
2 312
2 127
2 212
2 302
1 77
1 117
1 380
1 94
2 142
1 466
1 187
1 106
2 462
1 75
2 252
2 298
1 179
1 20
1 2
2 153
2 450
2 68
1 115
2 450
1 396
1 143
1 53
1 39
1 311
2 343
1 43
1 329
2 415
1 167
2 373
2 199
1 292
1 355
1 131
2 13
1 220
2 312
1 254
1 489
1 462
2 329
2 174
1 281
2 209
2 209
2 470
2 255
2 376
2 18
1 265
1 236
1 36
2 459
2 396
1 56
2 482
1 417
1 245
1 448
1 348
1 238
2 266
1 281
2 453
1 499
2 179
1 405
1 280
2 206
2 14
2 87
1 145
1 355
2 405
1 46
1 161
1 273
1 275
2 418
2 203
1 148
2 149
1 151
1 266
1 158
1 117
2 479
2 452
2 353
1 338
2 163
1 182
2 275
1 192
1 239
1 460
1 330
1 289
1 92
1 336
2 185
1 197
2 64
1 495
1 59
1 166
1 181
2 8
2 7
2 351
2 296
1 130
1 121
1 105
1 323
1 165
1 243
2 170
1 213
2 426
2 200
2 344
2 290
1 39
1 402
2 40
1 50
2 323
2 290
2 86
1 219
1 471
2 463
2 119
2 157
1 149
1 486
2 88
2 196
2 70
2 367
2 146
2 481
1 439
1 247
1 234
2 126
1 277
1 196
2 466
1 142
1 412
1 458
2 254
2 477
1 250
1 136
2 112
2 215
1 90
2 425
2 129
1 231
2 341
1 4
1 130
2 272
2 124
2 391
1 382
1 201
2 415
1 229
1 156
2 427
1 107
2 420
2 457
1 140
2 76
2 455
2 139
1 449
2 158
2 492
2 410
1 225
1 231
1 201
2 248
2 132
2 34
2 441
1 53
1 138
1 426
1 388
2 373
1 179
2 26
1 273
1 65
1 463
2 303
1 181
1 494
1 108
2 67
2 368
2 480
1 302
1 449
2 322
1 376
1 204
2 21
1 40
2 177
2 231
2 18
1 233
2 427
1 390
2 240
2 315
1 114
1 125
2 8
1 236
2 149
2 488
2 118
2 457
-1
