2 128
1 280
2 81
1 219
2 437
1 97
1 87
2 78
1 330
2 469
2 72
1 461
1 21
2 178
1 138
1 456
2 135
2 267
1 103
2 428
2 417
1 78
2 299
1 3
2 23
1 415
2 158
1 492
1 405
2 433
2 244
1 159
2 326
1 298
1 262
2 170
2 453
1 33
1 106
2 232
2 210
1 75
2 373
1 248
2 438
1 23
2 271
1 263
1 459
1 227
1 489
1 102
2 347
2 396
2 373
2 285
1 125
2 152
2 276
1 125
2 282
1 449
1 181
1 351
2 475
2 62
2 177
1 108
2 150
1 179
1 482
2 308
1 173
2 454
1 210
1 364
2 77
2 395
2 376
1 99
1 26
2 17
1 176
1 76
2 330
2 198
2 69
1 268
1 316
2 41
2 299
1 367
2 69
1 336
1 210
1 145
2 446
2 288
2 488
1 445
1 469
2 480
1 499
1 131
1 468
2 190
1 427
2 345
2 21
1 290
1 465
2 316
2 299
2 383
2 318
1 456
1 174
2 175
1 182
2 486
1 328
2 119
1 83
2 249
1 494
1 333
2 176
2 221
2 103
1 113
1 134
1 410
2 354
1 479
1 93
1 389
1 490
2 25
2 322
2 28
2 15
1 125
1 212
2 164
2 152
1 438
2 47
2 444
2 135
1 140
2 237
1 350
1 238
1 2
2 351
2 374
2 93
1 406
1 47
1 470
1 49
1 334
1 458
2 200
1 50
2 22
1 70
2 216
2 97
2 366
2 450
2 163
1 440
1 197
1 341
2 35
1 278
2 337
2 497
1 179
2 226
1 184
2 423
2 101
2 320
1 169
2 408
1 162
1 250
1 185
2 376
1 332
2 88
1 240
1 55
1 482
1 321
1 426
2 416
1 465
2 196
2 207
2 315
1 302
2 78
2 7
2 206
1 458
2 209
2 80
2 318
1 394
1 227
2 85
1 196
2 81
2 34
1 346
1 7
2 264
1 133
1 388
1 311
2 334
2 245
1 133
1 475
1 256
2 196
1 46
1 240
1 134
2 117
2 473
2 478
1 58
1 210
2 152
1 494
2 95
1 102
2 4
1 457
2 480
1 450
1 247
2 355
2 166
2 63
1 445
1 77
1 354
1 151
2 362
1 45
1 233
2 34
1 74
1 494
1 346
2 431
1 484
2 176
2 108
2 490
1 334
1 258
2 56
1 395
2 403
1 224
2 438
2 223
2 451
1 416
1 11
1 91
1 335
2 346
1 61
2 197
1 104
1 433
2 417
2 427
2 322
1 306
2 463
1 474
2 95
2 264
2 439
1 302
2 324
2 66
1 185
1 130
2 272
1 447
1 444
1 359
1 79
1 24
2 395
2 157
2 238
1 446
1 126
2 300
2 98
2 37
1 330
1 70
2 431
2 141
1 446
2 139
1 366
2 269
1 363
2 100
1 49
2 127
1 348
1 326
2 142
1 78
1 379
1 424
2 368
1 35
2 266
2 40
2 39
1 94
1 437
1 1
2 294
1 362
2 405
2 85
2 401
2 370
2 162
2 292
2 61
1 45
1 350
1 161
2 96
1 290
1 299
1 220
2 473
2 85
1 119
1 128
2 184
2 2
2 141
2 77
2 470
2 379
2 56
2 59
2 144
1 386
2 194
2 239
1 37
2 395
1 344
1 378
2 370
2 75
1 23
2 415
1 123
2 15
1 183
2 33
1 477
2 121
1 375
2 335
1 181
1 419
2 103
1 255
2 379
1 335
2 480
2 97
1 394
2 485
1 387
2 254
1 435
1 32
1 232
2 73
2 300
2 141
1 490
2 226
1 76
1 121
1 13
2 362
1 179
1 185
2 362
2 280
2 312
2 458
1 381
1 12
1 372
1 286
2 250
2 81
1 275
2 233
2 269
1 396
2 291
1 215
1 18
1 300
1 9
2 429
2 138
1 273
2 443
1 222
1 420
1 369
1 206
2 332
1 398
2 124
1 159
1 192
1 36
2 61
1 100
2 284
2 428
1 98
1 317
2 118
2 324
1 282
2 291
1 206
1 44
2 80
1 18
2 434
2 113
1 448
1 483
1 449
1 343
1 336
1 216
2 248
2 290
2 271
1 494
1 472
1 156
2 295
2 173
1 430
2 222
2 349
1 164
2 317
2 194
1 166
2 456
2 151
1 293
2 29
2 100
1 28
2 254
1 131
1 402
1 63
2 493
2 178
1 59
1 162
1 202
2 216
2 443
1 106
1 490
2 226
2 338
2 195
1 426
2 369
2 89
2 301
2 193
1 88
2 28
1 58
2 280
2 237
2 342
2 310
2 329
2 123
1 491
2 109
1 346
1 447
1 260
2 218
2 281
2 259
1 406
2 388
1 293
1 112
2 318
2 169
1 159
1 16
2 460
1 416
2 453
1 294
2 461
2 369
1 168
2 400
1 147
2 462
1 114
2 74
1 345
1 133
2 385
1 3
2 124
2 353
1 132
2 140
1 9
1 36
1 339
2 453
2 425
1 424
2 339
2 26
1 443
1 38
2 158
1 375
2 310
1 208
1 78
1 385
1 207
2 466
2 207
1 382
1 183
2 374
2 358
2 56
1 408
2 330
2 336
2 197
1 136
2 439
1 104
2 150
1 95
2 59
1 384
1 137
2 448
1 439
2 112
1 456
2 290
1 436
1 342
1 475
2 388
2 41
2 439
1 153
1 9
2 391
1 2
2 162
2 240
2 106
1 298
2 221
1 346
1 269
2 492
2 15
1 359
2 370
1 449
1 34
2 232
1 52
2 154
1 33
2 18
1 95
2 51
1 458
1 175
1 287
1 320
2 45
1 60
1 179
1 435
1 168
1 340
2 102
2 136
1 386
2 476
1 24
1 499
2 477
1 59
2 339
1 268
2 260
2 148
1 390
1 353
2 303
1 479
1 37
2 242
1 471
2 105
1 298
1 327
1 129
2 241
2 466
1 54
2 390
2 366
2 339
2 335
2 262
2 397
1 279
1 71
1 410
1 447
2 131
2 184
2 361
1 77
2 135
1 403
1 35
2 302
2 339
1 365
1 153
2 398
2 102
1 384
2 495
2 69
2 455
2 235
1 28
1 494
2 293
1 186
2 368
1 199
1 327
1 158
2 176
2 262
1 226
2 140
2 327
2 197
1 165
1 301
1 95
1 206
2 41
1 66
2 83
1 466
2 31
2 240
2 29
2 188
2 497
2 327
1 239
2 309
2 158
1 447
1 254
1 491
1 247
1 406
2 23
1 90
1 346
2 464
2 181
2 481
2 329
2 56
1 181
1 174
2 176
1 442
2 476
1 427
1 339
1 403
1 55
1 119
2 172
1 275
1 84
2 84
1 413
1 183
2 207
2 283
2 180
2 163
2 156
2 81
2 273
2 60
2 326
1 79
2 111
1 52
1 459
2 457
2 126
1 316
2 200
1 67
2 322
1 90
1 22
1 176
1 4
2 324
2 264
2 29
1 459
1 419
1 418
2 492
1 70
2 80
2 257
1 204
1 226
2 111
2 314
1 244
2 224
1 349
2 174
2 64
1 160
1 401
2 61
2 324
1 403
2 103
2 400
1 441
1 98
2 76
2 189
1 431
1 91
2 251
1 359
1 247
1 148
1 150
1 96
1 393
1 228
2 157
1 300
2 105
2 499
1 11
2 203
2 451
2 423
2 260
2 14
2 354
2 210
1 424
2 329
1 302
1 163
1 35
2 258
2 63
2 23
1 147
2 218
1 370
2 297
1 477
2 339
1 27
1 186
2 352
1 471
1 421
2 315
1 95
2 298
1 33
1 435
2 397
1 128
1 496
1 246
2 438
2 7
2 484
1 119
1 409
2 341
2 221
2 488
1 79
1 177
2 457
2 142
2 466
2 470
1 44
1 138
1 4
1 150
2 187
1 174
2 60
1 275
1 21
2 299
2 400
2 414
1 289
2 61
2 27
1 68
1 97
2 107
1 200
1 439
1 227
1 184
1 478
1 418
1 424
1 300
2 43
2 31
2 323
2 437
2 120
1 123
2 60
2 20
2 337
1 200
2 274
2 201
2 45
1 100
1 185
2 143
2 168
2 410
1 263
1 339
1 202
2 154
2 41
1 224
2 335
2 292
1 158
1 210
1 109
2 169
2 412
2 372
1 483
2 420
1 478
1 183
2 422
1 144
2 361
2 191
1 141
1 303
1 325
2 499
2 173
1 78
1 330
2 366
2 81
1 113
1 395
2 293
2 483
1 131
2 154
2 390
1 7
2 296
1 409
1 116
2 165
2 369
1 493
1 363
2 371
2 334
1 122
1 286
1 413
1 298
1 440
1 64
1 84
2 277
1 356
1 424
2 436
1 219
1 230
2 352
1 407
2 69
1 163
1 335
2 121
2 345
2 172
1 210
2 470
1 98
2 81
2 197
1 17
2 443
1 347
1 197
1 183
1 133
2 471
1 123
1 452
2 208
2 78
2 81
2 255
1 224
2 50
1 203
1 187
2 311
2 143
1 138
2 477
2 373
2 90
2 94
2 314
2 219
2 422
2 142
1 328
2 214
1 136
1 443
1 265
2 207
2 316
1 435
1 466
2 295
2 153
1 151
1 393
2 209
1 167
1 341
1 66
1 223
2 322
2 227
1 121
2 344
2 480
1 432
1 288
1 204
1 466
2 258
1 75
1 171
1 167
2 87
1 416
2 136
2 325
1 322
1 498
2 86
1 498
2 127
2 243
1 77
1 36
1 417
2 151
2 204
2 301
1 104
1 451
2 305
2 305
1 72
1 495
2 483
1 26
2 129
1 291
2 179
1 390
2 288
1 385
2 60
2 281
2 104
2 253
1 357
2 386
2 63
1 289
2 223
1 6
2 285
1 407
2 325
1 409
2 187
2 103
1 181
2 260
2 317
2 192
1 273
2 158
2 308
1 84
2 464
1 85
1 440
1 63
1 287
2 376
1 468
2 71
1 417
2 284
1 399
1 463
2 256
1 62
1 269
2 298
1 437
1 332
1 373
1 491
1 216
2 337
2 401
2 35
2 441
1 402
2 497
1 214
2 335
2 168
1 271
2 187
2 346
1 286
2 263
1 82
2 198
1 365
1 176
2 415
2 421
1 11
2 32
1 169
1 350
1 173
1 300
1 382
1 81
2 68
1 147
2 26
1 418
1 442
2 493
1 265
2 375
1 329
1 351
1 328
2 185
1 376
2 211
1 334
1 128
2 487
1 253
1 470
1 105
2 466
2 322
2 361
1 358
1 306
1 39
2 112
2 132
1 263
2 449
1 338
1 200
1 202
1 391
2 473
2 137
2 444
1 169
1 153
1 345
1 437
2 442
2 310
1 240
1 472
1 20
2 115
2 336
1 23
1 338
2 72
1 285
2 283
2 171
1 182
2 97
2 102
2 19
2 464
1 334
2 149
2 447
2 276
1 431
1 211
1 144
1 446
2 149
1 233
2 15
2 37
1 385
1 2
2 400
2 216
1 103
1 290
2 126
2 182
1 214
1 28
1 25
2 490
2 200
1 47
2 340
1 30
1 73
2 330
2 199
2 58
2 260
2 201
1 264
1 145
2 125
1 38
2 144
2 378
1 101
1 410
1 359
2 368
1 321
2 256
2 94
2 171
2 11
2 90
1 104
2 103
1 406
1 432
1 19
2 245
2 85
1 410
2 296
2 78
1 326
2 486
2 349
1 123
1 378
2 337
2 151
2 60
1 283
2 309
2 152
2 123
1 410
1 382
2 13
1 24
1 496
2 108
2 16
1 408
2 146
1 225
1 239
1 204
2 127
1 173
1 269
2 217
1 30
1 87
1 261
1 379
2 323
1 305
1 272
1 435
2 159
2 417
2 295
1 121
2 335
2 50
2 291
1 133
2 67
2 362
1 384
2 436
1 430
1 396
2 303
1 322
2 340
1 414
1 209
1 406
2 179
2 498
2 424
1 289
2 52
2 318
2 243
2 493
1 344
1 77
1 421
1 162
1 135
2 394
2 109
2 237
2 458
1 107
2 67
1 223
1 398
1 405
1 144
2 15
2 488
2 336
1 340
1 167
1 424
1 20
1 63
2 170
1 342
2 104
2 24
2 230
2 366
1 264
1 234
1 200
2 369
1 480
1 237
2 34
1 262
2 396
1 161
2 47
2 45
2 115
1 477
1 192
1 330
2 55
2 233
2 136
2 494
2 12
1 465
2 93
2 302
1 402
1 257
2 168
2 451
1 221
2 478
1 472
2 219
2 73
2 337
1 255
1 27
1 263
2 367
2 69
1 47
2 481
2 123
2 455
2 282
2 203
2 291
1 269
2 404
1 311
1 401
2 273
2 386
2 270
1 94
1 419
1 160
1 146
1 400
1 206
2 127
1 144
2 286
1 277
2 105
2 133
1 355
2 136
1 292
2 344
2 95
1 80
1 365
2 388
1 324
2 297
1 205
1 218
1 203
1 30
1 432
1 165
1 419
1 230
1 57
2 298
2 186
2 108
2 453
2 166
1 292
1 282
1 253
2 485
1 345
1 115
1 28
2 266
1 282
2 7
1 419
1 192
1 384
1 358
1 146
1 167
2 337
1 284
1 299
1 397
2 486
2 122
2 141
2 310
1 85
1 112
2 323
2 163
1 454
1 97
1 247
2 388
1 211
1 377
2 291
2 3
1 135
1 140
2 215
2 400
2 468
2 6
1 18
1 51
2 39
2 422
1 410
1 221
1 185
2 128
2 221
1 455
2 105
1 333
2 247
1 470
1 95
2 208
1 494
1 286
1 405
1 21
1 221
2 285
2 41
1 83
2 245
2 319
2 483
2 372
2 235
2 146
2 167
2 292
1 463
2 395
2 488
1 384
1 8
1 464
2 135
2 161
2 435
1 79
2 130
1 349
1 142
2 44
1 199
2 171
2 116
1 231
2 481
1 163
1 337
1 388
2 376
2 349
2 380
1 79
2 81
1 225
2 274
1 234
1 307
2 485
1 322
2 376
1 385
1 493
2 16
2 192
2 133
1 53
1 23
1 20
1 263
1 30
1 216
2 211
1 371
2 147
1 114
1 197
1 412
1 218
2 274
2 21
1 153
1 417
2 57
1 130
2 236
2 58
2 274
1 176
1 315
1 188
1 47
1 277
1 425
1 88
1 107
2 455
2 34
2 285
1 11
2 112
1 425
2 48
1 288
2 46
1 396
2 381
1 468
2 104
2 355
2 442
2 3
2 71
1 119
2 329
2 473
1 226
1 312
2 299
1 347
1 53
1 428
1 388
1 442
2 140
1 385
2 108
1 181
1 275
1 237
1 280
2 395
1 458
2 130
2 158
2 304
1 70
1 347
2 479
2 151
1 288
1 402
1 423
2 277
2 234
2 152
2 426
2 370
2 457
1 343
1 476
2 27
2 230
1 58
1 366
1 29
2 95
1 400
2 364
2 418
2 393
2 462
1 319
2 53
2 182
2 92
2 393
2 406
1 196
2 33
2 22
2 213
2 343
2 337
1 493
1 7
2 175
1 55
2 150
2 120
1 353
2 340
1 33
2 219
1 411
1 140
2 164
2 253
1 169
2 64
2 195
1 249
2 389
2 213
1 261
1 221
1 247
2 211
2 9
2 211
1 180
1 204
1 54
1 201
1 396
1 86
1 37
2 310
2 489
2 19
1 410
2 215
1 3
2 139
1 205
2 283
2 198
1 432
1 145
1 325
1 100
2 334
1 97
2 117
2 369
2 38
2 225
1 286
1 28
1 91
2 124
2 469
1 62
1 425
1 383
2 449
1 11
1 322
2 277
1 396
2 72
2 275
1 389
2 227
1 336
2 500
1 41
1 133
1 367
2 11
1 157
1 83
1 93
1 330
2 193
2 218
1 362
1 412
1 404
1 17
1 307
2 403
2 484
2 153
2 443
2 304
2 326
1 470
2 494
1 491
1 376
1 302
2 52
2 338
2 54
2 46
1 223
1 411
1 334
2 260
1 429
2 79
2 5
1 377
1 199
2 35
2 427
1 15
1 400
2 284
1 411
1 165
2 129
2 42
2 489
1 90
1 68
1 376
1 68
1 421
1 322
1 44
1 143
2 77
2 115
2 348
2 42
1 361
1 439
1 484
2 55
1 48
2 93
2 398
1 378
2 130
1 126
2 299
1 83
1 310
2 88
2 277
2 373
2 150
2 391
1 441
2 411
2 123
2 263
2 367
2 339
1 192
1 20
1 231
2 365
2 3
1 253
1 432
2 120
1 139
1 67
1 159
2 68
2 331
1 301
2 174
2 44
2 306
1 355
2 18
2 133
1 375
2 3
1 362
2 91
1 336
2 79
1 337
1 127
1 32
2 68
2 270
1 70
2 27
1 315
1 346
2 267
1 332
1 230
2 96
1 396
2 329
2 277
2 324
2 36
2 33
1 412
1 215
2 81
2 108
2 488
2 342
1 377
2 79
1 69
1 277
1 457
2 142
2 474
1 339
2 24
2 464
2 25
1 119
2 122
1 499
2 383
1 67
2 216
2 216
1 319
1 452
2 301
2 211
1 410
2 134
1 419
1 72
2 127
2 399
2 472
1 209
1 441
2 316
2 272
2 144
1 227
2 68
2 40
1 152
2 178
2 86
1 234
1 243
2 404
2 313
2 94
2 81
2 500
1 43
2 483
1 64
2 485
2 87
1 260
1 324
2 226
1 88
1 123
1 24
1 175
1 400
1 60
1 154
2 432
1 33
1 86
1 474
1 78
1 445
2 1
1 329
1 233
2 389
2 98
1 380
1 451
1 392
2 315
2 125
1 445
1 11
1 105
1 303
2 395
2 75
2 218
1 325
2 172
2 305
2 329
2 41
2 168
1 493
1 180
1 80
1 479
1 357
2 426
2 321
1 257
1 67
2 151
2 277
1 455
2 90
2 321
1 414
1 265
1 322
2 227
2 420
2 342
2 492
2 287
1 439
1 207
2 222
2 247
1 30
2 134
1 336
2 101
2 442
1 6
2 162
2 15
2 289
2 209
1 475
1 444
2 391
1 269
1 211
2 313
1 420
1 359
2 400
1 3
1 29
1 308
1 444
2 474
2 31
2 216
2 30
2 270
1 13
1 235
2 257
2 314
1 196
2 282
1 336
1 141
1 495
1 257
2 122
1 375
1 116
1 361
2 453
1 268
2 371
1 391
2 104
1 358
1 228
2 247
2 126
2 482
2 186
1 263
1 320
2 163
2 430
2 432
1 356
2 402
2 257
1 57
1 348
2 159
2 405
2 194
2 143
2 3
2 265
2 488
1 105
1 222
1 25
2 472
1 56
2 458
1 17
2 23
1 133
1 142
2 438
2 419
2 362
2 113
1 389
1 61
2 101
1 231
2 287
1 5
1 426
1 357
1 328
2 9
1 412
2 349
1 337
2 486
1 40
1 323
1 197
2 273
2 17
2 274
2 56
1 348
2 91
1 127
2 286
2 82
1 137
1 251
1 49
1 23
1 185
1 367
2 432
2 29
1 345
1 454
1 431
2 85
1 208
2 144
1 49
2 43
1 7
2 363
2 232
2 346
1 434
1 148
1 55
1 165
2 330
2 151
1 123
2 485
2 149
1 176
2 205
1 86
2 214
1 469
2 185
1 212
1 229
2 335
2 238
1 182
2 470
1 31
1 270
2 274
1 495
2 466
2 18
1 261
2 499
2 379
2 394
1 5
1 152
2 257
1 190
1 308
2 473
1 103
1 205
1 11
2 325
1 249
1 27
2 277
1 89
2 264
1 97
1 307
1 107
2 489
1 352
2 307
1 190
2 269
1 136
2 296
1 107
1 6
2 404
1 362
1 140
1 29
1 245
1 188
2 250
1 351
1 28
2 129
1 269
1 463
1 28
2 420
1 154
2 471
1 410
1 105
2 161
1 489
1 469
1 460
1 55
1 171
2 170
1 152
1 401
1 398
1 224
2 266
1 93
1 139
1 419
2 402
1 376
1 337
1 417
1 266
1 310
1 406
2 439
2 121
2 22
1 323
1 334
1 475
1 175
2 279
2 207
1 376
2 422
1 130
1 212
2 161
2 183
1 351
2 474
2 16
1 340
1 93
2 425
2 302
2 383
1 247
2 464
2 227
2 38
2 426
2 455
2 121
2 208
1 462
1 146
2 29
1 314
2 10
1 391
1 392
2 95
1 65
1 112
1 146
1 500
1 102
1 214
2 295
2 398
1 454
2 84
1 380
2 306
1 190
1 405
2 468
2 70
2 261
1 176
1 183
2 181
1 332
1 358
1 19
2 233
1 150
1 306
2 416
2 270
2 159
1 37
1 25
2 362
2 140
2 42
1 415
2 457
2 320
2 224
1 273
2 162
1 124
2 303
1 281
1 496
2 450
2 417
1 343
1 110
1 167
2 7
2 77
2 179
2 333
2 438
1 211
2 379
1 269
2 225
1 457
2 488
1 309
1 231
2 34
1 336
1 194
1 484
2 8
2 371
2 269
1 446
2 259
1 164
2 209
2 76
2 313
1 422
2 171
1 123
1 343
1 107
1 299
2 158
1 309
1 498
2 336
2 407
1 471
1 472
2 310
1 47
1 315
1 94
2 323
1 393
2 173
2 404
2 293
1 481
2 293
1 29
1 125
2 425
2 357
2 329
1 296
2 492
1 46
2 446
1 5
1 88
2 189
2 352
2 256
1 434
2 13
1 28
2 249
2 435
2 201
2 474
1 489
2 457
1 106
1 105
1 92
1 286
1 387
2 464
1 172
2 42
2 211
1 321
2 374
1 267
1 370
1 421
2 261
2 244
1 130
2 475
2 244
1 204
1 101
1 124
1 268
2 456
1 86
2 140
2 236
1 384
2 202
1 315
1 32
2 327
1 259
2 86
1 264
1 484
1 13
2 488
1 271
2 110
2 275
2 19
1 359
2 319
1 410
2 373
1 43
2 307
2 203
1 155
1 237
1 34
2 96
2 29
1 167
1 74
1 90
2 155
1 347
2 211
1 458
2 49
1 485
2 5
2 451
2 357
2 148
1 288
2 114
1 460
1 157
1 425
1 330
1 398
1 404
1 135
2 395
1 65
2 242
2 270
1 79
1 83
1 219
1 172
1 37
2 463
2 368
1 142
2 319
2 224
1 351
2 287
2 246
2 179
2 271
1 383
2 277
2 426
2 186
2 326
1 79
2 118
2 28
2 495
1 150
2 419
1 281
2 448
1 259
1 216
2 426
1 81
1 414
1 197
2 306
1 172
2 14
2 35
2 400
2 386
2 451
2 400
2 65
2 460
1 324
1 408
2 125
2 303
2 346
2 489
1 224
2 240
1 301
1 130
1 302
1 100
2 24
2 187
1 49
2 467
2 174
2 473
1 363
2 188
1 477
2 63
2 41
1 142
2 75
2 393
2 138
1 333
2 195
2 453
2 17
2 467
1 145
1 340
2 418
2 419
2 407
2 299
2 135
1 140
2 62
1 141
1 227
2 212
2 344
1 16
1 287
1 254
2 125
2 142
2 323
1 141
1 244
2 28
1 230
2 291
2 50
2 342
2 108
1 49
2 421
1 14
2 398
2 490
1 211
2 416
1 394
1 115
2 346
1 219
2 309
2 70
1 291
2 338
1 464
2 52
2 302
1 443
2 184
1 425
2 266
1 132
2 248
1 500
2 239
1 372
2 78
2 461
1 203
1 470
2 36
2 403
1 438
2 92
1 333
1 220
1 208
2 461
2 448
1 103
1 29
1 289
1 266
2 325
2 398
1 487
1 315
2 123
1 437
1 225
2 82
1 219
2 146
2 299
2 342
2 335
1 227
2 475
1 223
2 312
1 445
1 405
2 390
2 214
2 445
2 299
1 86
2 18
1 399
1 380
1 68
1 109
1 188
2 490
1 234
2 234
1 303
1 140
1 369
2 74
2 143
2 190
2 241
2 312
1 226
2 231
2 257
1 291
1 274
1 410
2 284
2 388
1 484
2 482
1 380
2 16
1 279
2 102
1 115
2 11
1 308
2 337
1 432
2 359
1 258
1 416
2 262
1 479
1 182
1 449
2 366
2 435
2 21
1 16
1 153
1 179
1 470
2 375
1 493
2 311
1 353
1 495
1 233
2 63
2 136
1 327
2 328
2 349
1 353
1 39
2 93
1 316
2 84
1 168
2 274
1 30
1 407
1 296
1 200
1 406
2 221
1 188
1 49
1 452
2 104
1 257
1 59
1 462
2 261
2 423
1 458
1 364
2 180
2 4
2 16
2 214
2 344
2 340
1 140
2 144
2 485
1 291
2 471
1 389
2 381
2 469
1 115
1 54
1 490
2 24
2 21
2 297
2 341
2 460
2 131
1 223
2 355
2 10
1 117
1 260
2 61
1 38
2 411
1 172
1 352
2 257
2 136
2 89
1 393
1 308
1 3
2 490
1 247
2 35
2 101
1 211
2 226
2 39
1 44
1 388
2 108
1 471
2 400
2 71
2 459
1 168
2 112
2 170
2 360
1 73
1 54
1 472
2 384
1 414
2 71
2 25
1 148
1 125
1 406
2 192
1 276
2 29
1 367
1 450
1 458
1 389
2 305
1 289
1 73
1 318
2 207
2 25
1 338
2 401
2 47
1 459
1 302
2 413
2 388
1 98
2 384
2 355
1 50
2 80
2 49
2 469
2 91
2 108
1 345
2 23
2 304
2 65
1 171
2 478
1 191
2 255
1 265
2 465
2 456
1 141
1 145
2 258
2 454
2 367
1 77
2 41
2 73
2 338
2 433
2 4
2 241
1 400
1 219
2 172
1 260
1 29
1 272
1 343
2 354
2 227
2 301
2 163
2 75
1 171
2 18
1 334
1 284
2 115
1 449
1 27
2 301
2 316
2 192
1 1
2 70
2 327
1 197
2 298
2 44
1 482
2 494
2 319
2 251
2 130
1 423
1 260
2 414
2 499
2 437
1 353
1 78
1 80
2 372
2 249
1 197
1 328
1 100
1 318
2 283
2 402
2 306
2 131
2 439
1 27
2 129
2 85
1 410
1 36
1 244
2 401
1 218
1 333
1 226
1 20
1 300
2 416
2 285
1 27
2 175
2 302
2 284
1 65
2 401
1 178
1 88
1 288
1 158
1 327
2 122
1 242
2 470
2 378
1 54
1 180
2 309
2 235
1 218
2 488
1 103
1 466
1 447
2 199
1 224
2 338
2 222
2 118
2 87
2 148
2 102
1 221
1 160
2 205
1 458
2 199
1 210
1 453
1 268
1 112
1 176
2 40
1 380
2 292
1 355
1 106
2 119
1 218
1 133
2 7
1 467
1 205
1 73
2 35
2 160
1 36
1 299
2 437
1 84
1 495
1 19
2 394
2 278
1 267
1 386
2 55
1 182
2 83
2 268
2 447
2 467
1 466
2 408
1 442
2 482
1 281
1 388
1 341
1 489
2 131
1 83
1 429
2 296
2 371
2 480
2 194
1 2
2 62
2 413
2 252
1 142
1 97
1 57
2 399
1 395
2 271
1 66
1 94
1 414
1 128
2 132
2 190
2 332
2 393
1 457
1 341
2 27
2 480
1 226
1 481
1 110
2 449
1 154
1 241
1 357
1 312
1 393
1 324
1 456
2 171
2 212
2 363
2 299
1 174
1 71
1 496
1 460
1 59
1 42
2 385
1 371
1 90
2 401
2 190
2 481
1 473
2 222
2 283
1 28
1 396
1 313
2 481
1 390
1 89
2 42
2 181
1 169
1 378
2 34
2 481
2 130
2 59
2 491
2 75
1 148
1 319
1 64
1 83
2 43
1 88
1 144
1 348
1 389
2 437
1 496
2 140
2 74
1 180
1 38
1 434
2 427
1 496
1 255
2 146
2 454
2 381
2 352
1 465
1 156
2 366
2 21
2 128
1 55
2 158
1 412
2 129
1 194
1 179
2 258
1 245
2 409
2 12
1 408
1 204
1 80
2 214
1 277
2 194
2 499
2 127
1 293
2 99
1 82
2 286
1 305
2 254
2 359
2 176
2 92
2 182
2 151
2 123
1 236
1 110
1 222
1 496
1 194
1 351
1 223
2 319
2 19
1 91
2 189
1 347
1 497
1 155
2 275
2 426
1 148
1 447
2 475
1 382
2 388
1 296
1 72
1 488
1 37
1 23
2 195
2 209
2 249
2 338
2 343
2 236
1 150
1 210
2 476
2 145
2 26
1 176
1 257
2 391
2 240
2 222
1 486
1 477
1 496
1 460
1 280
2 179
1 80
1 258
2 330
1 121
2 45
1 156
2 458
2 297
2 163
1 335
1 299
2 233
1 180
1 335
2 238
2 92
1 104
2 224
2 454
2 344
1 492
2 150
1 397
2 202
1 316
1 59
2 50
1 112
2 335
2 392
2 163
2 94
2 36
2 403
2 365
1 339
2 97
1 10
2 286
2 256
1 99
2 420
1 310
2 81
1 181
1 420
1 306
2 314
2 34
1 182
1 166
1 106
1 211
2 106
2 326
1 302
1 380
2 423
2 455
2 184
1 326
1 331
1 320
1 324
2 63
2 103
1 228
1 341
2 323
2 139
1 12
1 275
2 364
2 431
1 404
1 305
2 421
2 212
2 482
1 93
2 392
2 124
1 255
2 410
2 263
1 428
1 191
1 368
1 454
1 223
2 263
1 438
1 218
2 424
1 388
1 448
1 415
2 251
2 239
1 449
2 59
1 478
2 281
2 154
1 494
1 443
2 459
1 292
2 232
2 80
1 286
2 251
1 301
2 220
1 364
1 244
1 247
1 22
2 270
2 113
1 254
2 372
2 138
2 241
2 433
1 192
1 198
1 270
1 146
2 241
2 9
2 430
2 262
2 486
2 329
1 146
2 356
2 147
2 235
2 65
2 58
2 237
2 50
1 456
1 346
2 56
1 385
1 313
1 140
1 28
2 247
1 51
1 246
2 298
2 435
1 147
1 470
2 450
1 240
2 67
1 453
1 143
2 311
2 186
2 104
1 271
1 91
2 155
1 221
1 316
2 166
2 350
2 49
2 154
2 55
1 78
1 46
1 196
1 27
1 158
1 447
1 184
2 100
1 224
1 142
1 326
2 206
2 293
1 325
2 246
1 370
2 387
2 395
1 123
2 167
1 402
2 60
2 1
2 275
2 479
1 116
1 74
2 331
1 278
2 164
1 386
1 198
1 152
1 58
1 364
1 406
1 189
2 202
2 475
1 265
2 243
1 109
1 404
2 34
1 149
2 57
2 82
1 10
1 198
2 359
2 495
1 178
2 80
1 75
2 207
1 359
1 423
2 117
2 461
1 360
1 347
1 496
1 21
2 365
1 424
1 131
1 339
1 304
2 391
1 177
1 421
2 399
1 206
2 22
1 165
2 479
2 296
1 494
1 331
2 386
1 82
1 375
1 27
1 394
1 407
1 367
1 309
2 375
1 131
1 383
2 128
1 361
2 39
2 442
2 213
2 326
1 46
1 269
2 81
2 194
1 84
1 19
1 28
2 257
1 140
1 9
2 205
2 245
2 223
1 316
2 217
2 284
1 193
2 186
2 215
2 464
1 142
1 42
2 78
1 179
2 493
2 187
2 407
2 144
1 469
2 268
2 451
1 298
2 456
1 120
1 66
2 171
1 269
1 376
1 66
1 415
1 444
2 459
2 384
1 184
1 412
2 240
1 206
2 209
2 224
1 182
1 114
2 349
1 268
1 228
2 334
1 243
2 94
2 331
2 154
1 32
2 169
2 130
1 364
1 35
2 369
1 80
2 272
1 364
1 208
2 224
2 84
1 21
1 18
1 6
2 217
1 291
2 12
2 259
2 110
2 314
2 64
2 313
1 25
1 227
1 471
1 124
1 120
1 231
2 347
2 12
1 126
1 300
2 74
1 364
1 54
2 366
1 273
1 305
2 57
2 232
2 332
2 81
2 351
2 292
2 399
2 112
1 456
1 13
1 321
1 417
2 256
1 344
1 163
1 29
2 30
1 450
2 467
1 16
2 44
2 217
2 313
2 318
1 240
1 149
1 57
2 138
1 50
2 44
1 332
1 135
2 183
1 278
2 317
2 21
1 303
1 154
2 66
1 234
2 5
2 420
1 151
1 77
2 242
1 264
1 43
1 490
1 333
2 430
2 263
2 361
2 188
1 31
2 189
2 113
1 351
1 107
2 441
2 201
2 155
2 460
2 214
2 126
2 68
1 399
1 358
2 99
2 477
2 353
2 97
2 210
2 348
1 448
2 351
1 175
2 316
1 405
1 286
2 280
2 290
1 387
2 141
2 395
2 317
2 133
1 63
2 360
1 10
2 50
1 159
1 420
1 413
2 355
2 59
1 255
1 16
2 346
1 329
1 476
1 338
1 59
1 302
1 161
1 429
2 375
2 490
2 412
2 323
2 453
2 104
2 80
2 200
2 478
1 368
2 25
2 413
2 308
1 205
1 229
2 234
1 71
1 102
1 478
1 452
1 304
1 488
2 378
2 11
1 67
1 308
2 138
1 26
2 286
1 116
1 362
1 469
1 425
1 469
1 493
2 183
1 180
1 234
2 209
1 264
2 325
1 217
1 495
1 110
1 323
1 146
1 279
1 319
2 36
1 308
1 412
1 380
2 159
2 351
2 209
2 345
2 390
1 199
1 155
1 164
1 237
2 13
2 274
1 421
2 175
1 189
1 69
1 380
1 32
1 298
1 196
2 125
2 56
2 469
1 186
1 391
2 292
1 141
2 439
1 226
2 493
1 402
1 185
2 141
1 362
1 308
1 284
1 494
2 458
1 253
2 297
2 417
1 398
1 357
1 323
1 152
2 51
2 228
2 333
1 302
2 10
2 104
2 392
2 484
2 263
1 344
2 378
1 351
1 21
2 315
2 492
2 10
1 19
2 128
1 309
2 250
1 390
2 462
2 153
2 334
2 32
2 178
1 140
1 389
2 86
2 207
2 21
1 470
1 157
2 243
2 229
1 134
1 48
2 103
1 392
1 467
2 316
1 184
2 23
1 319
1 479
1 388
2 93
2 38
2 157
1 65
2 327
1 207
1 145
2 74
1 96
1 458
2 387
1 69
2 269
1 368
2 265
2 246
2 463
2 310
2 119
1 207
2 424
2 319
1 73
1 455
1 135
1 282
2 109
2 281
1 238
1 124
1 402
2 210
1 356
2 186
1 245
1 122
1 305
1 439
2 35
2 249
2 8
1 393
2 380
2 494
2 320
2 470
2 190
1 288
2 402
2 222
1 365
2 17
2 135
2 397
2 199
2 190
2 27
1 175
1 255
1 375
1 136
1 499
2 227
1 221
2 111
1 126
2 489
2 495
2 449
2 143
1 240
1 58
1 266
1 23
1 251
2 149
1 445
2 63
2 137
2 151
2 281
2 73
2 271
2 243
2 161
2 422
1 69
2 369
1 414
1 57
1 140
2 254
1 204
1 107
1 302
2 438
1 237
1 202
2 428
1 430
1 329
2 192
2 34
1 434
2 303
1 315
2 398
1 230
2 235
1 144
1 445
2 322
2 442
2 40
2 467
2 161
2 23
1 247
1 115
1 59
1 21
2 64
1 292
2 371
1 481
1 265
2 95
1 309
1 109
1 109
2 20
2 425
2 324
2 154
1 350
1 411
1 436
1 139
2 471
2 456
2 375
2 79
2 158
2 208
1 291
1 44
1 436
1 56
2 490
1 253
2 125
2 60
2 341
2 343
2 411
2 465
2 371
2 105
1 133
2 146
2 480
2 85
1 9
1 230
1 405
1 189
1 349
1 294
2 150
1 351
2 286
2 345
1 209
1 388
2 114
2 116
2 73
1 212
2 43
1 431
1 127
2 181
2 70
1 163
1 461
2 132
2 179
1 106
2 277
2 432
1 377
2 187
1 450
1 382
1 43
1 143
1 134
2 144
1 148
2 423
2 23
1 411
1 381
1 292
1 361
2 251
2 121
2 38
1 391
1 414
2 435
1 454
2 231
1 272
1 108
1 42
1 451
1 35
2 320
2 340
1 253
2 120
1 83
1 147
2 281
1 258
2 320
2 135
1 160
1 483
2 155
2 101
2 476
2 436
2 165
2 178
1 421
1 495
1 307
2 328
2 405
2 153
1 148
1 477
2 397
2 278
1 335
1 8
2 364
2 309
2 422
2 150
1 284
1 345
1 488
2 28
1 461
1 319
1 319
2 119
1 106
1 323
1 273
1 454
1 273
2 16
1 101
2 387
1 160
1 325
1 108
1 243
1 383
1 28
1 208
1 473
2 393
2 309
2 124
1 300
1 376
1 293
1 332
1 211
1 263
2 343
1 238
2 141
2 498
1 174
1 17
1 74
2 440
1 73
2 496
2 311
2 392
2 199
2 282
2 66
1 296
1 469
2 345
1 153
1 129
1 251
1 323
2 406
1 206
2 177
2 407
2 424
1 441
1 372
2 382
1 322
2 197
2 62
2 400
1 235
1 244
2 377
1 309
2 32
2 317
1 271
2 46
1 372
1 19
2 412
2 32
1 281
2 24
1 121
2 260
2 6
2 192
2 124
1 369
2 70
2 362
2 259
2 386
1 245
2 372
1 157
1 241
2 484
1 131
1 390
1 163
1 448
1 130
2 409
1 226
2 386
2 171
1 198
1 125
1 460
1 301
1 103
1 405
1 9
2 246
2 128
1 146
2 465
2 497
2 328
1 203
2 13
2 208
1 429
1 3
1 383
2 208
1 48
1 275
2 202
1 307
2 279
1 107
2 282
2 468
2 29
1 173
2 395
1 102
2 415
1 266
2 110
2 134
1 288
2 66
2 280
1 169
2 379
2 5
1 230
1 268
1 346
1 150
1 171
2 118
2 410
2 233
2 208
2 380
2 479
2 188
1 372
1 372
1 483
2 409
1 52
1 173
2 467
1 192
2 128
2 73
2 192
1 407
2 376
2 97
1 435
1 167
2 492
2 56
1 267
2 241
1 344
2 419
2 290
1 299
2 419
1 305
1 381
2 212
1 201
1 165
1 444
2 146
2 369
2 112
2 369
1 305
2 468
2 375
2 184
2 377
1 396
2 415
1 95
1 235
1 286
2 135
2 230
1 367
1 184
1 85
2 33
2 117
1 463
2 460
1 15
1 100
2 368
1 38
1 492
2 109
2 23
2 357
1 226
2 54
1 52
1 314
1 378
1 435
1 272
1 337
1 433
1 48
1 302
1 113
2 62
1 69
1 168
2 40
1 499
2 303
1 82
1 485
2 397
2 150
1 16
1 305
1 274
2 99
2 290
2 219
2 284
2 286
1 267
2 345
2 269
2 166
1 466
1 160
1 420
2 381
2 499
2 234
1 389
1 50
1 42
1 84
1 110
1 129
1 46
2 492
2 323
2 16
1 158
1 1
2 188
2 363
1 417
1 309
1 279
1 39
1 329
2 349
1 344
2 165
2 5
1 407
2 312
2 466
2 154
1 397
2 198
2 27
2 58
2 476
1 397
1 360
2 488
1 367
2 389
2 424
2 39
1 72
1 308
2 23
2 207
2 154
1 30
1 74
2 70
2 275
1 415
1 43
1 193
2 437
2 291
1 326
2 245
2 383
2 137
2 365
2 323
1 303
1 253
1 143
2 277
2 288
2 402
1 444
1 442
1 379
2 443
1 265
1 304
2 92
1 51
1 487
1 178
2 281
1 164
2 104
1 191
1 482
1 425
1 390
2 9
1 155
1 175
2 491
1 418
1 269
1 389
2 45
1 43
1 200
2 100
2 350
2 398
1 86
2 109
2 393
2 446
2 420
1 169
1 449
1 491
1 406
1 472
1 1
2 127
1 425
2 207
1 221
1 457
1 130
2 485
1 34
1 272
2 254
2 363
1 378
2 271
2 288
2 85
2 461
2 44
2 141
1 362
2 58
2 19
2 383
2 413
1 488
1 221
2 476
2 147
1 139
2 488
2 363
1 271
2 487
1 411
2 416
2 192
2 91
1 11
2 416
2 93
2 459
2 496
1 247
1 139
2 410
2 367
2 50
2 447
1 451
1 367
1 482
1 42
1 119
1 100
1 327
1 140
2 356
2 70
1 480
2 43
1 187
2 366
1 398
1 124
1 373
1 417
1 399
1 129
2 361
2 254
2 272
2 323
1 232
2 81
2 305
2 304
2 236
2 78
2 333
2 332
2 42
1 411
1 409
2 160
2 119
2 308
2 10
1 222
2 226
1 155
1 129
2 224
1 127
1 496
2 206
2 16
1 130
1 39
1 316
2 306
2 315
2 381
1 447
1 416
1 255
2 406
2 381
2 246
2 486
2 318
1 123
2 291
1 110
2 289
2 231
2 415
1 411
2 369
2 396
2 381
2 59
1 385
2 470
2 445
1 427
1 147
1 298
2 153
2 469
1 36
1 240
1 97
1 97
2 359
1 305
2 346
2 228
2 301
2 65
1 4
2 63
1 392
2 142
2 119
2 338
1 14
2 308
1 430
1 278
1 99
2 378
2 297
2 27
1 358
2 47
2 433
2 67
2 469
1 73
1 170
1 445
2 190
1 144
2 359
1 407
1 208
1 254
1 445
1 453
1 74
2 14
1 108
1 34
1 140
1 367
2 367
1 492
1 267
2 27
1 260
2 435
2 420
1 175
1 171
2 17
1 478
2 453
2 314
2 364
2 296
2 262
2 246
2 70
1 91
1 341
2 380
2 21
1 166
2 15
1 174
1 431
2 266
1 439
2 74
1 32
2 384
2 383
2 397
2 345
2 400
2 41
1 312
1 283
2 108
2 313
2 32
2 135
2 478
2 228
2 79
2 420
1 403
1 295
2 106
2 489
1 323
1 489
1 443
2 111
1 271
2 35
2 17
2 451
2 298
1 249
1 140
1 189
1 174
2 396
2 473
2 488
1 118
1 281
1 450
2 313
2 165
2 375
1 220
2 232
2 59
1 244
1 352
1 444
2 267
2 155
2 75
2 34
1 322
2 103
1 409
1 196
1 114
1 311
2 98
1 201
1 373
1 206
1 228
2 100
1 339
2 84
1 249
1 457
1 136
1 45
1 327
1 469
1 161
2 125
2 172
2 118
2 473
2 120
1 323
1 397
1 326
1 427
1 449
2 347
1 442
1 480
1 335
1 60
1 227
1 458
1 212
2 294
1 102
1 87
1 485
2 437
1 463
2 87
2 98
2 347
2 28
1 11
2 125
1 210
2 105
2 453
1 297
1 204
1 11
1 174
2 125
1 8
2 325
1 201
1 379
2 164
1 224
1 120
2 95
2 403
2 199
2 219
1 453
1 245
2 415
1 162
2 380
2 329
1 115
1 329
2 428
1 250
1 18
1 352
1 402
1 163
2 461
2 300
2 6
1 227
1 462
1 311
2 409
2 248
2 168
1 219
1 271
1 99
1 41
1 104
2 407
1 247
2 350
1 131
2 89
1 478
1 97
1 446
2 279
2 231
1 472
2 245
2 121
2 86
2 348
2 307
2 158
2 325
2 450
1 65
2 165
2 144
2 34
1 322
1 134
1 462
1 205
1 52
2 253
2 189
1 30
1 58
2 400
2 398
1 190
1 92
1 208
2 170
1 324
2 405
1 395
1 267
2 276
1 127
1 158
2 331
2 162
2 78
1 123
2 115
1 288
1 17
1 292
1 441
1 29
2 277
2 63
2 225
1 64
2 69
2 17
2 112
2 139
2 444
2 15
1 72
1 319
1 1
1 478
2 429
1 138
2 132
1 451
1 241
1 58
2 439
1 411
1 456
1 442
2 162
1 12
1 461
1 377
1 292
1 106
1 63
2 277
1 146
2 401
1 445
1 250
2 236
2 136
2 62
2 294
2 236
2 308
1 487
2 9
1 390
2 349
2 209
2 498
2 56
2 296
1 208
1 86
2 206
2 486
2 353
2 341
1 287
2 283
2 37
1 402
1 110
2 230
1 79
1 376
1 478
1 337
2 69
1 332
1 198
2 244
1 299
1 137
2 436
1 210
1 415
2 250
1 65
2 193
1 410
2 129
2 92
1 128
1 91
2 285
2 127
1 190
2 315
2 361
2 98
1 74
1 385
2 387
2 6
2 296
2 499
2 358
1 94
2 101
1 443
2 176
2 116
1 345
2 44
2 33
2 331
1 4
2 429
1 367
1 468
2 52
2 439
2 408
1 393
2 419
2 449
2 107
2 312
2 199
2 360
2 347
1 336
1 256
1 91
1 401
1 136
2 228
1 65
1 309
1 200
1 496
1 26
2 64
2 405
1 395
1 344
2 305
1 294
1 295
1 386
1 145
2 204
2 299
1 212
2 281
2 186
2 58
2 231
1 399
2 87
2 103
2 237
2 462
1 23
1 265
1 155
1 132
1 282
1 182
2 389
1 255
1 90
1 137
1 137
2 159
1 32
2 6
1 223
2 150
2 74
1 4
2 323
1 142
1 417
2 300
2 285
1 231
1 218
2 46
1 457
1 281
1 20
1 108
1 104
2 191
1 170
1 110
2 33
2 300
1 426
1 458
1 5
1 83
1 258
1 280
2 387
1 54
1 50
2 500
2 417
1 34
2 235
2 283
1 98
1 69
2 33
1 232
1 66
1 463
2 498
1 389
1 6
2 290
2 455
2 411
1 182
2 162
1 291
1 387
1 377
2 410
1 333
2 299
1 159
2 424
1 355
2 391
1 459
1 118
2 172
1 340
2 176
2 473
2 148
2 206
2 166
1 286
1 460
1 99
1 196
1 125
1 38
1 113
1 399
1 113
2 462
1 127
2 305
2 307
1 310
2 180
2 480
2 324
2 252
1 261
1 295
2 53
2 104
1 32
2 99
1 277
1 448
2 401
1 206
2 259
2 71
2 193
1 255
1 193
2 289
2 158
2 189
1 471
2 227
2 499
1 498
2 89
2 29
2 252
1 400
2 100
1 449
1 224
2 159
1 61
2 220
1 86
1 280
1 404
1 410
1 35
1 28
1 204
2 316
1 142
2 318
1 37
1 385
1 172
1 27
2 194
1 154
2 357
2 187
2 143
1 366
2 355
1 4
2 450
1 218
2 34
2 184
1 4
2 181
2 316
2 259
2 8
2 492
2 197
1 329
2 477
1 220
1 439
2 94
1 42
2 183
1 49
1 349
1 138
1 226
2 292
2 166
1 249
2 16
2 390
1 488
1 389
2 49
1 281
1 419
2 156
2 102
1 319
1 107
1 183
2 261
2 21
1 274
2 286
2 417
2 484
1 392
1 462
2 403
2 138
1 417
1 422
1 349
1 171
1 400
1 492
1 32
1 289
2 132
1 297
1 452
1 304
2 355
2 487
1 211
2 79
2 270
1 348
1 444
2 129
2 76
1 206
2 335
1 263
1 271
2 218
1 190
2 268
1 137
2 301
1 83
2 326
1 83
1 173
1 396
1 72
2 273
2 429
1 474
2 425
1 249
1 317
1 14
1 333
2 190
1 202
1 216
2 475
1 52
1 27
2 153
1 269
2 78
2 384
2 239
2 146
2 302
1 128
1 398
2 170
2 446
2 63
2 249
2 311
2 388
2 451
1 139
1 317
1 120
1 471
2 360
1 197
1 430
2 33
2 137
1 117
1 424
2 446
1 68
1 176
2 445
2 347
2 50
2 2
2 214
1 379
1 440
1 291
2 104
2 47
1 376
2 25
2 46
1 322
2 78
1 271
1 476
2 308
2 335
2 45
2 133
1 326
1 203
1 292
1 142
1 397
2 204
2 167
2 242
1 65
2 189
1 192
1 156
2 392
2 160
2 243
1 64
1 215
1 387
1 71
1 343
2 248
1 239
1 499
1 105
2 151
1 250
1 161
1 45
2 100
1 193
1 347
1 261
2 373
2 66
2 378
1 261
2 157
2 390
2 182
1 70
1 491
2 230
1 280
1 408
2 329
1 72
2 59
1 235
2 182
1 225
2 411
2 35
2 187
1 426
1 474
2 256
1 17
2 319
2 110
1 27
1 29
2 464
2 486
1 221
1 201
2 430
2 281
2 381
2 444
1 391
2 152
1 381
2 482
2 169
2 129
2 380
2 497
2 300
2 392
1 354
1 465
2 54
2 451
1 268
2 444
1 311
2 155
2 467
1 94
2 78
1 34
2 434
1 299
2 364
1 253
2 133
2 204
1 17
1 175
1 400
1 293
2 65
2 105
2 434
1 370
2 123
2 467
2 284
2 141
1 306
2 420
1 313
2 327
1 129
1 465
1 471
1 90
2 56
2 122
1 244
2 352
2 245
2 127
1 287
2 231
2 12
2 86
1 125
2 5
2 118
1 281
1 227
1 327
1 416
1 475
1 438
2 378
1 349
1 265
2 474
1 431
2 350
2 161
1 133
2 79
1 486
2 189
1 80
2 50
1 462
1 7
2 202
1 136
1 91
2 37
1 100
2 401
2 187
2 274
2 429
1 272
2 62
2 182
1 327
2 341
2 107
2 391
1 286
2 210
1 279
1 291
1 268
2 30
2 307
2 477
1 7
2 206
1 61
2 413
2 322
2 27
1 155
1 87
1 296
1 167
1 245
1 155
2 204
1 319
2 338
2 98
1 395
2 264
2 41
1 194
1 133
1 141
2 137
1 79
1 227
2 209
1 406
2 336
1 398
1 120
1 300
2 79
2 223
1 353
2 222
1 477
1 118
2 344
1 196
1 390
2 19
1 246
1 461
2 385
1 86
1 93
2 424
1 283
1 217
1 261
1 385
2 495
1 205
2 108
2 464
2 27
1 94
1 258
1 204
1 264
2 350
1 377
2 83
1 271
1 499
2 441
2 267
1 385
2 478
1 75
2 340
2 275
2 224
1 339
2 25
1 67
1 13
1 499
1 307
2 247
2 151
2 39
2 474
2 91
2 118
1 244
2 118
1 242
1 401
1 472
2 237
2 3
2 186
2 196
1 473
1 148
2 481
1 391
1 461
2 109
1 350
1 387
1 221
1 13
2 411
1 397
2 226
2 395
2 251
2 254
2 384
2 197
1 87
2 22
2 272
1 328
2 333
1 440
2 193
1 25
2 288
2 249
2 172
1 276
1 438
2 349
2 430
2 389
1 336
1 118
2 391
2 79
2 159
2 127
2 174
2 306
2 423
1 178
1 253
2 368
1 333
1 363
1 112
2 481
2 12
1 257
1 395
1 476
2 58
1 107
2 456
1 44
1 170
2 472
1 25
2 112
2 258
1 471
2 428
2 20
2 253
1 44
2 463
2 403
1 324
2 103
2 421
1 8
1 70
2 363
1 373
1 302
1 151
1 499
1 279
1 220
2 145
2 381
1 133
2 331
1 143
2 438
2 282
1 4
2 480
2 296
2 192
1 482
2 73
1 124
2 201
1 233
1 458
2 157
2 99
2 398
1 272
1 156
2 485
1 404
1 230
2 316
2 500
1 467
2 481
2 423
1 286
1 379
2 472
2 185
2 373
2 312
1 270
2 197
1 330
1 69
2 2
2 332
1 386
1 74
1 240
1 399
2 207
2 120
2 15
1 453
1 238
1 383
2 434
2 316
1 382
2 322
1 473
2 237
1 451
1 427
1 361
1 419
1 306
1 450
2 45
1 412
2 17
1 493
1 225
2 213
1 397
2 193
2 187
2 430
2 294
1 31
2 33
2 74
2 190
2 215
1 424
1 368
1 271
2 241
2 373
1 305
2 488
2 489
1 130
1 367
2 125
2 77
1 49
1 52
1 376
1 471
2 243
2 90
2 403
2 360
2 136
1 247
2 364
2 500
2 356
1 416
1 114
1 193
1 346
1 399
2 361
1 372
2 264
2 468
1 495
2 144
1 194
1 104
2 328
1 50
2 469
2 14
2 160
2 244
2 302
2 78
2 68
2 117
2 465
1 348
1 114
2 89
2 232
2 216
2 148
2 93
1 81
1 50
1 164
1 97
1 140
1 480
2 326
1 241
1 384
1 101
2 430
1 304
2 86
2 423
2 135
2 200
2 472
1 306
1 395
1 305
1 131
1 296
1 435
1 98
1 475
1 315
1 91
1 268
1 340
1 408
1 408
1 40
2 209
2 218
2 303
1 340
2 361
2 241
1 22
1 113
1 387
2 399
1 248
1 5
2 59
2 412
1 372
2 196
1 352
1 34
1 139
2 438
1 359
1 147
1 367
2 375
1 390
2 435
2 494
2 76
1 203
2 369
1 142
1 5
2 181
1 498
1 114
2 23
1 113
2 55
2 131
2 436
1 405
1 9
1 309
1 153
2 274
2 289
2 289
2 259
2 183
1 492
1 43
1 472
2 34
1 337
2 307
2 36
2 142
1 165
1 331
2 165
2 190
2 223
1 97
1 298
2 293
1 279
2 155
1 193
2 479
1 57
2 154
1 52
2 192
1 301
1 384
2 330
2 269
2 402
2 90
1 200
1 193
1 217
2 431
2 239
2 290
2 46
2 91
2 442
1 164
1 7
2 58
2 472
1 93
2 246
1 128
2 63
1 274
2 19
1 392
2 465
2 256
1 180
1 310
2 479
2 214
2 223
2 25
1 300
2 271
2 150
1 342
2 218
2 195
1 171
1 196
2 471
2 496
1 148
2 122
1 481
2 315
2 457
2 249
1 308
2 4
2 268
2 169
2 312
1 424
1 301
1 468
2 422
2 124
1 471
2 399
2 79
2 5
2 256
2 346
2 475
1 19
2 46
1 79
2 107
2 42
2 326
2 382
2 175
2 20
2 102
2 151
1 335
1 419
1 112
1 4
2 465
2 181
2 266
2 71
1 465
2 130
1 473
2 241
1 368
1 496
2 382
2 500
2 6
1 158
2 386
1 55
1 388
2 212
2 346
2 24
1 247
2 156
2 16
1 218
2 359
1 351
2 64
1 309
2 472
1 37
2 331
1 58
1 178
1 222
2 404
2 389
1 250
1 368
2 143
1 499
2 355
2 93
1 402
2 190
2 71
1 81
2 21
2 471
2 260
1 277
2 289
2 312
1 412
2 154
1 468
1 55
1 352
2 91
2 252
1 478
1 210
1 74
1 48
1 132
2 88
2 321
1 425
1 265
2 163
1 242
1 69
1 304
1 147
1 172
1 378
2 71
2 411
1 316
1 40
1 469
2 208
2 354
1 273
1 172
2 387
1 416
2 265
2 226
2 317
2 160
1 250
1 280
1 226
2 321
2 246
2 243
2 282
1 289
1 65
1 192
2 77
2 257
1 30
1 104
1 230
1 39
2 197
1 342
1 116
2 38
1 155
1 18
1 227
1 341
2 470
1 93
1 491
2 91
1 182
2 217
1 162
2 446
1 128
1 132
2 154
2 308
1 301
1 96
2 335
1 170
1 320
1 54
1 463
1 33
1 42
2 111
2 59
2 265
1 196
1 280
2 268
1 156
1 265
2 95
2 391
1 107
1 377
1 223
2 7
2 187
2 59
2 307
2 205
2 302
1 318
2 100
1 20
1 5
1 210
2 87
1 66
2 161
2 204
2 485
1 193
2 314
2 320
2 219
1 191
1 128
2 305
2 298
1 334
1 312
1 105
1 495
1 442
1 464
2 242
2 58
2 471
1 37
1 344
1 370
1 127
2 246
2 223
2 107
2 49
1 304
2 167
1 174
1 305
1 456
2 438
2 333
1 88
2 402
2 476
2 465
2 119
1 385
2 457
2 101
2 408
1 9
1 54
1 385
1 171
1 108
1 205
1 220
1 13
2 223
1 95
2 294
2 100
2 257
1 169
1 264
2 465
1 354
1 454
2 80
1 430
2 84
1 331
2 426
2 275
1 34
2 38
1 433
2 6
2 249
1 398
1 454
2 284
1 380
2 398
2 212
2 498
2 313
1 97
1 22
2 89
2 91
1 382
2 318
2 212
1 265
2 78
1 471
2 377
2 301
1 13
1 453
1 307
2 41
2 354
1 478
1 469
1 271
1 443
1 441
1 154
2 466
2 274
2 295
2 343
2 424
2 458
1 69
1 492
2 371
2 23
1 490
2 471
1 44
2 348
1 270
2 392
1 287
1 24
2 316
1 27
2 424
1 319
1 452
1 453
1 359
2 373
1 169
2 460
1 108
2 252
2 363
2 316
2 160
2 433
2 408
2 418
1 146
1 323
2 249
2 270
2 305
1 159
2 189
1 389
1 480
1 376
1 486
1 194
1 234
1 324
1 436
2 473
2 180
2 30
2 126
2 239
1 145
2 255
2 70
2 332
2 486
2 94
2 102
2 320
1 116
1 329
2 88
2 484
1 299
2 400
1 15
1 354
2 239
1 195
1 454
1 61
2 437
1 113
1 145
2 225
1 280
2 163
2 205
1 486
1 362
2 279
1 375
1 387
2 91
2 272
1 459
1 186
2 190
2 284
1 83
2 297
1 265
2 80
1 456
1 177
2 450
2 397
1 439
2 288
2 215
1 277
2 447
1 271
1 112
2 321
1 267
1 407
2 428
2 204
1 404
1 256
2 335
1 29
2 286
1 153
2 431
2 229
1 95
1 365
1 406
1 252
1 7
1 54
1 496
1 21
2 137
2 104
2 280
1 447
1 3
1 270
1 232
1 163
1 497
2 384
1 64
2 425
1 144
2 4
1 88
1 390
1 4
2 251
1 328
2 201
2 148
1 116
1 171
1 57
1 304
1 273
1 426
1 437
1 28
1 61
2 20
1 394
2 499
1 158
1 193
1 360
1 31
2 71
1 104
1 221
1 419
2 127
2 42
2 266
2 59
1 239
1 331
2 452
2 128
1 7
1 171
1 12
1 193
1 255
1 61
2 55
1 171
2 28
2 300
2 485
1 322
1 139
1 208
1 333
2 403
2 359
1 56
1 127
1 303
2 396
1 411
1 47
2 335
1 497
1 218
1 343
2 57
2 42
1 274
1 302
2 64
1 102
1 381
1 219
1 312
1 251
1 64
2 6
1 74
2 235
2 484
2 385
1 261
1 7
1 4
1 210
2 468
2 38
1 242
2 235
2 370
2 478
2 485
1 386
1 338
1 404
2 48
1 64
1 66
1 342
2 377
2 487
1 66
2 396
2 485
1 64
1 467
2 491
2 376
1 65
2 496
1 237
2 108
1 203
2 221
1 445
1 150
2 497
2 159
1 374
2 374
2 349
1 329
2 494
2 66
1 121
2 378
1 308
2 361
1 9
1 257
2 383
1 87
2 325
1 123
1 240
1 338
1 39
1 278
1 74
1 442
2 108
2 256
2 155
1 128
2 49
1 319
2 494
2 310
1 2
1 367
1 279
1 329
2 221
2 200
2 154
2 193
2 163
1 28
2 63
2 35
1 243
2 394
1 258
2 53
2 338
2 352
1 326
2 136
1 491
1 44
1 180
1 256
2 35
2 363
1 142
1 413
1 102
1 471
2 213
2 322
1 145
2 370
1 205
2 367
2 192
2 338
1 498
1 418
2 80
1 482
2 29
1 308
2 51
1 341
2 152
1 165
1 335
1 117
2 390
1 86
1 246
2 157
2 220
1 275
1 205
1 76
1 1
1 216
1 13
1 314
2 70
1 164
1 363
2 294
2 116
2 38
2 6
1 455
2 471
1 228
2 337
1 260
1 39
2 389
2 383
1 67
1 32
2 207
1 363
1 350
1 83
2 190
1 136
1 164
1 373
1 133
1 47
1 399
2 219
2 487
2 340
1 404
2 136
1 469
1 313
1 475
2 409
1 334
1 159
1 2
1 93
1 93
2 377
2 427
2 129
2 47
1 318
1 43
2 411
2 302
1 180
1 322
1 291
1 336
1 357
2 333
2 322
2 143
1 119
2 145
2 185
2 418
2 345
1 159
2 322
2 182
1 88
1 293
2 11
1 180
2 168
1 371
2 288
2 391
1 433
2 356
2 429
2 175
2 85
1 232
1 146
2 407
2 268
1 463
1 179
1 200
2 153
1 187
1 82
2 49
1 315
1 187
1 177
2 368
2 46
2 166
2 364
2 276
2 476
1 113
1 232
1 352
1 382
2 28
2 319
1 33
1 480
2 81
1 431
1 120
2 399
2 19
1 61
1 244
1 236
1 42
2 20
2 54
2 487
2 67
1 9
2 143
1 21
2 347
1 22
1 280
1 102
1 385
2 148
2 50
2 188
2 53
2 188
1 311
1 39
1 183
2 32
2 90
2 399
1 356
2 253
2 44
1 488
2 220
2 261
1 369
1 64
2 359
2 27
2 129
2 250
2 167
1 340
1 334
1 43
2 362
2 27
1 204
1 38
1 1
1 45
2 97
1 290
2 63
1 476
2 436
2 353
1 6
1 209
2 282
2 231
2 249
2 400
1 475
2 227
2 86
2 195
2 83
1 489
2 355
1 187
1 189
2 95
1 83
2 237
1 405
2 358
2 280
1 105
1 398
2 80
1 454
1 18
1 314
1 32
1 322
1 162
1 108
1 259
1 59
2 405
2 166
2 468
2 76
1 402
2 254
2 160
2 458
2 446
2 387
2 143
1 46
1 421
1 59
2 195
2 26
1 284
2 66
2 339
2 26
1 465
2 72
2 42
2 5
2 4
2 316
1 450
2 449
1 366
2 401
2 180
1 364
2 320
2 417
1 273
1 249
2 424
1 65
2 52
1 304
2 460
2 52
1 331
1 131
2 63
2 313
1 308
1 408
2 308
1 488
1 117
1 168
1 111
2 357
2 154
1 421
2 130
2 226
1 176
2 360
1 239
1 183
2 199
1 229
1 413
2 437
2 156
2 273
2 41
2 133
1 140
2 10
2 229
1 432
2 444
1 346
1 315
2 284
1 118
2 223
2 433
1 263
1 468
2 58
1 367
1 405
1 447
1 126
2 1
1 431
1 201
2 182
2 157
2 84
1 329
2 8
2 170
2 201
2 9
1 200
1 152
1 233
1 221
2 272
1 120
2 369
1 331
1 38
2 367
1 464
2 132
1 308
2 94
1 141
1 469
1 181
1 147
1 69
2 124
2 440
2 247
2 414
2 210
2 267
1 276
1 475
2 53
1 59
1 493
2 304
2 242
1 285
1 397
2 107
1 249
1 466
2 206
2 275
1 34
2 195
2 475
2 68
2 302
1 377
1 381
1 311
1 163
2 214
1 151
1 283
1 217
2 246
2 331
2 42
1 413
1 377
2 257
1 266
1 421
1 56
2 173
1 275
2 312
1 98
1 159
2 213
2 185
2 149
2 331
1 83
2 426
2 482
1 402
2 443
1 92
1 327
1 67
2 302
1 292
1 192
1 484
1 176
1 66
2 182
1 14
1 139
2 74
1 324
2 70
2 1
2 468
2 276
2 483
2 264
1 328
2 427
2 63
1 478
1 278
1 24
1 127
1 434
2 337
1 27
1 228
2 418
2 57
2 229
2 473
2 16
2 299
1 315
2 248
2 341
2 156
1 372
1 229
1 334
2 267
2 470
1 91
2 40
1 135
2 390
2 113
1 463
2 403
1 476
1 422
1 379
2 179
1 62
2 259
1 471
2 108
1 370
1 382
1 49
1 30
2 178
1 48
2 404
1 270
2 304
2 46
1 119
1 135
1 482
1 427
1 270
1 447
1 84
1 401
1 399
1 274
2 71
2 69
1 123
1 57
1 380
1 459
1 30
2 29
2 338
1 167
1 341
2 99
1 145
2 260
2 280
2 471
1 206
2 27
1 228
2 105
2 389
2 308
1 359
2 280
2 144
1 8
1 263
1 464
2 308
2 153
2 107
1 288
1 218
1 343
1 101
2 256
2 213
1 110
1 252
2 472
2 187
2 82
2 288
2 411
2 119
2 181
1 390
1 241
1 485
1 405
2 382
1 277
2 75
1 18
1 127
2 72
2 319
1 317
1 402
2 52
2 289
1 98
2 403
1 490
2 273
1 324
2 405
1 101
1 338
1 9
1 458
2 480
1 438
1 85
2 22
1 211
1 71
1 192
2 350
2 211
1 426
1 128
2 486
1 14
2 197
1 138
1 306
2 133
2 264
2 434
2 204
1 298
1 156
1 98
2 374
2 126
1 194
1 186
2 333
2 353
1 72
1 35
1 310
1 472
2 236
2 413
1 253
2 65
1 404
2 412
2 175
2 132
1 494
2 47
2 367
2 356
2 93
1 168
1 409
2 179
2 100
2 436
1 153
1 259
1 366
1 389
1 410
1 408
1 337
1 82
2 56
2 493
1 178
1 254
2 355
1 231
1 374
1 305
2 17
2 286
2 288
1 274
2 46
2 452
1 338
2 436
1 321
2 393
2 292
1 85
1 429
2 99
2 184
2 385
1 169
1 434
1 196
1 5
2 92
1 474
1 193
2 27
2 189
2 215
2 269
2 478
2 317
2 203
1 183
2 52
1 461
2 11
1 396
2 100
1 27
2 121
2 333
2 435
1 269
1 354
2 300
2 438
2 111
1 468
1 431
2 497
2 208
2 398
2 226
2 294
1 421
1 322
2 264
1 478
2 257
2 273
2 366
1 377
1 350
1 269
1 67
2 22
1 476
2 228
2 267
1 452
2 139
2 291
2 380
2 139
2 451
2 45
1 121
2 144
1 116
1 453
1 233
1 307
1 244
2 260
1 408
2 196
1 335
1 152
1 106
1 54
2 201
1 76
2 370
2 494
1 335
1 371
2 271
1 274
1 416
2 23
2 447
1 72
2 407
1 198
2 365
1 125
2 201
1 89
2 271
1 260
2 379
1 171
2 11
1 14
1 180
1 100
1 457
1 258
1 395
2 432
2 58
1 176
2 255
1 181
2 198
1 129
1 273
2 77
1 446
1 209
2 478
2 250
1 332
2 1
1 462
1 336
2 487
2 129
1 479
2 118
1 100
2 103
2 249
2 8
2 121
1 319
1 228
2 383
2 427
1 136
1 167
1 111
1 38
2 247
1 400
1 395
2 462
1 75
2 380
1 257
1 2
2 301
2 347
1 288
1 419
2 365
2 98
2 90
1 66
1 3
2 52
1 167
2 99
1 279
1 27
2 330
1 462
1 257
1 165
1 433
2 170
1 372
1 124
2 255
2 1
2 5
1 358
1 120
1 117
2 286
2 285
2 23
1 96
2 406
2 174
1 47
2 339
1 462
2 435
1 3
2 29
1 190
1 383
2 46
2 59
2 345
1 149
2 441
1 497
1 208
1 388
2 217
1 376
1 40
1 450
2 96
1 254
2 419
1 298
1 338
1 146
1 199
1 253
1 242
2 189
2 475
1 55
2 6
2 424
2 92
2 291
1 54
1 176
2 383
2 288
1 181
1 106
2 431
1 222
1 310
2 121
1 338
2 178
2 457
1 92
2 326
1 292
1 130
2 352
1 144
2 84
1 276
2 54
2 250
1 378
2 38
1 195
2 377
1 422
2 473
2 437
2 246
1 30
2 47
2 387
1 223
1 365
2 362
1 57
2 397
1 21
1 136
2 13
1 439
1 196
2 298
2 413
2 212
1 270
1 26
1 299
2 329
2 99
1 285
2 152
2 440
1 319
2 91
2 438
2 468
1 495
2 470
1 159
2 53
1 291
2 435
2 31
2 456
2 304
1 487
2 124
1 331
1 353
2 328
1 5
2 127
2 411
1 110
1 277
2 349
2 445
1 359
2 398
1 307
1 257
2 360
2 70
1 26
1 314
1 416
1 500
1 21
2 138
1 184
1 496
1 184
1 167
1 470
2 60
1 470
1 272
2 48
1 371
1 467
1 131
1 206
1 276
1 392
2 59
2 30
2 459
2 50
2 458
1 393
2 499
1 185
2 43
1 464
2 157
1 448
2 164
2 269
2 230
1 203
2 439
1 47
2 148
1 77
2 467
1 326
1 35
1 88
2 93
2 341
1 332
2 388
2 145
1 285
2 20
2 367
1 70
2 58
2 212
1 26
2 307
2 496
1 212
2 270
1 485
2 405
1 103
2 163
2 152
2 325
2 434
2 184
2 159
2 72
2 79
2 49
2 299
1 78
1 478
1 313
1 14
1 277
1 66
2 66
2 238
2 92
2 137
2 25
1 220
1 166
1 44
1 34
1 461
1 203
1 163
1 251
1 289
2 143
1 170
1 422
2 302
2 281
2 492
2 234
2 105
2 8
1 316
2 194
1 356
1 65
1 115
2 45
2 45
2 256
1 99
1 324
1 394
1 338
2 261
2 95
2 173
1 364
1 199
2 467
1 305
2 424
2 49
1 174
1 7
2 159
2 310
2 4
1 438
1 88
1 468
2 62
2 340
1 332
1 334
2 444
1 33
2 261
1 334
1 27
1 214
2 296
1 371
1 79
2 197
1 358
1 404
1 8
1 49
1 133
1 342
1 224
1 442
1 307
1 269
2 319
1 370
2 209
1 266
2 400
1 157
1 477
1 381
2 155
2 28
1 14
2 215
2 94
2 424
2 136
1 85
1 378
1 420
1 398
2 77
2 498
2 406
2 144
1 163
2 418
1 438
1 58
1 20
2 160
1 255
2 487
1 101
1 145
1 154
1 57
1 191
1 166
1 232
2 86
1 107
2 83
1 434
1 48
1 495
2 249
2 354
2 88
1 451
2 473
1 126
2 37
1 435
1 264
1 362
2 60
2 203
1 364
2 486
2 294
1 470
1 80
2 128
1 128
1 104
1 385
2 333
2 397
2 178
1 284
1 212
2 360
1 189
2 254
1 338
2 5
2 440
1 333
1 455
1 497
1 263
1 491
2 358
2 65
1 250
2 427
2 43
1 78
2 360
1 108
2 230
1 207
1 48
2 89
1 350
2 264
2 22
1 411
1 344
1 267
2 176
2 109
1 330
1 153
2 369
1 442
2 224
1 324
2 39
1 328
1 200
2 204
1 48
2 305
2 294
2 187
2 467
2 390
1 333
1 188
2 6
2 355
2 129
1 203
2 441
1 258
2 473
1 66
1 280
1 115
2 144
2 393
1 448
1 257
1 380
1 36
2 277
2 465
2 420
2 275
2 400
1 205
1 493
1 96
1 343
1 48
1 362
1 447
2 426
2 144
2 350
1 41
1 422
2 234
2 227
1 53
1 40
2 202
1 230
2 8
1 358
2 57
2 199
2 84
1 57
2 132
2 406
1 236
2 380
1 20
1 329
1 83
1 181
1 104
1 432
2 334
2 369
1 360
2 97
2 42
2 21
2 263
2 48
2 457
2 172
1 236
1 400
2 220
1 306
2 193
1 137
1 378
2 120
2 72
1 383
2 72
1 490
2 34
2 389
1 168
1 466
2 411
2 73
1 148
2 304
1 468
1 218
2 297
2 286
1 256
1 36
2 423
2 365
1 414
2 446
2 164
2 335
2 479
1 408
1 138
1 317
2 355
1 301
2 74
1 370
2 106
1 360
1 282
1 336
2 181
2 479
1 395
1 270
2 73
1 202
1 93
1 166
2 404
1 98
2 256
2 10
2 76
2 240
1 296
2 256
1 59
2 172
2 400
2 29
1 322
1 33
1 100
1 361
2 367
1 183
1 128
1 334
1 264
1 413
1 500
1 387
2 254
1 363
2 55
1 476
1 473
1 494
1 57
1 278
1 15
2 397
1 208
2 49
1 156
2 383
2 333
2 65
1 383
1 91
2 23
1 16
2 426
2 271
1 214
1 109
1 212
1 74
1 440
1 243
2 287
2 101
2 97
1 408
2 297
1 119
2 268
2 17
2 495
2 230
2 187
2 140
1 48
2 317
2 391
2 81
2 387
2 499
1 50
1 166
1 108
2 16
2 123
2 271
2 171
1 381
2 42
2 107
2 437
2 75
2 186
2 355
1 392
2 407
2 463
2 139
1 61
1 296
2 38
1 355
2 269
1 417
2 108
2 251
1 298
1 75
2 184
2 406
2 486
2 368
1 89
1 17
2 11
1 35
2 81
2 461
2 476
2 363
2 104
1 183
2 291
2 87
1 37
1 253
1 8
1 321
1 477
2 448
2 352
1 239
1 75
2 485
1 428
2 337
2 164
2 283
1 127
2 132
2 64
1 37
1 207
2 19
2 46
2 21
2 300
1 33
1 310
2 128
2 67
1 471
2 334
2 36
1 325
2 474
2 254
1 460
1 71
1 494
1 444
2 216
1 126
1 321
2 116
1 24
2 411
1 265
1 99
1 407
2 23
2 311
1 446
1 440
1 452
2 335
2 299
2 342
1 2
2 359
1 110
1 4
2 227
1 468
2 123
2 452
2 459
1 273
1 236
1 124
2 348
1 433
2 212
2 422
1 437
1 35
1 365
1 418
1 9
1 472
2 464
2 128
1 37
1 29
1 167
1 162
1 462
1 12
2 368
1 90
1 65
1 54
1 13
2 77
2 208
1 356
2 323
2 444
2 438
2 334
1 476
2 117
2 440
2 314
1 62
2 315
1 379
1 111
2 191
2 468
1 439
2 421
2 9
1 323
1 40
1 401
1 2
2 304
2 497
2 100
1 372
2 240
1 486
1 344
1 241
2 278
2 485
1 291
2 265
2 142
2 120
1 172
2 411
2 413
2 92
2 317
2 483
1 64
1 257
2 496
2 218
2 27
1 322
2 399
1 281
1 242
1 434
2 372
1 240
2 102
2 1
1 145
2 325
1 302
1 466
2 282
2 273
2 89
1 329
2 32
1 230
2 361
2 390
2 358
2 221
1 311
2 229
2 407
1 14
1 339
2 209
1 366
2 484
1 75
2 292
1 274
2 434
1 36
2 70
2 451
1 352
2 362
2 419
1 338
1 328
1 115
1 351
1 368
2 433
1 147
1 251
1 448
2 257
2 359
2 228
1 468
2 274
1 11
2 301
1 328
1 227
1 367
1 421
2 412
2 380
1 280
2 33
1 167
2 62
2 319
2 186
2 220
1 320
1 4
1 282
2 304
1 273
1 289
2 108
1 250
1 461
2 470
2 312
1 486
1 160
1 14
1 442
2 9
2 19
1 85
1 194
1 11
1 261
1 215
2 351
1 208
1 196
2 8
1 312
2 85
2 297
1 20
1 35
1 351
2 391
2 56
2 26
1 254
1 217
1 6
1 135
2 83
2 241
1 42
1 435
1 227
2 223
1 320
2 126
1 13
1 456
1 304
2 486
1 471
1 229
1 473
1 393
2 46
2 497
2 37
2 212
2 13
1 360
1 395
2 354
2 353
2 179
1 494
1 65
1 69
1 143
1 157
2 448
1 20
1 140
1 226
2 170
1 488
2 422
1 14
2 493
1 435
2 373
1 186
1 243
1 83
1 295
2 124
2 144
2 38
2 50
1 485
2 353
1 100
1 206
2 400
1 182
2 220
1 114
2 195
2 10
2 446
2 367
2 251
1 64
1 144
2 255
1 36
1 452
2 85
2 451
2 58
1 171
2 389
1 385
1 492
1 360
2 402
2 358
1 440
2 496
1 385
1 415
1 413
1 406
1 226
1 186
2 339
1 411
1 491
2 311
2 393
1 123
1 100
1 2
1 252
2 327
2 450
2 56
2 311
1 64
1 169
2 171
1 308
2 235
1 432
2 484
1 66
2 469
1 438
1 409
1 170
2 178
1 327
2 186
2 46
2 25
2 201
2 74
1 331
1 157
1 204
2 437
2 99
1 138
1 79
1 77
2 132
1 220
2 339
2 447
1 357
2 302
2 369
2 64
1 34
1 313
2 64
1 210
1 359
2 50
2 97
1 185
1 84
1 38
1 12
2 9
1 307
2 424
1 37
2 79
2 263
2 11
1 344
1 488
1 271
2 139
2 366
2 298
2 431
1 222
1 172
2 162
1 393
2 357
2 276
2 203
1 30
1 363
2 137
1 427
2 442
2 477
1 91
2 108
2 314
1 315
2 264
1 166
1 412
2 140
2 161
2 224
1 260
2 267
1 492
2 7
1 109
2 93
2 461
1 220
1 233
1 110
1 213
1 355
1 2
2 311
1 41
1 408
1 176
1 47
1 218
2 101
1 240
2 24
1 244
2 326
2 332
2 176
1 414
2 168
2 229
1 133
2 67
1 420
2 65
1 262
1 371
1 459
1 406
1 161
2 429
1 329
1 125
2 156
1 91
2 157
2 4
2 439
1 180
1 164
1 175
2 377
2 138
2 358
2 20
2 396
1 60
1 412
1 284
2 426
1 389
1 192
1 426
1 165
2 191
2 200
1 105
1 466
2 114
1 341
2 46
1 285
2 16
1 493
2 262
1 173
1 55
1 245
1 198
2 436
1 89
2 457
1 414
2 492
2 98
1 363
2 272
2 303
2 342
2 85
2 416
2 456
1 325
1 301
1 313
1 261
2 222
1 298
2 344
2 365
2 325
1 287
1 78
2 234
1 236
1 226
2 427
1 473
2 85
2 124
2 361
1 150
1 157
2 421
1 440
2 292
1 216
1 63
1 19
1 269
1 465
1 108
2 379
1 345
1 57
1 212
2 408
2 350
1 364
1 64
2 259
2 270
1 285
1 471
2 479
2 260
2 85
2 390
2 151
1 130
2 258
1 475
2 406
1 80
2 446
2 275
1 350
1 381
1 227
1 140
2 442
2 352
1 469
2 193
2 178
1 177
2 15
2 451
2 179
2 393
1 25
1 31
1 211
2 211
1 114
1 346
1 452
2 433
2 289
2 95
2 299
1 105
2 126
1 85
1 438
1 131
1 497
2 188
2 72
1 348
2 100
1 92
2 242
2 27
2 353
1 201
2 245
2 316
1 212
1 378
2 81
1 463
2 169
1 136
1 47
2 480
1 28
1 253
1 300
2 4
1 252
1 155
1 212
1 70
1 73
2 424
1 306
1 82
1 35
2 417
1 404
2 431
2 320
2 404
2 314
2 474
2 314
1 413
1 301
1 449
1 280
1 379
2 110
1 411
1 381
2 429
1 427
1 418
1 394
1 68
2 432
1 272
1 373
1 123
1 369
2 251
1 146
2 84
2 292
1 251
1 25
2 159
2 38
2 401
1 102
1 490
2 361
2 130
1 500
1 111
1 174
2 367
1 193
2 426
1 296
1 360
1 355
1 475
1 446
2 27
2 342
2 284
2 333
2 140
2 17
1 52
1 462
2 361
1 221
2 489
1 462
1 40
1 218
1 264
2 388
1 414
2 10
2 135
2 461
1 379
2 375
1 19
1 52
2 341
1 165
1 492
2 381
2 498
1 396
2 113
2 403
1 67
1 74
1 458
1 179
1 363
1 322
2 93
2 259
1 349
1 467
1 106
2 74
2 297
2 364
2 455
1 286
2 381
2 426
2 96
2 378
1 10
2 338
1 276
2 239
1 224
2 315
2 404
1 283
1 208
1 460
1 115
2 386
1 159
1 186
1 268
2 212
2 466
2 82
2 349
2 364
1 229
1 104
1 417
2 35
1 236
1 137
2 442
1 198
1 37
2 206
1 297
2 284
1 21
1 354
1 390
2 293
1 98
2 454
1 135
1 137
1 186
2 220
2 499
2 431
2 151
1 191
1 256
1 413
1 43
2 497
1 187
1 254
2 38
2 150
1 398
2 41
2 263
2 414
2 381
1 500
1 331
1 183
1 15
2 65
1 65
1 341
1 351
1 388
1 4
2 59
1 27
2 188
1 415
2 254
1 444
2 179
1 294
2 63
2 159
1 218
1 189
1 327
2 356
1 130
2 102
1 464
2 490
1 270
2 104
2 52
1 128
1 173
2 294
1 229
1 215
1 27
2 208
2 145
2 66
1 273
1 313
2 148
1 92
2 58
2 291
2 94
1 190
2 339
2 206
2 287
1 217
2 26
1 166
1 338
2 443
1 102
2 402
2 408
2 17
1 40
1 426
2 77
1 455
2 302
1 186
1 283
1 253
1 177
1 477
1 352
2 327
1 25
2 54
2 221
2 250
1 230
2 97
1 494
2 73
1 63
1 383
2 11
2 153
2 404
2 52
1 252
1 61
1 106
1 60
2 36
2 142
2 188
1 127
2 493
2 476
2 160
2 103
1 197
2 208
2 88
2 208
2 340
1 114
1 233
1 476
2 186
2 89
2 59
2 54
2 265
2 309
1 91
2 445
1 18
1 240
2 114
2 295
1 418
1 251
1 137
1 122
2 398
2 195
1 277
1 210
1 129
1 169
2 281
1 358
1 469
2 106
2 247
1 240
1 363
1 314
1 271
2 322
1 349
1 476
1 116
2 223
1 55
2 314
2 208
1 336
2 472
2 463
2 44
1 382
1 395
2 257
2 186
1 332
1 298
2 363
2 344
2 360
1 328
2 84
2 48
2 63
1 359
2 442
1 78
2 11
1 222
1 488
2 401
1 144
1 478
2 314
2 91
2 70
1 50
2 305
2 423
2 320
2 392
2 386
2 436
2 145
2 368
1 267
1 451
1 318
2 268
2 453
2 156
2 480
2 379
1 153
1 151
2 434
1 85
1 66
1 68
1 28
2 342
1 406
1 408
2 276
2 206
2 237
2 455
2 269
2 500
2 134
1 97
1 247
1 239
2 53
1 22
2 296
2 78
2 359
2 276
1 364
2 66
1 397
1 316
2 353
1 437
1 169
1 257
1 67
2 80
2 4
2 51
2 168
2 352
1 317
2 363
1 311
2 280
2 448
2 75
1 466
2 490
2 248
1 254
1 93
2 285
1 285
2 99
1 315
1 181
1 280
1 15
1 176
1 500
2 93
1 127
1 436
1 44
1 213
2 349
2 481
2 457
1 320
2 273
1 356
1 469
2 201
1 76
1 129
2 350
2 500
1 483
2 295
1 470
1 27
2 368
2 451
1 328
1 378
2 256
2 406
1 219
1 59
1 185
1 220
1 260
2 214
1 154
1 120
2 219
1 441
2 356
1 262
1 365
1 136
1 224
2 196
2 350
1 236
1 293
1 123
2 26
1 498
2 48
2 154
1 466
1 56
1 189
1 357
1 457
1 25
1 384
1 326
2 178
1 322
1 221
1 78
1 484
1 425
2 396
1 500
1 23
1 387
1 225
2 469
2 438
2 64
2 417
1 257
1 303
1 267
2 225
2 120
1 272
1 90
2 473
1 232
1 349
1 263
2 64
2 457
2 427
1 25
2 113
2 140
2 62
2 141
2 103
2 494
1 156
1 392
2 229
1 328
2 445
1 353
2 172
2 65
1 32
1 293
2 222
1 115
1 190
1 70
1 368
2 17
2 350
2 3
1 236
1 6
1 271
1 392
1 18
2 392
1 46
1 250
2 467
1 402
2 471
2 300
1 238
2 65
2 77
2 165
1 101
1 343
2 232
2 17
2 43
1 354
1 147
2 58
2 319
1 473
2 134
2 479
2 441
2 310
2 313
1 180
2 347
1 488
1 460
1 31
1 467
1 293
2 487
2 77
2 14
1 445
2 26
2 222
1 169
2 186
1 208
2 98
1 90
2 336
1 144
1 51
1 249
1 74
2 46
2 243
2 404
1 409
2 166
1 246
2 364
2 20
2 499
2 477
1 406
1 137
2 29
1 11
2 235
1 68
1 438
1 42
2 201
1 121
2 136
1 53
2 500
1 70
1 392
1 438
2 61
1 50
2 465
1 69
2 347
1 330
2 298
2 329
1 377
1 364
1 371
1 10
2 191
2 220
2 328
2 231
1 83
1 328
2 191
2 98
1 384
2 26
2 2
1 31
1 155
1 389
1 14
1 248
1 181
2 286
1 328
2 248
1 148
2 160
2 175
2 80
2 36
2 91
2 310
2 414
2 219
1 194
1 51
2 287
2 111
2 91
1 441
1 51
1 116
2 130
2 319
2 201
1 165
2 242
2 116
2 143
1 308
1 417
2 128
2 293
1 127
2 380
2 424
1 359
1 492
1 182
2 49
1 368
2 376
1 391
2 116
2 176
1 368
1 134
2 147
1 437
2 13
1 192
1 245
1 327
2 389
1 103
2 241
1 354
2 431
1 107
2 129
2 322
1 78
2 195
1 84
2 349
1 298
1 384
1 293
1 482
2 70
1 322
1 258
2 278
1 122
2 86
1 223
2 450
1 213
1 24
2 478
1 244
2 263
2 168
2 189
1 87
1 437
1 271
1 286
2 86
1 489
2 9
2 430
1 10
1 157
2 290
1 256
1 408
1 364
1 276
1 429
2 13
2 474
1 115
1 36
1 19
1 222
2 86
2 189
2 497
2 332
1 479
2 171
1 309
2 17
1 438
2 150
2 366
1 438
1 235
2 31
2 52
1 131
2 107
2 435
2 16
1 240
1 205
2 83
2 149
1 300
1 248
1 240
2 73
2 444
2 205
1 411
1 78
2 244
1 212
2 138
2 444
2 72
1 139
1 364
2 457
1 77
2 465
1 21
2 197
2 195
2 290
2 9
2 497
1 402
1 282
2 434
1 268
2 429
1 11
2 397
2 308
2 375
1 492
1 160
1 360
1 145
2 162
2 368
1 108
2 218
1 12
2 171
2 8
2 388
1 243
1 336
1 460
2 173
1 458
1 195
2 389
2 169
1 343
1 60
2 9
2 192
1 279
1 2
1 312
2 155
2 377
2 456
1 405
2 491
1 164
1 234
2 24
1 306
2 142
2 169
1 345
1 373
1 73
1 113
1 114
1 290
1 462
1 30
1 78
1 431
2 409
1 497
2 65
2 3
1 371
2 207
1 234
2 191
1 304
2 41
1 422
2 463
2 280
1 100
2 216
1 301
1 45
1 260
1 452
1 19
1 136
1 389
2 8
2 26
1 86
2 433
2 101
2 242
1 91
2 88
1 75
1 133
2 37
2 80
1 358
2 162
1 176
1 214
2 333
1 198
1 10
1 276
1 229
2 341
2 62
1 476
1 19
1 106
1 352
1 247
1 136
1 407
2 310
1 345
1 63
2 263
1 376
1 33
1 259
2 422
1 356
2 159
2 357
1 134
1 301
1 121
1 140
2 98
2 499
2 294
2 189
1 337
1 445
2 20
2 446
2 226
2 190
1 379
1 500
1 457
1 244
1 88
2 456
2 183
1 331
1 219
2 31
2 435
2 275
1 30
1 246
2 225
2 491
2 36
1 115
2 493
1 70
1 92
2 469
1 183
2 249
2 170
2 307
1 105
2 261
1 153
1 241
2 497
2 331
1 276
2 24
1 154
2 52
2 322
1 370
1 170
1 404
2 248
1 498
2 142
1 338
1 468
1 374
1 364
2 495
2 353
2 111
2 315
1 455
1 33
2 491
1 442
1 97
1 455
1 394
2 204
2 446
2 13
1 134
1 228
1 219
1 350
2 438
2 194
2 152
1 69
2 131
1 388
2 403
2 173
1 143
1 231
1 46
2 111
2 174
1 362
1 418
1 424
2 228
2 451
2 194
2 373
2 233
2 403
2 307
2 135
2 450
2 240
2 311
2 229
1 188
2 228
2 154
2 164
2 268
1 463
2 337
1 137
2 300
1 407
1 466
2 258
1 257
2 466
2 347
2 403
2 137
1 343
1 132
1 22
2 176
1 64
1 23
1 284
1 443
1 279
2 231
1 28
2 33
2 258
2 39
1 117
2 493
1 316
1 21
2 79
1 25
1 411
2 45
1 369
1 236
2 100
1 183
2 156
2 323
2 297
1 424
1 388
1 429
1 244
2 244
1 349
1 315
2 19
2 157
2 50
1 385
2 209
2 331
1 337
1 481
1 219
1 103
1 24
2 365
2 183
2 440
2 80
1 494
1 316
1 336
1 393
2 70
2 491
2 168
1 258
1 165
1 256
2 285
2 149
1 249
2 110
1 66
2 293
2 139
1 412
1 177
1 398
2 256
2 499
2 68
1 275
1 83
1 350
2 12
1 368
1 180
2 299
2 370
2 7
1 402
1 333
2 221
2 29
1 471
2 455
1 134
2 473
1 110
1 286
2 171
1 84
1 482
1 447
2 176
2 210
2 371
2 359
2 477
2 123
2 117
2 188
1 157
1 169
1 185
2 90
2 108
2 56
2 406
1 144
2 307
2 9
2 99
1 471
2 310
2 225
2 21
1 28
2 275
2 146
2 151
2 313
1 111
2 50
1 222
2 448
1 250
2 56
1 380
2 127
2 323
2 115
1 115
2 76
2 339
1 200
2 160
1 450
2 84
2 286
1 396
1 185
2 394
2 344
2 323
1 461
2 321
1 192
2 70
1 27
1 193
1 100
1 442
2 122
2 399
1 34
1 345
2 290
1 15
1 362
2 103
1 333
2 101
2 209
1 496
1 429
1 165
1 39
1 280
2 335
2 272
1 324
1 142
1 57
1 247
1 344
2 91
2 124
1 405
1 213
1 271
1 291
1 373
2 393
2 193
2 183
1 299
1 283
1 323
2 300
2 108
2 122
2 171
2 94
2 428
1 178
2 299
1 486
1 1
1 28
2 457
1 361
2 271
2 398
1 334
2 14
2 192
2 343
1 83
1 141
2 94
1 61
1 138
1 267
1 275
1 182
2 207
1 189
1 37
2 423
1 283
1 14
1 275
2 188
2 292
1 219
2 497
2 481
1 28
2 475
2 245
2 237
2 402
1 280
1 364
1 159
1 342
2 324
1 381
2 324
1 42
2 261
1 377
2 376
2 339
1 411
2 210
2 238
1 424
2 401
2 423
1 137
1 436
1 83
1 174
1 191
2 152
2 104
2 43
2 285
1 385
2 168
1 193
2 409
2 126
1 107
1 73
2 163
1 406
2 27
2 354
2 497
1 168
2 238
1 283
1 295
2 420
2 465
1 219
2 284
1 34
2 243
1 337
2 317
2 353
2 377
2 60
1 268
2 326
2 140
1 230
2 479
2 101
2 112
2 167
1 367
2 490
2 158
1 218
2 272
1 169
2 480
1 374
2 158
2 251
1 158
1 436
1 480
1 430
1 58
2 191
1 149
1 33
1 357
1 132
2 171
2 481
2 380
1 249
1 404
1 39
2 183
1 401
2 213
1 458
1 278
1 194
1 179
1 436
2 179
2 367
2 71
2 351
2 52
1 192
2 303
1 368
2 55
1 147
2 449
1 388
2 103
2 356
2 10
2 20
1 210
1 389
1 85
2 434
1 42
2 443
1 206
1 329
1 429
2 378
2 431
1 159
2 198
2 166
1 157
2 247
1 422
2 350
1 226
2 346
2 408
-1
