2 230
1 256
1 147
2 158
1 28
2 142
1 442
1 126
2 385
2 56
1 65
2 498
1 31
1 183
1 192
2 431
2 105
1 299
2 178
1 492
1 278
1 171
2 419
1 397
2 189
1 312
2 386
2 11
1 90
2 54
1 223
1 406
2 21
1 281
1 11
2 459
1 258
1 358
1 129
1 478
2 57
2 422
1 153
1 210
1 476
2 227
1 302
2 229
1 40
2 223
2 133
1 190
1 367
1 417
2 153
1 312
1 386
2 355
1 16
1 132
2 30
1 392
2 342
1 4
1 333
2 284
2 464
2 207
1 224
2 324
2 369
2 290
1 71
1 496
1 60
2 280
2 336
1 124
1 495
2 411
2 57
1 144
1 370
1 201
1 176
2 322
1 363
2 2
1 106
2 223
2 327
2 458
1 378
2 191
1 59
2 51
1 498
1 487
1 99
1 313
1 416
1 22
1 96
2 267
2 223
1 70
2 344
2 210
2 107
2 444
2 205
1 132
2 391
2 70
2 10
1 115
2 367
1 406
1 10
2 366
1 14
2 280
2 461
2 429
2 93
1 84
1 70
2 500
1 37
2 153
1 302
2 322
1 254
1 481
2 252
1 494
2 133
2 473
2 465
2 12
1 328
2 207
2 13
1 61
1 478
2 447
2 331
2 298
1 200
1 198
2 327
2 67
2 167
2 52
2 143
2 392
1 213
1 219
2 155
2 478
1 343
2 262
2 397
1 108
1 40
2 46
2 199
1 325
2 2
1 199
1 494
2 465
1 40
2 135
2 165
1 30
2 388
1 383
1 54
1 379
1 146
1 312
1 239
1 60
1 68
2 87
2 201
1 119
1 438
2 138
2 216
1 461
1 163
1 239
1 185
1 13
2 245
1 26
1 312
1 427
2 48
1 143
1 269
2 339
1 365
2 160
2 348
2 36
1 316
1 429
1 243
1 182
1 265
1 323
1 497
2 10
1 114
2 143
1 265
2 440
1 161
2 414
1 71
2 369
1 74
1 238
2 91
2 8
2 478
1 487
1 430
1 221
1 148
2 129
2 48
1 394
1 19
2 68
2 107
1 327
1 437
1 52
2 334
2 86
1 240
1 489
1 67
1 417
2 276
2 479
2 465
1 31
2 30
1 423
1 237
2 19
1 164
2 404
1 129
2 13
2 60
2 390
2 414
1 193
1 202
2 12
1 394
1 148
2 343
2 410
1 23
1 457
2 350
1 36
2 349
1 51
1 252
1 238
1 449
1 355
1 452
1 316
2 112
2 471
1 385
1 237
1 160
2 446
2 53
2 191
2 232
2 160
2 384
1 500
1 179
1 334
2 424
2 31
2 463
1 340
1 381
2 459
1 269
1 253
2 88
2 73
2 240
2 5
2 334
2 159
1 210
1 346
2 140
2 19
1 378
2 153
1 287
2 2
2 366
1 80
2 252
1 475
2 440
1 466
2 336
1 137
2 467
1 382
1 358
1 59
2 258
1 197
1 174
1 155
1 7
1 196
1 89
2 101
2 354
1 153
2 393
2 437
2 271
1 316
1 70
1 67
2 289
2 75
2 164
2 354
1 166
2 279
1 423
2 134
1 148
2 168
1 427
2 250
2 126
2 29
2 143
2 374
2 61
1 245
1 28
1 245
2 351
2 298
2 106
1 253
2 274
1 497
1 376
1 249
1 367
2 196
2 75
2 291
2 368
1 62
2 337
1 291
2 32
2 164
2 76
1 94
2 187
1 48
2 391
1 64
2 128
2 117
1 32
1 40
2 295
2 498
2 258
1 22
1 80
2 278
2 304
2 3
1 16
2 404
2 402
2 15
1 430
1 83
2 39
2 211
2 75
1 167
2 348
1 474
2 428
2 434
2 178
1 425
2 190
1 451
1 147
1 473
1 97
2 388
2 381
1 171
1 158
2 140
2 81
2 135
1 419
1 443
1 208
2 141
2 194
2 340
1 56
1 267
1 219
1 490
2 456
1 406
2 201
2 321
2 361
2 140
1 227
1 227
1 300
2 182
1 458
1 185
2 333
1 369
2 161
1 2
1 370
2 80
1 156
1 54
1 411
2 147
2 479
1 422
1 240
2 123
2 124
1 62
2 463
1 63
2 287
1 91
1 175
1 429
1 274
1 197
1 27
1 172
2 217
2 134
1 195
2 5
2 416
1 331
1 347
2 352
2 161
1 493
2 464
2 368
2 255
1 124
2 407
2 137
2 387
1 283
2 378
2 455
2 56
2 22
1 382
1 238
1 19
1 80
1 355
2 422
2 10
2 93
2 339
2 95
2 350
2 362
1 15
1 20
1 305
1 323
1 119
2 431
2 494
1 471
1 308
1 160
2 289
1 289
2 332
1 56
1 112
2 409
2 288
1 400
1 173
2 481
2 339
2 280
1 124
1 32
2 493
2 452
2 295
1 260
1 475
2 159
2 287
2 269
1 199
1 18
2 94
1 366
1 113
2 116
1 98
2 19
1 41
1 223
2 413
1 165
1 500
2 178
1 242
1 211
1 465
1 14
2 78
2 342
1 227
2 425
1 307
2 266
1 116
1 386
2 469
1 268
1 373
2 105
1 242
2 257
1 395
1 264
1 1
1 13
2 266
2 403
2 84
1 124
2 155
2 431
2 411
1 294
2 494
1 100
2 416
1 293
1 477
1 485
2 365
2 408
2 138
1 55
2 181
1 123
2 38
1 161
1 103
1 434
2 407
2 35
1 240
2 336
2 235
1 45
2 169
1 81
1 465
2 230
2 16
1 183
1 257
2 205
1 500
2 160
1 171
1 432
2 373
2 479
2 438
2 57
1 179
1 467
2 328
1 492
1 48
1 249
1 369
2 367
1 443
1 478
1 72
2 376
1 27
1 402
1 80
1 126
1 151
1 457
2 288
1 174
2 325
1 342
2 226
2 265
2 234
1 134
2 150
2 452
1 214
2 343
2 15
1 255
2 60
2 495
2 10
1 33
1 441
1 379
2 434
2 39
1 384
1 176
2 32
1 412
2 332
1 241
1 222
2 215
2 205
2 479
1 229
2 400
2 88
1 39
1 420
2 41
2 100
1 39
2 47
1 431
2 203
1 428
1 18
1 56
2 55
1 140
2 248
2 303
1 316
1 357
2 270
2 241
1 168
2 204
2 228
2 445
2 158
1 58
2 218
1 453
1 351
2 406
2 483
1 286
2 49
1 237
2 94
1 40
2 256
2 475
1 81
2 470
1 347
2 469
1 344
2 39
2 365
1 497
1 151
1 498
1 479
1 222
1 63
2 332
2 207
2 6
1 281
2 229
2 353
2 394
2 118
1 95
1 375
2 181
1 76
1 429
1 264
1 477
1 262
1 496
1 170
2 459
2 327
1 281
1 236
2 228
2 106
1 187
2 116
2 210
2 45
1 448
1 491
1 337
1 435
2 423
2 37
1 259
1 421
2 395
1 213
1 361
2 147
2 3
1 265
1 304
2 53
2 320
2 378
2 498
1 193
1 268
2 5
1 296
2 417
1 285
2 367
2 151
2 43
2 126
2 68
2 468
1 383
2 218
1 147
2 72
2 339
2 272
2 69
2 472
2 313
1 465
2 252
1 192
1 472
2 452
1 450
2 363
1 410
2 92
1 147
2 247
2 57
1 180
2 288
2 461
1 258
1 131
2 393
1 154
1 342
2 255
2 376
1 475
2 50
1 340
1 432
1 385
1 159
1 465
2 66
2 398
2 350
1 331
1 53
1 310
2 440
1 37
2 385
2 451
1 280
2 334
2 432
1 51
2 133
2 389
1 439
1 372
2 18
1 234
1 389
2 168
1 311
2 347
2 419
2 481
2 291
1 409
2 383
2 165
2 325
2 64
1 42
2 256
2 488
2 333
1 236
1 55
1 56
2 240
2 402
1 173
1 385
2 118
2 244
1 133
1 186
1 183
1 482
1 490
2 131
1 196
1 174
2 263
2 355
1 203
1 426
2 300
1 12
2 281
2 51
2 174
1 313
2 167
1 498
2 115
1 330
1 493
2 264
2 84
2 109
1 226
1 365
2 47
1 442
2 482
1 92
2 79
1 215
1 401
2 106
2 340
2 29
2 142
1 291
2 262
2 362
1 136
1 12
2 305
2 361
1 148
1 293
2 207
2 176
1 71
2 474
2 67
1 299
1 146
2 284
2 192
1 394
2 223
1 361
1 62
1 165
1 25
2 288
1 168
2 43
1 95
1 204
2 370
1 221
2 443
1 273
1 1
2 312
1 276
2 455
2 246
2 398
1 280
2 205
2 499
2 240
2 263
1 458
1 297
1 498
2 33
1 224
1 140
1 461
2 60
2 104
2 385
2 278
1 390
2 314
1 229
1 185
2 349
1 326
2 171
2 236
2 297
2 440
1 346
1 351
2 18
1 413
2 158
2 418
2 25
1 139
2 137
2 96
2 316
2 129
1 448
1 392
1 175
1 31
1 287
2 129
2 38
2 59
1 287
1 446
2 411
1 416
2 110
2 383
2 135
1 262
1 79
1 29
2 189
1 477
2 292
2 279
1 201
2 229
1 17
1 298
2 462
2 326
2 427
1 348
1 71
2 347
1 114
1 254
1 287
1 277
1 38
2 111
2 96
2 78
1 217
2 390
1 292
2 452
1 423
2 335
2 260
1 346
2 409
1 27
2 33
2 476
2 61
2 13
1 277
1 471
2 168
2 374
2 427
1 381
2 476
2 46
1 248
2 460
1 194
1 54
2 140
1 1
1 468
2 208
1 306
1 89
2 390
1 284
2 139
1 17
2 230
1 53
1 305
1 189
1 349
2 76
1 476
1 40
2 292
2 186
2 128
1 422
1 88
2 186
1 72
1 44
2 116
2 482
1 312
2 121
2 117
2 352
1 124
2 386
1 341
2 364
2 49
2 190
1 341
2 65
1 428
2 65
2 409
1 166
1 420
2 84
1 335
1 331
1 178
1 77
2 491
2 191
2 77
1 378
1 106
1 181
2 254
2 280
1 143
2 86
1 435
2 302
2 104
1 283
1 52
2 152
1 3
1 284
1 73
2 349
1 454
2 414
1 274
2 73
1 342
1 33
1 327
1 101
1 170
2 63
2 445
1 466
1 407
2 27
2 261
2 8
1 255
1 125
1 466
1 499
2 207
1 287
2 217
2 315
1 121
2 162
2 443
2 364
2 79
1 180
2 468
2 257
2 460
2 102
1 282
2 436
2 484
1 21
1 460
2 142
1 416
2 497
1 282
1 58
1 454
2 403
2 128
2 495
2 243
2 216
2 49
1 365
1 225
2 435
2 424
1 116
2 231
1 48
1 176
2 75
2 194
2 401
1 487
1 111
1 196
2 458
1 330
1 479
1 58
2 90
2 193
1 171
2 21
1 138
1 175
1 28
1 41
2 392
2 28
1 460
2 180
2 318
2 90
1 415
1 412
1 332
1 61
2 378
1 72
2 333
1 431
2 317
2 493
1 201
1 210
2 446
2 281
2 102
2 262
1 222
2 371
2 129
1 407
1 69
2 225
2 428
2 113
2 329
1 452
2 180
1 393
2 106
1 91
2 396
1 222
2 377
1 21
2 79
1 214
2 110
1 48
2 296
1 133
1 469
2 357
1 449
2 125
1 126
2 112
2 419
1 341
2 129
1 355
2 141
1 206
1 210
2 138
2 116
1 481
1 59
2 436
2 289
1 413
2 126
1 139
1 61
1 394
2 341
1 247
2 168
1 434
2 56
2 381
1 45
2 459
2 253
1 462
1 305
1 160
2 101
1 178
2 277
1 201
2 171
1 449
1 251
1 214
2 157
2 182
2 11
1 304
1 238
2 157
1 342
1 176
1 113
1 307
1 129
2 358
2 306
2 489
2 392
1 419
1 500
1 101
2 443
1 126
1 372
1 74
2 449
2 210
2 454
1 154
1 375
1 85
1 374
2 440
2 126
1 17
1 309
2 340
1 372
2 283
2 450
1 159
1 457
1 162
1 236
1 196
1 383
1 141
1 204
2 372
2 290
1 158
2 356
2 202
2 165
1 173
1 192
2 215
1 403
2 261
1 396
1 99
1 87
2 385
1 171
1 323
2 348
1 263
2 181
1 134
2 151
1 163
1 193
2 193
2 105
1 84
1 113
1 129
1 272
2 193
2 325
2 459
1 347
2 78
2 388
2 75
1 221
2 84
2 466
1 359
1 433
1 422
1 475
1 97
1 267
2 392
2 156
1 466
1 422
2 380
2 106
1 199
1 43
1 90
1 409
1 429
1 389
1 239
2 252
2 460
1 327
1 312
1 53
2 335
2 319
1 487
1 20
2 101
1 318
1 273
2 489
2 420
2 403
1 91
1 344
2 375
1 106
1 4
1 314
1 336
1 52
2 260
2 359
1 188
2 254
1 255
1 12
1 323
1 331
2 419
1 167
2 47
1 330
1 282
2 388
2 331
2 143
1 213
1 153
1 382
1 211
1 204
1 13
1 488
2 290
1 220
2 403
1 80
1 316
2 79
2 182
2 345
1 202
2 381
1 160
1 316
1 101
2 295
2 44
1 159
2 392
1 141
1 496
2 377
2 433
2 217
1 419
2 494
1 321
1 178
1 340
2 201
1 11
2 257
1 129
2 90
1 145
2 165
1 303
2 154
2 52
1 405
1 134
1 90
1 123
2 285
1 111
2 106
2 331
1 378
2 128
2 182
1 401
1 263
2 239
1 142
1 489
1 111
1 295
1 427
2 170
2 231
1 399
1 252
1 49
2 392
1 448
1 300
1 271
1 255
2 182
1 2
1 145
2 496
2 16
1 207
1 337
2 465
2 476
2 20
1 49
1 52
1 189
2 48
2 116
1 172
2 49
2 171
2 489
1 483
2 291
2 42
2 182
1 66
2 426
2 385
2 200
1 322
1 342
2 199
2 22
1 458
1 246
1 114
2 497
1 443
2 341
1 118
1 341
2 382
2 471
1 93
2 257
1 58
1 135
1 407
1 329
1 78
2 195
2 365
2 343
2 181
2 142
1 408
1 184
2 452
2 111
1 177
2 162
1 317
1 194
2 155
1 290
1 300
1 127
1 230
2 322
1 355
2 412
1 149
2 106
1 101
1 348
2 287
2 363
2 360
1 29
1 429
1 450
2 5
1 244
1 248
1 495
1 232
1 419
1 353
1 332
2 444
2 434
1 243
1 184
1 203
1 467
2 381
1 63
2 343
2 322
1 428
1 395
2 426
2 39
1 41
1 434
1 252
2 213
1 14
1 95
1 459
2 51
2 329
2 427
2 475
1 465
1 415
2 61
1 376
2 117
1 172
2 399
2 269
2 268
2 210
1 202
1 126
1 358
1 69
1 329
2 31
2 297
2 3
2 137
1 159
2 145
1 7
2 456
1 357
2 262
1 288
2 437
2 419
1 71
2 281
2 233
2 395
2 460
2 237
1 127
2 200
2 428
2 18
2 334
1 457
2 144
1 409
1 361
2 226
2 313
1 33
1 21
2 426
1 323
2 75
2 261
1 424
2 480
2 423
2 18
1 259
2 475
1 93
2 494
1 265
2 27
2 56
2 75
2 378
1 347
1 50
1 226
2 500
2 117
1 222
2 153
1 499
1 499
2 462
2 112
2 151
2 227
1 389
1 390
2 403
2 70
1 400
2 129
2 204
2 24
2 83
2 256
1 8
2 376
2 99
1 399
2 182
1 158
1 131
2 188
2 487
1 188
1 256
1 488
2 265
1 235
2 392
2 132
2 449
1 219
2 199
1 147
1 447
1 153
2 54
2 165
2 302
1 130
2 20
1 368
1 481
1 334
1 148
1 122
1 177
1 494
2 309
1 458
2 147
1 387
2 154
2 445
2 403
1 364
1 43
2 57
2 36
1 246
1 59
2 131
2 207
2 313
2 116
1 326
2 232
1 315
2 115
2 44
2 184
2 142
2 341
1 249
1 291
2 263
1 213
1 436
2 370
2 490
2 370
2 451
2 26
2 190
1 227
2 8
2 491
2 137
2 198
2 262
2 83
2 190
1 122
2 270
2 373
2 179
2 425
1 195
2 246
1 442
2 468
1 235
1 302
2 492
1 459
1 192
1 130
2 41
2 357
1 93
1 273
2 324
2 104
1 499
1 106
2 174
2 446
1 235
2 130
1 450
1 331
2 333
1 373
2 414
1 387
1 311
2 481
1 207
1 355
1 285
1 202
1 385
2 69
2 97
1 196
2 342
2 39
1 190
1 399
1 493
2 313
2 147
2 140
2 81
1 262
2 158
2 379
1 461
2 12
1 201
2 456
1 437
1 215
2 109
2 434
2 101
1 107
2 243
1 452
2 444
2 243
2 28
2 494
1 272
2 249
1 415
1 13
1 402
2 330
1 44
2 315
1 360
2 391
1 19
1 480
1 406
2 414
2 343
2 273
1 115
2 437
2 429
2 380
1 28
2 191
2 323
2 66
2 278
1 488
1 149
1 461
2 190
1 339
1 484
2 498
1 336
1 478
1 235
1 297
1 418
2 36
2 196
2 275
2 409
1 472
2 229
1 463
1 9
1 302
1 116
2 293
2 436
1 418
1 479
1 135
2 405
1 489
1 475
2 424
2 376
2 143
2 178
1 374
1 111
2 381
1 177
2 381
2 294
1 486
2 216
2 373
1 346
2 219
1 327
1 54
1 36
2 158
2 154
1 102
1 58
1 193
2 6
2 51
2 75
1 275
1 360
2 409
1 63
2 25
2 120
2 295
2 127
1 71
1 335
1 99
2 5
2 479
1 216
2 12
1 416
2 79
1 137
2 481
1 465
2 292
1 287
1 90
2 38
1 248
1 183
1 116
2 137
1 400
1 474
2 493
1 49
2 165
1 261
2 89
2 353
1 160
1 466
2 256
2 112
1 78
1 201
1 184
2 287
2 40
2 345
1 2
1 306
1 431
1 162
2 142
1 250
2 357
2 401
2 421
1 320
2 9
1 192
1 209
1 126
1 442
2 484
2 364
2 460
1 207
2 16
1 339
2 353
2 332
2 363
1 469
1 102
2 202
2 21
1 327
1 9
1 116
1 63
2 133
1 476
2 347
2 242
2 460
1 83
2 51
1 246
2 479
1 347
1 344
2 441
1 365
1 438
1 145
1 15
2 225
1 171
2 185
2 107
1 358
1 434
1 339
2 278
2 378
2 201
1 195
2 391
2 294
1 95
2 31
2 419
1 450
1 178
1 2
2 277
2 30
1 119
1 93
1 36
1 224
1 43
2 229
1 33
1 317
2 164
1 87
2 455
2 172
1 170
2 472
2 383
2 360
2 368
1 101
1 126
1 343
1 446
2 305
2 297
1 457
1 321
1 42
2 80
2 462
2 89
1 399
1 434
2 176
1 62
1 409
2 452
2 59
2 26
2 227
1 336
1 133
1 79
2 486
1 91
1 110
1 381
2 3
1 119
1 319
1 306
2 71
2 182
2 357
2 195
1 380
2 471
1 390
2 390
1 58
2 175
2 12
2 27
1 72
2 43
2 381
1 173
2 456
1 283
2 264
2 248
2 359
1 359
2 118
1 476
2 80
1 45
2 56
1 456
2 420
2 221
1 346
1 454
1 247
1 114
2 213
2 357
2 430
2 171
2 463
1 73
1 295
2 337
1 40
1 329
1 290
2 463
1 442
2 289
2 4
1 403
1 114
2 491
2 326
2 441
1 159
2 33
2 129
2 7
2 13
2 332
1 87
1 289
2 62
2 273
1 182
2 133
2 137
2 189
1 284
2 101
1 493
1 98
1 354
1 142
1 142
2 20
2 118
1 109
1 89
2 245
1 407
2 417
2 500
2 5
2 438
2 428
1 442
2 51
1 481
1 13
1 368
1 202
1 192
1 17
1 42
2 401
1 489
2 343
1 126
2 474
2 155
2 492
2 130
2 392
1 290
1 83
1 288
2 495
2 446
2 110
1 123
1 287
2 31
2 451
1 327
1 218
1 29
2 78
1 455
2 267
2 76
2 254
2 337
1 193
2 110
1 122
1 368
1 194
1 389
1 53
2 272
1 196
1 330
2 457
2 445
2 381
2 275
1 383
1 233
1 98
1 433
2 277
1 330
1 197
1 466
2 285
2 370
1 388
1 457
1 188
2 418
1 273
1 405
1 7
2 435
1 182
2 378
1 19
1 279
2 129
1 168
2 184
2 97
2 440
2 414
2 157
2 46
1 227
1 437
2 438
2 41
2 89
1 428
2 477
2 26
1 154
2 370
1 81
1 408
2 74
1 499
2 356
2 160
1 346
1 167
1 318
2 458
1 476
1 217
2 296
1 262
2 138
2 138
1 301
1 442
1 71
2 456
1 337
2 360
1 62
1 21
2 84
2 489
2 216
2 215
2 150
1 311
2 459
2 208
2 198
1 484
1 442
1 45
1 406
1 163
1 281
1 50
1 162
1 275
2 446
2 239
2 465
2 85
2 349
2 33
1 294
1 165
2 159
1 364
2 465
1 236
1 209
2 461
1 27
2 450
1 76
1 271
1 89
2 314
2 499
1 335
1 65
2 26
1 60
2 140
2 267
2 474
2 11
1 49
2 21
1 213
1 38
2 339
1 189
1 414
1 201
1 479
2 451
2 192
1 97
2 238
2 409
2 190
1 145
1 160
2 87
1 464
1 206
1 101
2 305
2 82
2 114
1 473
1 268
2 426
2 199
2 431
1 374
1 231
1 209
1 238
1 114
2 271
2 2
1 65
1 238
1 162
2 410
1 415
2 150
1 245
2 354
1 456
2 147
1 300
1 427
2 3
1 237
2 63
1 348
2 247
2 273
1 436
1 394
1 210
2 245
2 391
1 482
1 29
1 235
1 335
1 217
2 405
2 314
2 395
2 94
2 246
1 401
2 399
1 86
1 336
1 266
2 279
2 276
2 227
2 487
2 376
2 250
1 7
2 247
2 75
1 394
1 409
1 204
2 87
2 118
1 470
1 204
2 334
1 407
1 194
2 473
2 299
1 200
1 488
1 58
1 489
2 234
2 96
2 55
1 430
2 160
2 408
2 351
2 194
1 5
2 354
2 159
2 402
2 458
2 156
2 302
2 170
2 41
2 28
1 3
2 120
1 59
2 376
1 471
1 167
2 160
1 303
2 172
1 177
2 296
1 200
1 328
2 336
2 337
2 168
2 171
2 352
1 17
1 139
2 297
2 166
1 28
1 126
1 24
1 384
2 486
2 120
2 303
1 237
1 170
1 330
2 394
1 274
1 409
1 101
2 272
1 364
2 85
1 202
1 143
1 131
1 20
1 145
2 57
2 166
2 137
2 271
1 28
1 144
1 159
1 344
1 361
1 80
2 49
1 257
2 71
2 23
1 488
2 468
2 251
2 123
2 480
2 269
2 288
1 295
1 7
1 227
2 197
1 163
2 439
2 288
2 9
1 303
2 180
1 393
1 255
2 169
1 259
2 92
1 52
1 343
1 24
2 276
1 226
1 317
2 61
1 25
2 469
2 417
1 301
2 281
2 323
2 288
2 89
2 478
1 117
1 49
1 240
1 63
1 318
2 482
1 186
1 150
1 37
2 153
2 227
1 243
1 234
1 334
2 112
1 166
1 335
2 219
2 242
1 392
2 12
2 288
1 82
1 55
1 356
1 306
1 345
1 335
1 281
2 104
2 332
1 472
1 188
2 92
2 176
2 192
2 59
2 88
2 120
2 110
2 202
1 409
1 167
2 327
1 263
2 192
1 404
2 464
2 57
2 223
1 242
1 271
1 97
1 440
1 352
1 43
2 169
2 154
2 397
2 134
1 263
2 105
1 192
1 460
1 475
1 184
1 300
1 15
1 15
2 463
2 208
2 475
1 159
2 62
1 109
1 215
2 372
2 92
2 91
2 15
2 288
1 132
2 355
1 186
2 304
2 439
2 5
1 90
1 394
1 219
1 347
2 428
1 455
2 485
2 421
2 461
1 48
1 499
1 442
1 122
2 332
2 460
2 326
2 352
2 52
1 424
1 58
2 320
1 369
1 409
2 6
2 52
2 165
1 306
1 234
2 202
2 191
2 105
1 414
1 438
2 229
2 67
1 63
1 150
2 393
1 275
1 482
2 302
1 376
2 103
2 237
2 378
1 21
1 147
1 290
2 251
1 149
2 8
1 406
2 346
1 270
2 47
2 299
1 101
1 158
2 487
1 63
1 173
1 197
1 369
1 108
2 60
1 139
2 319
1 279
2 193
1 137
2 2
2 438
1 312
2 9
1 341
2 13
2 6
1 184
2 399
2 197
1 251
1 376
2 379
1 85
1 53
2 162
2 359
1 8
2 46
1 172
1 291
2 251
1 246
1 374
1 281
2 454
2 406
2 99
1 335
1 59
2 460
2 293
2 172
2 193
2 20
1 307
1 400
2 458
2 194
2 493
1 253
1 356
1 126
2 498
1 342
1 199
2 128
2 471
2 495
2 368
2 27
1 176
1 82
2 423
2 20
2 453
1 212
1 134
2 114
2 149
2 38
2 108
1 41
1 464
1 241
2 254
2 208
2 396
2 118
1 120
2 84
1 260
2 231
2 484
2 375
1 151
2 330
1 78
1 188
2 109
1 428
1 398
2 143
2 128
1 463
2 396
1 170
2 193
1 400
1 96
1 159
2 38
1 208
2 61
2 360
1 26
2 31
2 273
2 68
1 432
1 350
2 427
2 186
2 123
2 146
1 210
1 168
1 143
1 66
1 474
2 225
1 63
2 274
1 428
2 439
2 222
2 390
2 159
2 119
2 11
2 203
1 272
1 171
2 449
2 322
2 13
1 274
1 300
2 467
2 240
2 290
2 397
2 461
1 457
1 40
2 48
1 38
2 112
2 85
1 297
1 334
2 303
2 88
2 6
1 181
2 311
1 57
2 352
1 114
1 449
1 126
1 395
1 18
1 224
2 270
1 212
2 180
2 62
1 469
2 173
2 311
2 323
2 394
1 236
2 334
1 12
2 383
2 326
2 468
2 207
2 420
1 44
1 432
2 71
1 23
2 401
2 430
2 403
2 248
2 181
2 26
2 392
2 155
2 13
1 118
2 211
2 136
1 340
1 62
1 171
1 357
2 120
1 145
1 460
2 364
1 177
1 36
1 2
1 489
1 312
1 436
1 346
2 331
1 342
1 299
2 327
2 287
1 144
1 171
2 28
2 95
1 128
1 124
2 172
1 346
2 69
2 208
1 203
1 303
2 281
1 261
2 460
2 404
1 330
1 206
2 312
1 413
2 134
1 419
2 147
1 139
2 248
1 332
2 87
2 199
2 88
2 177
2 357
1 150
2 357
1 247
2 359
2 107
1 194
1 148
1 493
1 110
2 335
1 43
2 76
2 491
2 51
2 61
2 98
2 297
2 270
1 123
1 54
2 324
1 310
2 143
2 461
2 247
2 194
2 68
2 381
1 283
2 225
2 41
1 405
1 128
1 85
1 6
1 35
2 237
1 3
1 498
2 132
1 258
2 236
2 445
1 234
2 250
1 273
2 484
1 332
2 203
1 65
1 53
2 240
1 294
2 373
1 205
1 239
1 32
2 490
1 442
1 406
1 237
1 186
1 355
2 183
1 284
2 469
1 197
2 181
1 451
2 133
2 408
1 321
2 346
1 266
2 237
2 182
1 201
2 193
2 87
2 168
1 473
2 262
2 345
1 11
2 347
2 153
1 14
2 45
2 135
1 350
2 333
2 344
2 102
2 143
1 115
2 410
1 447
2 460
2 464
1 141
1 465
2 416
1 118
1 41
1 121
1 474
2 272
1 189
2 410
1 413
1 142
1 315
1 196
2 82
2 96
1 173
1 366
1 390
2 399
1 438
2 171
1 324
1 433
1 19
1 47
2 217
1 308
1 479
2 158
1 365
2 485
2 165
2 476
1 37
1 187
2 245
2 90
1 2
1 135
1 215
1 6
2 73
2 314
1 19
2 167
1 428
1 124
1 206
1 349
1 325
2 68
2 95
2 340
1 30
2 172
1 8
2 379
1 194
1 483
1 367
1 447
1 153
2 89
1 22
2 303
1 175
2 119
2 379
1 68
2 284
2 208
2 120
1 223
2 482
2 376
1 58
2 345
1 97
2 271
1 221
1 167
2 296
2 15
1 95
1 138
1 25
1 21
1 283
2 456
1 299
2 167
2 357
2 270
2 295
2 274
2 466
2 409
2 429
2 138
2 209
1 105
2 473
2 376
2 219
2 75
2 217
2 77
1 252
2 378
1 91
1 413
1 444
2 20
1 448
2 247
1 432
2 240
1 327
2 363
2 1
2 117
2 177
1 290
1 244
1 178
1 171
1 93
1 114
1 337
2 268
2 420
1 137
2 307
2 477
2 211
2 457
1 46
1 373
2 117
1 206
1 153
1 235
2 193
2 356
1 113
2 316
2 26
2 43
2 267
1 205
1 348
1 157
2 499
2 80
2 348
2 261
1 13
2 244
2 47
2 290
1 425
1 192
2 410
1 487
1 105
2 357
2 204
2 345
1 245
1 169
1 61
2 443
2 127
1 333
1 488
2 333
2 80
1 67
2 461
2 368
1 95
2 370
2 441
1 204
1 342
1 481
1 4
1 178
2 461
1 156
2 484
1 65
2 67
2 403
2 35
2 444
2 51
2 279
2 379
2 380
1 410
2 473
1 136
1 248
1 11
2 248
2 94
1 409
1 294
1 38
1 286
1 457
1 294
2 30
1 273
1 243
2 122
2 448
2 216
2 204
2 301
1 425
1 115
2 257
2 200
1 236
2 127
1 24
2 483
1 444
2 315
2 289
1 253
1 396
2 282
2 251
1 254
2 327
2 211
2 129
1 229
1 99
2 260
2 127
1 176
2 200
1 313
2 129
1 76
1 237
1 326
2 291
1 365
1 448
1 404
1 190
1 291
1 339
1 410
2 347
2 91
2 278
2 35
1 320
1 133
1 319
2 247
1 38
2 431
2 390
1 264
2 318
1 367
1 160
1 176
1 65
2 52
1 21
1 452
1 400
1 100
1 42
1 179
2 160
2 267
1 295
1 128
1 436
1 471
2 122
1 452
1 264
1 231
2 293
1 180
1 266
2 262
2 328
1 90
1 253
1 37
2 238
1 362
2 362
1 471
2 181
1 372
2 277
1 433
1 284
1 113
2 243
1 59
1 18
1 409
1 208
2 20
2 313
2 173
1 416
2 360
1 268
2 392
2 184
1 318
2 288
1 71
1 8
1 303
2 481
1 498
1 360
2 188
1 453
1 49
1 354
1 315
1 342
2 18
1 234
2 196
2 468
2 402
2 248
2 351
1 120
1 472
2 68
2 355
1 371
2 239
1 15
1 197
1 464
1 233
2 252
2 218
1 47
2 46
1 379
2 77
1 96
1 329
1 207
2 387
2 437
1 152
2 383
2 307
1 266
2 42
1 319
2 89
2 82
1 362
1 382
2 310
1 486
1 197
1 320
2 472
1 412
1 59
1 324
2 139
2 107
2 310
1 291
1 494
1 236
1 36
2 146
2 150
2 482
1 27
2 281
1 260
1 121
1 486
1 386
1 89
2 8
1 474
2 500
2 374
2 174
2 55
2 105
2 450
1 50
1 90
1 325
1 226
1 371
2 93
2 38
2 453
1 431
1 196
1 244
2 368
1 182
1 236
1 126
2 76
1 364
2 61
2 366
1 486
2 348
1 345
1 463
2 283
2 426
1 26
2 250
2 86
2 166
1 69
1 358
1 171
1 160
2 262
1 369
2 114
1 28
1 453
1 458
2 234
2 416
2 403
1 355
2 300
2 162
1 164
2 215
1 444
2 268
2 252
1 303
2 204
2 26
1 320
2 243
1 69
1 368
2 27
2 459
2 95
1 46
1 343
2 147
1 135
1 343
1 254
2 454
2 475
2 316
2 165
1 404
2 420
2 203
1 345
1 272
2 485
1 252
2 78
1 465
1 16
2 153
2 303
1 77
1 436
1 128
1 302
2 184
2 153
1 18
1 251
1 140
1 459
1 414
1 141
1 303
1 388
2 276
2 60
1 24
2 96
2 298
2 181
2 321
2 218
1 34
2 127
1 56
2 269
2 324
2 403
1 417
1 432
1 184
2 396
2 189
2 357
1 91
2 466
2 426
1 248
2 4
2 336
2 163
1 231
2 365
2 316
2 423
1 324
1 90
2 165
2 413
2 264
2 262
1 265
2 117
2 497
1 91
2 30
2 436
1 443
1 393
2 432
2 358
1 124
2 178
1 225
2 161
2 445
1 422
1 460
1 222
1 9
1 288
1 268
1 149
2 227
2 173
2 59
1 118
2 328
2 322
2 237
1 97
1 255
1 391
1 259
1 22
2 479
2 8
1 88
1 160
2 197
1 325
2 65
1 289
2 88
2 1
2 444
2 210
2 318
1 264
1 415
2 46
2 150
2 490
2 208
1 51
1 185
2 363
1 20
2 198
1 113
1 136
2 146
2 107
2 296
1 242
1 359
2 454
1 339
2 244
1 296
2 154
2 21
1 434
2 18
2 500
2 328
2 39
2 331
2 139
1 366
1 187
1 166
1 231
1 286
2 253
1 473
1 62
2 273
2 237
2 477
1 273
1 74
2 480
1 455
1 233
1 349
2 396
1 410
1 221
1 304
2 277
1 231
1 473
2 36
2 497
1 149
2 167
1 283
1 478
2 115
1 261
2 481
1 328
1 485
1 437
2 372
2 268
1 106
1 309
2 301
2 4
2 278
1 22
1 167
2 149
2 61
2 95
2 416
1 134
1 321
2 40
2 487
1 350
2 399
1 85
2 167
2 499
1 462
2 355
2 371
2 261
2 263
1 175
1 129
2 430
1 231
2 346
2 276
2 13
2 205
1 225
2 390
1 314
2 96
1 331
1 23
1 249
2 299
2 167
2 83
1 228
2 64
2 234
1 268
1 218
1 47
1 194
1 17
2 139
1 378
2 430
1 264
1 389
1 304
2 193
2 150
1 403
2 197
1 256
1 86
2 287
1 267
1 68
2 338
1 451
2 378
1 319
1 261
2 259
1 113
2 154
1 75
2 178
2 396
1 86
2 110
1 465
1 55
1 215
1 441
2 310
1 396
1 163
1 334
1 71
1 76
2 411
1 485
2 272
1 226
2 213
2 432
2 63
1 60
2 81
1 441
2 169
1 18
1 343
1 457
2 1
1 341
1 34
2 352
2 57
2 366
2 263
2 297
2 487
1 453
2 59
2 309
2 80
2 262
1 382
1 187
1 102
2 145
2 204
1 291
1 128
1 232
2 157
1 67
2 87
1 413
2 264
1 223
1 252
2 469
2 406
2 218
2 386
2 493
2 414
1 200
1 143
2 432
2 162
1 497
1 369
1 244
2 335
1 32
1 154
1 422
1 7
2 418
1 353
2 332
2 398
2 308
1 17
2 43
1 440
2 277
2 300
1 145
1 189
1 423
2 27
1 106
2 335
2 128
2 137
2 157
1 45
1 426
2 406
1 238
1 358
1 6
1 385
1 495
1 177
1 120
2 317
2 440
2 451
2 42
1 82
1 121
1 14
1 39
2 365
1 264
2 142
2 232
1 270
1 303
1 199
1 353
1 350
1 18
2 414
2 388
2 109
1 121
1 258
2 244
1 286
1 196
2 480
2 9
1 357
2 399
2 85
2 422
1 246
1 86
1 202
2 154
1 333
1 135
1 136
2 63
1 238
2 52
2 37
1 318
2 223
2 300
2 171
2 444
2 12
1 428
1 354
2 375
1 59
1 479
1 92
1 319
2 152
2 249
1 282
2 433
1 487
1 14
2 452
1 425
1 339
1 381
1 137
2 82
2 468
1 240
2 453
2 91
1 281
1 144
1 110
1 418
1 307
2 104
1 240
2 277
1 84
2 122
1 264
2 266
2 466
1 346
2 268
1 226
1 127
2 461
1 296
1 35
1 13
2 416
1 371
1 182
1 201
2 174
1 209
2 250
1 296
2 296
2 31
1 462
2 242
2 449
1 356
2 343
1 473
1 324
2 302
2 297
1 11
1 169
2 112
1 96
1 13
1 322
2 265
1 255
1 262
2 395
2 38
1 189
1 347
1 205
1 368
2 353
1 174
2 300
2 291
2 44
2 490
1 401
1 205
2 260
1 62
1 286
2 95
1 312
1 337
1 293
1 220
1 285
2 18
1 382
1 35
2 166
1 494
1 278
1 425
2 15
1 394
2 436
2 126
2 282
2 115
1 370
1 71
2 431
2 442
1 452
1 88
1 500
1 35
2 131
2 17
1 444
1 150
2 250
2 330
2 441
1 309
2 129
2 317
2 23
1 222
2 86
1 92
2 243
1 417
2 437
2 74
1 46
2 463
1 202
1 30
1 87
1 304
2 421
1 478
2 82
2 269
2 360
1 307
1 190
2 179
1 7
1 209
1 179
2 51
1 166
2 373
1 122
2 171
1 352
1 189
2 198
2 303
1 21
2 11
1 183
2 187
2 145
2 445
2 270
2 54
2 427
1 39
2 158
2 294
1 208
1 294
2 143
2 462
2 409
2 224
1 217
1 484
2 8
1 387
2 127
1 64
2 422
1 453
2 162
2 440
2 432
1 125
1 386
2 236
1 115
2 89
2 72
2 44
1 204
1 60
1 74
2 235
2 76
2 425
2 137
2 309
2 154
1 142
2 224
1 184
1 40
2 168
1 49
2 43
1 345
1 286
1 77
1 412
1 410
1 445
2 404
2 467
2 390
1 447
2 189
2 450
2 107
1 192
2 32
1 462
1 187
2 145
2 118
1 119
1 96
2 74
2 167
1 260
2 351
1 21
1 40
2 120
1 292
2 4
2 248
1 403
1 64
2 401
1 307
2 61
1 285
1 104
2 377
2 359
2 273
1 266
1 202
2 162
2 399
2 167
1 334
2 136
1 468
1 431
1 258
2 379
1 476
1 196
1 197
2 78
2 286
1 132
2 284
2 183
2 162
2 32
2 270
2 244
2 54
1 214
2 164
1 56
2 425
1 342
2 158
1 293
2 467
2 133
1 421
2 284
1 15
1 77
1 186
1 224
1 494
2 254
2 232
1 352
2 413
2 481
1 464
1 364
1 50
1 384
1 310
2 404
1 186
1 460
1 151
2 463
1 324
1 357
2 229
1 63
2 400
1 62
1 169
2 349
1 420
1 391
2 103
1 405
1 125
1 363
1 250
2 271
2 245
2 480
2 334
1 466
1 141
2 153
2 452
2 230
2 85
2 304
2 118
1 326
2 423
2 370
1 365
1 97
2 471
1 434
1 173
2 241
1 425
2 474
1 246
1 99
1 28
1 16
2 461
2 239
2 29
1 258
1 452
1 354
1 133
2 77
1 37
1 471
1 62
1 189
2 351
2 136
1 392
2 227
1 344
2 438
1 277
1 469
1 253
2 149
1 313
2 395
1 394
2 15
1 12
2 114
2 194
1 296
2 104
1 141
2 339
1 23
2 477
2 194
1 369
1 319
1 418
2 235
1 281
2 119
1 303
1 210
1 185
1 433
2 27
2 87
2 354
2 331
2 304
1 264
1 217
1 57
2 146
2 150
1 391
1 421
1 203
2 41
1 136
2 28
1 249
1 379
2 427
2 137
1 437
1 105
2 333
1 491
1 156
1 255
2 111
2 92
1 305
1 53
1 457
1 454
2 397
1 11
2 96
2 108
1 398
2 241
1 78
2 59
2 75
2 279
2 340
1 498
1 354
1 288
1 333
2 218
1 128
2 256
2 79
1 459
2 428
2 410
2 133
2 89
2 485
1 392
1 441
2 172
1 143
2 455
2 255
2 56
1 253
1 308
2 27
1 159
1 168
2 162
2 389
1 7
2 321
1 401
1 491
1 55
2 86
1 107
1 34
2 73
1 326
1 468
1 202
2 9
2 399
1 21
2 271
1 363
1 129
2 353
2 38
2 251
2 120
1 314
2 224
1 142
2 470
1 104
2 440
1 391
1 133
1 328
2 143
1 346
2 305
1 242
1 309
1 317
1 53
1 433
1 368
1 176
2 387
2 359
1 242
2 367
1 12
1 129
1 384
1 277
1 24
1 381
1 361
2 111
1 327
2 41
1 321
2 382
2 199
1 237
2 340
2 166
1 297
1 357
1 120
2 71
2 150
2 178
2 500
1 128
1 35
1 223
2 88
1 117
2 47
2 431
1 308
1 89
1 242
1 487
2 430
2 59
1 211
1 294
1 375
2 239
2 144
2 467
1 268
1 222
1 288
1 52
2 99
1 402
1 437
1 256
2 148
1 150
2 401
2 420
1 67
2 240
1 471
2 145
2 142
1 404
2 369
2 80
1 447
2 159
2 73
2 101
1 80
1 282
2 44
1 460
1 64
2 24
1 257
1 124
1 386
1 383
1 334
1 73
1 294
1 367
1 498
2 290
2 69
2 261
1 476
1 278
2 123
2 425
2 320
1 333
2 279
2 311
2 28
2 96
2 466
1 391
2 281
1 96
2 454
1 16
1 280
2 320
1 93
1 336
2 496
1 469
1 234
2 90
2 14
1 286
2 499
1 146
2 59
2 331
1 448
2 145
2 491
2 184
1 412
1 200
2 39
1 33
2 151
1 237
1 159
1 494
1 197
2 140
2 231
2 119
2 21
2 109
2 79
2 298
2 312
2 249
1 369
2 326
2 255
2 34
2 84
2 422
2 370
1 239
1 236
2 482
1 472
2 118
1 383
1 244
1 116
2 247
1 125
2 354
2 487
2 144
1 118
2 202
2 330
2 290
2 149
1 320
1 214
1 374
1 57
2 493
1 461
2 8
1 15
2 168
2 452
2 423
2 228
1 111
2 416
1 474
2 23
2 388
1 434
2 35
1 82
2 366
1 470
2 331
1 437
2 189
1 161
2 160
1 86
1 149
1 374
1 122
1 118
2 336
1 122
1 393
2 249
1 448
1 334
2 257
2 129
2 10
2 259
1 233
2 143
2 50
1 206
2 264
2 31
2 374
1 320
2 206
1 80
1 341
1 284
1 184
1 246
2 256
2 66
1 201
2 72
1 224
2 124
2 452
1 289
2 158
2 295
2 380
2 220
2 140
2 170
2 470
2 367
1 419
2 65
2 493
2 72
1 265
2 407
1 53
2 393
1 155
2 276
2 265
1 255
1 202
1 78
1 190
2 249
2 81
2 283
2 301
2 140
1 253
1 133
2 93
2 366
2 416
1 281
1 341
2 436
1 162
2 65
1 309
2 164
2 478
1 313
1 4
2 47
2 350
1 413
1 408
2 189
2 272
2 355
1 208
1 5
2 154
1 72
2 86
2 55
2 385
1 45
1 172
2 348
2 474
2 315
1 391
2 56
1 175
1 477
1 403
2 103
2 254
1 223
1 465
2 106
2 496
1 440
2 445
1 40
1 400
1 151
1 60
2 155
1 320
2 468
2 315
1 483
2 447
2 112
2 185
2 111
2 219
2 51
2 338
1 80
2 295
2 230
1 141
1 440
1 218
2 34
1 328
1 304
1 72
2 37
2 484
2 289
1 49
2 216
1 281
2 326
2 229
2 133
2 290
1 329
2 330
1 243
2 230
1 282
2 313
1 409
1 169
2 349
2 240
1 455
1 210
1 298
2 187
1 159
1 353
2 39
1 53
2 190
1 178
1 82
1 493
2 137
2 39
2 230
1 400
1 149
1 315
2 400
2 80
1 181
2 249
2 318
2 351
1 434
1 183
2 370
2 209
1 188
1 491
2 377
1 452
1 351
1 28
1 119
2 12
2 391
1 221
2 116
2 68
2 450
1 415
2 276
1 325
2 223
2 231
2 408
1 180
2 300
2 212
1 314
2 272
1 38
1 116
2 414
2 53
2 136
1 386
1 295
1 226
2 228
2 319
2 342
2 245
2 57
2 262
1 383
2 278
2 376
2 425
2 280
1 356
2 297
2 178
2 302
1 311
2 64
2 367
2 479
1 398
1 272
2 257
1 192
1 278
2 483
2 60
1 384
2 380
1 7
1 474
1 313
1 40
1 264
1 132
2 369
2 482
1 40
1 498
2 328
2 149
1 181
1 423
1 474
1 447
1 211
1 139
2 55
1 102
2 436
1 265
1 466
1 296
2 187
2 235
1 419
1 175
1 295
2 15
2 251
1 100
2 233
2 40
1 120
2 458
2 430
1 63
1 319
1 400
2 2
2 371
1 74
2 371
1 494
1 488
1 51
1 260
2 30
2 422
2 144
2 408
2 452
1 320
1 179
1 127
1 58
2 451
2 245
1 498
1 411
1 185
2 425
2 95
1 95
2 306
1 395
2 163
2 34
1 468
1 53
1 95
1 146
1 240
2 71
1 480
2 75
2 293
2 461
2 304
2 255
2 497
1 174
2 200
2 344
2 475
2 465
2 358
1 466
1 352
1 39
1 220
2 348
1 463
1 103
1 66
2 78
1 210
2 424
2 14
1 428
1 16
1 408
2 205
1 174
2 113
1 240
2 28
2 48
1 246
1 459
2 211
2 225
1 491
1 181
1 267
1 343
1 203
2 359
2 328
1 463
1 300
1 476
2 140
1 169
2 377
2 400
2 367
1 359
1 475
2 65
1 498
1 227
1 362
2 106
2 321
2 332
1 474
1 298
1 35
1 54
2 297
2 350
2 280
1 224
2 98
2 348
2 196
1 146
2 11
2 97
2 23
1 154
2 439
2 166
2 269
2 88
2 24
2 79
2 496
2 409
2 91
1 39
1 182
1 46
1 286
1 226
2 273
2 361
1 181
1 388
2 244
2 217
2 263
1 422
1 450
1 202
1 438
1 381
2 127
1 162
2 271
2 425
2 469
2 106
2 162
1 302
2 468
1 376
2 165
2 192
1 478
1 209
2 337
2 385
1 366
1 228
1 136
1 31
1 140
1 457
2 481
1 409
2 127
1 383
1 136
1 109
1 171
1 380
1 258
2 471
1 14
1 463
1 201
2 457
1 481
2 344
2 374
1 465
2 240
2 348
2 125
1 340
2 477
1 302
2 188
1 210
2 321
1 54
2 17
2 64
2 479
2 161
2 11
1 57
1 324
1 328
1 63
1 243
1 443
1 274
1 168
2 34
1 358
1 213
1 302
1 222
1 35
2 484
2 360
1 498
2 147
2 483
1 196
2 249
1 120
1 119
2 208
2 479
2 444
2 291
2 318
1 376
1 98
1 248
2 455
2 492
1 274
1 163
2 50
2 459
2 136
2 160
2 81
1 111
1 180
2 120
2 117
1 53
1 59
1 375
2 249
1 466
1 43
1 490
1 390
1 464
2 377
2 71
2 260
1 333
2 434
1 140
1 151
1 468
2 195
1 426
2 59
2 464
2 371
1 396
1 105
2 489
2 482
2 142
2 444
1 384
1 129
2 131
1 418
1 340
1 291
2 55
2 8
1 153
1 27
1 193
1 407
2 316
1 444
2 332
2 282
2 116
2 89
2 42
1 196
2 118
2 350
1 39
2 245
1 438
1 239
1 107
2 163
1 236
1 231
1 344
1 282
1 274
2 410
2 228
2 252
2 443
2 220
1 161
2 25
1 88
2 79
1 112
2 467
2 50
2 414
1 61
1 57
1 270
1 205
2 422
1 398
2 408
2 198
1 285
1 17
1 188
2 417
2 40
1 498
2 432
2 186
1 162
1 30
2 207
1 132
2 41
2 197
1 497
1 367
1 319
2 5
1 33
1 157
1 9
1 13
1 268
1 136
1 440
2 64
1 102
2 330
1 75
1 441
1 271
2 57
2 245
2 95
2 38
2 201
1 256
2 190
2 262
2 156
2 193
1 403
1 266
1 287
2 258
2 468
1 89
1 469
2 288
2 461
1 165
2 223
1 373
1 498
2 440
1 39
1 225
2 277
1 173
2 386
1 493
2 161
2 228
2 413
1 191
1 341
2 34
2 330
2 179
1 245
1 333
2 102
2 224
1 102
1 293
1 29
2 192
2 218
1 318
1 435
1 355
2 419
2 393
1 351
2 427
2 41
2 229
1 371
1 223
2 403
2 312
2 152
2 472
2 274
2 350
1 352
2 186
1 149
2 370
2 353
1 445
2 407
2 238
2 329
2 101
2 179
1 14
1 267
2 50
1 477
1 100
1 160
2 450
1 67
2 306
1 466
1 164
1 126
1 1
1 66
2 241
1 217
1 426
2 442
2 374
1 430
2 97
2 110
1 396
1 216
2 447
1 154
2 257
1 216
2 289
2 62
2 376
1 134
2 260
2 332
2 196
2 458
2 350
2 42
2 446
1 150
2 143
2 355
2 138
1 156
2 54
2 307
2 346
2 434
2 219
2 89
2 377
1 59
1 316
1 323
1 209
1 154
2 478
1 250
1 281
2 246
1 325
1 466
1 196
2 126
2 367
1 33
1 464
2 469
2 42
2 40
2 466
2 305
1 404
1 263
1 162
1 221
1 411
2 7
2 289
1 225
1 50
2 399
2 199
2 291
1 214
2 342
2 227
2 474
2 404
1 370
1 95
2 403
1 481
1 464
2 245
1 276
1 444
1 158
1 245
2 233
1 131
2 488
2 425
1 339
1 401
2 393
1 3
1 1
2 261
1 103
2 3
2 151
1 404
1 439
1 108
2 309
1 449
2 447
2 110
2 201
1 197
2 357
2 92
2 181
1 24
1 61
1 14
2 323
2 370
2 269
1 136
2 67
1 225
2 457
1 2
2 48
1 453
1 249
2 113
2 100
1 416
1 14
2 222
1 50
1 301
1 273
1 98
2 371
2 56
2 360
2 187
2 458
1 163
1 36
2 339
2 262
1 147
2 35
1 167
1 311
2 457
2 106
1 126
1 228
2 7
1 441
2 346
1 184
1 308
2 134
1 58
1 251
1 226
2 275
1 424
1 210
1 372
2 286
2 143
2 29
2 304
2 193
1 71
2 9
1 299
2 375
1 242
2 263
2 114
1 211
2 327
1 269
1 87
1 47
2 418
2 81
1 248
2 223
1 353
2 47
1 77
2 211
1 249
1 137
1 215
2 103
2 118
2 90
1 276
1 284
2 63
1 118
1 341
1 479
2 127
2 196
2 297
2 373
2 436
2 259
1 207
2 394
1 83
2 380
1 471
2 254
2 231
1 194
2 267
1 115
2 196
2 448
1 273
1 388
1 180
1 61
1 358
1 413
1 140
1 149
1 11
2 494
2 330
2 163
1 358
2 341
2 291
1 396
2 459
1 474
1 281
1 227
2 191
2 430
2 487
2 292
2 37
1 89
1 472
2 461
1 83
2 86
1 440
1 140
1 469
1 239
2 351
2 239
1 160
2 372
1 303
2 494
2 300
1 204
1 388
1 453
1 169
1 47
1 371
2 358
2 152
1 440
1 413
1 395
1 402
1 69
1 133
1 42
1 347
2 55
1 113
2 55
2 249
1 240
2 140
2 310
2 45
2 496
2 482
2 232
1 360
1 439
1 65
2 128
2 77
1 496
2 41
1 321
2 355
2 111
1 361
1 340
2 372
1 65
1 430
1 89
2 151
2 485
2 359
1 477
1 293
1 328
2 226
2 325
1 413
1 278
2 207
2 30
2 304
1 136
2 446
1 374
1 454
1 311
2 469
2 100
2 463
2 150
1 279
1 119
2 113
1 316
1 365
2 454
1 290
2 253
2 16
1 183
2 335
2 281
2 131
1 119
2 363
1 132
2 446
2 184
1 350
2 81
1 195
1 438
1 474
1 423
2 19
2 458
2 449
1 359
2 174
2 376
1 449
2 380
1 461
2 155
2 413
1 228
2 121
2 295
2 206
2 435
1 173
1 428
2 186
1 51
2 467
1 98
2 285
2 12
2 392
1 407
1 253
2 115
1 3
2 172
2 477
1 284
2 54
1 121
2 201
2 301
2 301
1 285
2 78
1 181
2 314
1 477
1 278
2 143
1 203
1 340
2 272
1 179
2 39
2 415
2 173
2 462
2 316
1 57
2 246
1 214
2 29
1 328
1 484
2 437
1 136
2 216
2 104
1 83
1 396
2 436
1 63
2 41
1 347
2 123
1 390
1 206
1 229
2 427
1 355
1 249
2 492
1 249
2 61
1 440
1 180
2 375
2 476
2 472
1 216
1 117
2 133
1 227
2 206
2 424
2 368
1 403
2 339
2 157
2 186
1 206
1 175
2 460
1 199
2 323
1 229
2 223
2 112
2 222
2 453
2 229
2 21
2 31
2 486
1 110
2 135
2 388
2 99
2 310
1 130
1 415
1 274
2 70
2 437
2 54
1 492
1 62
1 117
1 222
1 131
2 124
1 350
1 278
1 210
1 449
2 423
1 400
2 500
1 433
2 316
1 30
2 472
2 170
1 386
1 41
2 426
1 486
2 27
2 427
2 54
2 279
2 238
2 25
1 352
2 230
2 147
2 326
1 201
2 409
1 238
2 454
1 316
2 142
2 406
1 283
2 295
2 139
1 91
2 473
1 324
1 461
1 312
1 291
1 132
2 450
1 351
2 385
1 46
1 212
2 446
1 113
1 259
1 123
2 118
1 143
2 1
2 262
2 240
1 176
2 454
2 444
1 380
1 322
2 58
2 431
2 231
2 94
2 498
1 189
1 367
2 56
1 285
1 32
1 425
2 99
2 36
1 34
2 74
2 43
2 444
2 485
1 367
1 14
2 145
1 480
1 237
2 83
2 408
1 249
2 24
2 63
2 92
1 325
2 303
2 147
1 43
2 271
1 208
1 126
2 41
2 68
2 195
1 150
2 115
1 435
1 300
2 49
2 444
2 408
1 444
1 195
1 185
2 247
1 304
1 300
2 180
2 121
2 368
1 477
1 371
2 324
1 111
1 265
1 96
1 4
2 77
1 25
2 15
2 357
1 495
1 14
1 375
2 400
1 256
1 428
2 490
2 500
1 474
1 6
2 287
2 108
1 58
1 328
1 106
1 94
1 44
2 478
1 93
2 363
2 105
1 31
1 392
1 398
2 146
2 434
1 115
2 351
1 376
2 448
2 66
2 285
2 351
1 378
1 490
2 496
1 30
1 40
1 407
2 138
1 191
2 188
2 315
1 328
1 68
2 375
1 19
2 242
1 420
1 17
2 212
1 355
2 37
1 366
2 182
1 347
1 278
1 28
2 275
2 486
2 334
1 328
1 370
2 425
2 40
2 50
2 304
1 196
1 149
2 283
1 416
2 405
1 366
1 342
1 490
2 334
2 39
2 379
1 434
2 49
2 448
1 428
2 353
2 443
2 183
2 34
2 57
1 496
1 221
2 265
1 15
2 237
2 463
2 165
1 121
2 221
1 162
1 171
1 122
2 218
1 189
2 106
2 392
2 370
1 141
1 25
1 84
2 412
2 227
1 294
1 288
1 119
2 13
2 166
1 253
2 290
2 485
2 389
1 348
1 339
1 244
1 495
2 476
2 77
2 482
2 402
1 236
1 422
2 161
1 234
2 322
2 410
2 270
1 386
2 408
2 308
2 440
2 181
2 61
1 469
1 480
1 15
2 94
2 167
1 376
2 370
2 127
2 207
1 429
2 68
1 169
1 190
1 30
1 226
1 479
2 483
1 416
1 377
2 434
2 114
2 147
1 209
1 466
1 225
1 8
2 81
1 20
1 487
2 492
1 490
1 258
1 132
1 469
1 386
1 254
1 414
2 187
2 378
1 390
1 398
2 246
1 276
2 100
1 17
2 177
1 264
2 478
2 164
1 106
2 52
1 252
2 112
1 439
2 294
1 442
2 428
1 20
2 8
2 20
2 413
2 30
2 335
2 423
1 305
2 398
1 388
1 24
2 291
2 191
1 494
1 126
1 23
1 180
2 116
1 407
2 248
1 57
1 147
2 431
2 7
1 10
1 329
2 96
1 495
1 55
2 122
2 114
1 178
2 26
2 344
1 25
2 72
2 376
1 412
1 20
1 486
2 368
1 61
2 285
1 453
1 248
1 372
2 69
2 357
2 45
2 230
1 495
2 354
2 18
2 28
2 387
2 417
1 31
1 68
2 237
1 6
1 93
2 48
1 129
1 108
1 308
2 299
2 490
1 377
2 269
1 248
2 121
1 408
2 493
2 317
2 347
2 64
2 403
2 452
1 367
2 409
1 100
2 180
2 210
1 447
1 312
1 132
1 210
2 82
1 218
1 283
1 72
1 354
2 309
1 210
2 68
1 200
2 28
1 107
2 435
1 215
1 451
1 29
1 441
1 66
1 360
1 73
2 397
1 109
2 435
1 231
2 139
2 373
1 162
1 403
1 89
2 46
2 18
1 403
1 388
1 467
2 371
2 233
2 169
1 324
2 363
1 309
1 336
1 19
2 365
2 149
2 93
1 343
2 471
2 420
1 416
2 308
1 129
2 405
2 234
1 252
1 133
1 449
2 93
1 21
2 240
2 261
2 214
1 295
2 200
1 246
1 304
1 105
2 298
2 81
2 88
1 478
2 244
2 393
1 246
2 497
2 434
2 21
2 212
2 387
1 233
2 231
1 390
2 320
2 48
2 217
2 84
1 59
2 324
2 367
2 68
2 258
2 119
1 203
2 297
1 446
2 74
1 268
2 362
1 149
2 340
2 396
2 262
1 102
1 109
1 358
1 182
2 380
1 97
1 334
2 171
2 125
1 306
1 58
1 479
1 428
1 422
2 93
1 333
1 473
2 365
1 320
1 297
2 197
2 132
2 137
2 309
2 398
2 4
1 134
2 13
2 4
2 440
1 470
1 493
1 64
2 123
2 254
2 81
2 163
1 333
2 218
2 263
1 107
2 275
1 453
2 357
1 73
1 404
1 419
1 187
1 457
1 364
1 228
1 364
2 359
1 393
2 41
1 396
2 274
1 91
1 456
2 33
2 94
1 274
1 388
2 493
1 270
1 109
2 355
2 91
2 20
1 493
1 491
1 59
1 409
2 193
2 299
2 245
1 217
1 107
1 330
2 151
2 158
2 300
1 231
1 428
2 225
2 14
2 308
1 182
2 424
1 433
1 303
2 317
2 398
2 474
1 373
1 178
1 382
2 245
2 219
2 67
2 93
1 362
1 4
2 320
2 121
1 353
2 484
2 145
1 296
1 461
1 93
1 254
1 319
1 290
2 22
1 183
1 288
1 218
2 291
2 421
2 493
2 37
1 498
2 209
2 2
2 164
1 363
2 271
2 267
2 421
1 120
2 254
2 499
2 401
2 63
1 51
2 298
2 235
2 471
2 439
1 316
2 269
1 371
2 210
2 303
1 277
2 84
1 33
1 204
1 370
1 459
1 25
1 358
2 403
1 53
2 151
1 295
2 397
1 310
1 154
1 439
1 386
2 311
2 456
1 56
1 484
1 449
1 473
2 266
2 338
1 68
2 38
1 407
1 231
1 96
2 180
1 166
2 260
2 187
1 194
1 97
2 459
2 184
1 55
2 158
2 119
2 381
1 291
2 293
2 59
1 109
1 126
2 6
2 455
2 452
1 490
1 325
2 445
1 232
2 161
2 243
2 466
2 138
1 466
1 332
1 22
2 113
2 419
1 383
2 366
2 372
1 234
1 156
1 408
2 381
1 127
2 50
1 450
2 51
2 320
2 290
2 27
1 191
2 75
1 317
2 260
1 500
2 88
2 375
2 393
2 414
2 433
2 315
1 353
2 500
1 451
2 217
2 246
2 421
2 480
2 113
2 129
1 84
1 470
1 62
1 268
2 84
1 141
1 434
2 467
2 164
2 426
1 246
2 139
1 491
1 107
2 209
2 270
1 154
2 453
2 452
1 393
1 271
2 285
1 25
2 341
1 20
1 272
2 436
1 430
2 379
1 85
2 326
2 230
2 93
1 397
2 105
2 432
1 321
1 283
2 171
2 237
1 388
1 454
1 121
2 454
2 123
1 438
1 96
2 131
2 201
2 437
2 316
1 32
1 287
2 37
2 289
2 146
2 484
2 204
1 334
2 454
1 250
2 107
1 410
2 386
1 116
1 118
2 41
1 270
2 168
1 488
1 430
2 336
2 84
2 220
2 399
1 428
2 268
1 494
2 123
2 490
1 52
1 20
1 461
2 122
1 299
2 287
1 94
2 345
2 13
1 297
1 441
1 412
2 109
2 237
2 487
2 172
1 38
2 333
1 36
1 329
1 415
2 265
1 89
2 36
1 377
1 365
2 407
1 377
2 236
1 302
1 192
2 463
2 220
2 430
2 100
1 440
1 372
1 21
2 17
1 414
2 239
1 413
2 257
1 364
1 107
2 65
1 489
2 230
1 173
2 314
1 268
2 286
2 161
1 303
2 214
1 273
1 197
2 449
2 178
1 296
1 328
1 137
1 90
1 376
1 376
2 238
2 146
2 134
1 32
1 186
2 4
1 401
1 346
2 5
1 12
1 11
2 216
1 358
2 365
2 271
2 126
1 235
2 382
1 280
2 8
2 10
2 274
1 414
2 110
1 494
2 274
2 163
2 4
1 145
1 457
2 312
1 274
2 56
2 118
2 420
2 3
2 339
1 42
2 246
2 22
1 475
2 300
2 135
2 8
1 374
1 46
1 397
1 436
1 178
2 490
2 30
1 229
1 119
1 120
2 272
1 308
1 140
2 86
2 261
1 406
1 261
2 23
1 474
1 313
1 11
2 100
1 294
2 259
2 450
2 129
1 224
1 171
2 246
2 489
1 54
1 343
1 197
1 175
1 323
1 173
2 142
2 76
2 453
2 51
1 417
2 475
1 318
1 58
2 254
2 420
2 292
2 324
1 480
2 362
1 338
1 191
2 10
1 117
1 304
1 216
1 50
1 415
1 39
2 134
1 19
1 302
1 20
1 2
2 476
2 152
2 452
1 495
1 460
2 275
2 482
1 187
1 384
2 103
1 73
1 66
2 493
2 457
1 344
1 10
2 24
1 483
2 207
2 288
1 440
2 485
2 404
2 156
2 123
1 61
1 198
1 342
1 492
1 202
1 107
2 6
1 76
2 457
2 465
1 152
1 158
1 29
1 158
1 200
2 294
1 328
2 385
2 180
2 319
2 416
2 444
2 407
2 261
2 153
1 106
2 333
1 144
2 177
1 397
1 82
1 340
2 384
1 133
2 304
2 148
2 376
2 344
1 461
1 144
1 181
2 122
1 68
2 226
1 418
1 324
2 15
2 463
1 238
1 165
1 46
1 316
2 254
2 54
1 263
2 31
2 2
1 160
2 121
1 165
1 211
1 389
1 2
2 475
2 446
2 484
1 302
1 264
2 310
1 269
1 218
2 219
2 155
1 140
2 115
1 312
1 143
1 255
1 403
2 234
1 220
1 43
2 221
2 428
1 328
1 454
2 198
1 468
1 253
2 126
1 262
1 397
1 341
2 399
2 231
1 295
1 201
2 175
2 347
1 451
1 149
1 275
1 279
1 198
2 200
2 102
2 464
1 216
2 500
1 399
2 97
2 32
1 234
1 70
1 307
1 458
2 479
1 153
2 325
1 492
1 24
2 188
1 91
2 496
1 220
1 172
1 291
1 465
1 261
2 455
1 258
1 226
2 495
1 345
2 79
1 46
2 281
2 146
2 339
2 164
1 386
1 226
1 391
1 199
2 428
1 274
1 269
1 126
1 229
1 286
1 10
1 114
1 268
2 12
2 251
2 16
1 214
2 312
1 487
1 459
1 219
1 155
1 83
1 455
1 454
1 323
2 423
1 104
2 398
2 149
1 493
1 283
2 461
1 162
2 308
1 212
1 56
2 365
1 498
2 153
2 411
2 265
2 114
1 375
2 186
2 10
2 243
2 89
2 90
1 1
2 74
1 127
2 282
2 118
1 162
2 434
1 97
2 108
2 270
2 73
1 209
2 338
2 431
1 357
1 379
2 121
1 273
2 284
1 441
1 37
1 376
2 377
1 373
2 386
1 319
2 449
2 245
1 182
2 415
1 46
1 247
1 449
2 116
2 276
2 486
2 362
2 487
2 36
2 223
1 500
2 232
2 271
1 438
1 354
2 194
2 498
1 269
1 162
1 30
2 292
2 453
1 79
2 244
2 297
1 388
2 210
2 449
1 150
1 488
2 442
2 253
2 324
2 89
2 109
1 477
1 485
1 257
2 220
1 381
2 169
1 369
1 90
2 414
2 406
2 93
1 433
1 138
1 70
1 296
1 196
1 282
1 53
1 446
2 242
2 493
1 446
2 492
1 29
2 126
1 157
2 133
2 268
2 48
2 200
2 219
2 114
1 278
2 93
1 291
1 254
2 96
2 495
2 438
2 343
1 308
2 134
2 439
2 63
1 441
1 328
2 9
2 214
1 459
2 65
2 140
1 235
2 221
2 25
1 307
2 73
2 217
1 407
2 310
2 492
2 434
2 113
1 112
2 432
1 133
1 23
1 166
2 211
1 42
2 43
1 306
1 314
1 173
1 29
2 40
1 437
1 339
2 267
1 227
1 223
2 46
2 335
2 206
2 448
2 483
1 446
1 457
1 310
1 331
1 316
2 209
1 196
2 152
1 200
2 364
2 441
2 19
2 323
1 171
1 174
1 259
1 293
1 379
1 49
2 143
1 283
1 467
1 250
1 144
1 200
2 224
2 119
1 415
2 170
1 62
2 443
1 462
2 239
1 189
2 253
2 2
2 34
1 217
1 438
1 437
2 70
1 129
1 253
1 332
1 333
2 117
2 416
1 361
2 122
2 441
1 232
2 112
2 262
1 252
2 39
1 188
1 199
1 351
1 211
1 77
2 426
2 169
1 123
1 348
1 78
1 321
2 82
1 278
1 464
2 246
1 69
2 314
2 101
1 422
2 198
2 206
2 43
1 168
2 403
2 112
2 155
1 345
1 68
1 283
2 3
2 384
2 313
2 41
2 213
2 428
1 313
2 236
2 358
1 372
2 270
2 445
1 267
2 216
1 263
1 216
2 230
2 187
2 148
2 159
1 41
1 121
2 218
1 60
1 111
2 188
2 413
1 360
2 124
2 364
1 277
2 2
1 30
1 400
2 119
2 388
2 144
1 364
1 215
2 141
1 353
1 262
2 163
2 148
1 48
2 24
1 294
2 181
2 65
2 351
2 491
1 193
1 97
1 51
2 330
2 192
1 370
2 151
1 74
1 22
2 364
2 296
2 69
1 183
2 408
2 167
1 474
1 88
1 267
1 437
2 181
1 130
1 81
1 286
1 429
2 126
2 351
2 301
2 248
1 256
1 220
1 109
1 281
1 467
1 186
2 496
1 31
2 267
2 257
1 116
2 210
2 181
1 13
1 183
1 317
1 471
1 359
1 81
1 127
1 391
1 302
1 29
1 362
1 294
1 199
2 7
2 149
2 172
2 168
1 477
1 291
2 76
1 378
1 345
2 407
2 20
2 324
2 392
2 48
1 155
1 94
2 358
2 347
1 459
2 235
2 54
1 382
2 231
2 489
2 467
2 161
2 455
1 91
2 20
1 32
1 87
2 38
2 423
2 178
1 455
1 316
1 141
2 341
2 160
2 297
1 75
2 316
1 292
1 228
1 395
2 41
1 87
2 482
1 167
2 243
2 274
1 480
2 459
1 489
1 500
1 447
2 94
2 456
1 372
2 253
2 293
2 452
2 223
2 92
2 295
1 361
1 96
2 186
1 12
2 375
1 460
2 290
2 287
2 142
2 427
1 129
2 39
1 153
2 216
2 2
1 430
1 429
2 54
2 430
1 289
1 281
1 477
1 4
2 166
1 125
1 243
2 366
2 184
1 246
2 114
2 260
1 460
2 272
1 155
1 135
2 357
2 394
2 188
2 300
2 98
1 296
2 177
2 473
1 30
1 111
1 316
1 39
1 410
1 493
1 215
2 210
1 245
2 108
1 56
2 284
2 183
2 493
2 443
1 422
1 387
1 115
2 106
2 330
2 167
1 283
2 152
1 304
1 299
1 179
1 170
1 358
1 244
2 62
1 20
1 157
1 367
1 460
1 128
2 191
1 314
2 27
2 316
1 64
1 93
1 171
2 407
2 318
1 231
1 335
1 215
1 7
2 467
2 257
1 107
2 240
2 271
1 89
1 299
2 256
1 98
1 358
2 306
2 154
1 406
2 489
1 184
1 405
1 314
2 95
1 459
1 192
2 451
2 18
1 137
2 493
1 51
1 90
1 376
1 244
1 436
1 253
2 79
2 120
1 21
1 164
2 400
2 411
1 339
2 451
2 53
2 413
2 496
1 163
1 449
1 5
1 341
2 206
1 266
2 163
1 391
1 117
1 385
2 491
2 159
1 402
1 88
1 18
1 19
1 307
1 289
2 55
1 419
2 401
1 437
2 322
2 93
1 468
2 168
2 51
2 456
1 242
2 469
2 330
1 291
1 307
2 150
2 60
2 473
1 456
1 375
2 88
2 66
1 295
1 218
2 412
2 149
2 67
2 263
2 456
2 236
1 336
1 475
2 158
2 207
2 208
2 390
1 399
2 203
2 392
1 389
2 92
2 159
1 6
1 258
2 178
1 427
2 83
2 260
1 51
1 204
2 398
2 54
1 104
1 340
2 27
1 2
1 117
1 479
1 433
2 286
2 286
1 475
1 464
1 311
2 51
1 273
1 311
1 447
1 285
1 260
2 218
2 132
1 125
1 11
2 50
1 19
2 8
1 406
2 79
1 337
1 434
2 281
1 490
1 9
1 217
1 436
1 233
2 471
2 29
2 265
1 129
1 469
1 481
1 310
2 294
2 392
2 459
2 322
2 104
1 74
1 301
1 458
2 280
1 241
1 261
1 90
2 493
1 376
2 135
2 235
1 35
2 6
1 355
2 294
1 8
2 129
2 432
1 45
1 366
1 371
1 143
1 218
2 221
2 311
1 481
2 135
1 375
2 361
2 319
1 38
2 76
2 339
1 104
2 71
2 20
2 150
1 253
2 352
2 163
1 32
1 59
2 11
2 159
2 14
2 80
2 7
2 69
2 14
2 432
1 197
2 25
2 317
2 65
1 305
1 182
2 223
1 355
2 24
2 307
2 193
1 440
1 392
1 248
1 384
2 341
2 334
2 279
1 197
2 21
1 422
1 190
1 145
1 228
2 408
1 57
1 271
1 3
2 208
2 272
2 133
1 23
1 329
2 319
2 496
1 378
2 245
2 265
1 462
1 410
2 230
1 173
1 166
2 366
2 129
2 167
1 249
1 431
2 342
1 453
2 145
2 458
2 249
1 130
2 417
2 283
1 209
2 498
1 334
2 98
1 500
1 279
1 305
1 176
2 163
1 39
2 162
1 47
2 421
2 325
1 67
2 483
2 266
1 500
2 343
2 264
1 65
2 441
2 104
1 219
1 447
1 424
2 105
1 223
1 498
2 363
2 5
2 339
1 177
2 72
2 287
1 212
2 230
1 424
2 471
1 450
2 251
2 229
1 194
2 233
1 201
2 108
1 143
1 327
2 136
2 41
2 86
1 477
2 107
1 499
2 394
1 198
1 172
1 203
2 81
2 408
2 233
2 338
1 313
2 398
1 267
2 74
1 42
2 18
2 154
1 77
2 315
1 395
1 404
2 202
1 384
1 468
1 476
1 47
1 174
2 88
1 235
2 495
1 415
1 276
2 379
2 467
2 182
2 382
2 310
2 272
2 44
1 364
1 249
2 159
1 207
1 65
2 259
2 68
2 422
1 241
1 400
1 196
2 420
2 18
2 11
2 125
2 380
2 426
1 399
1 401
2 330
2 397
1 375
1 260
1 159
2 299
1 412
1 139
2 422
1 412
2 296
1 339
1 376
1 155
1 199
1 230
1 372
1 467
2 442
2 394
1 283
2 158
1 38
1 376
1 303
2 244
1 27
1 125
1 197
1 28
2 187
2 275
1 87
2 156
1 171
1 127
2 446
1 146
2 431
1 294
2 12
2 183
1 470
2 144
1 438
2 413
1 131
2 386
2 279
2 96
1 146
2 254
2 358
1 426
2 125
2 373
1 460
2 378
2 66
2 447
2 43
2 331
2 397
1 94
2 312
2 476
1 263
1 400
2 481
2 261
2 248
2 444
2 392
2 487
2 193
2 163
2 495
2 112
2 412
2 418
1 245
2 33
1 326
1 332
1 109
1 114
1 428
1 414
2 230
1 127
2 185
1 361
2 134
1 422
1 28
2 473
2 435
2 336
2 288
2 270
1 110
1 455
2 293
1 208
1 268
1 296
1 327
2 482
2 128
2 210
1 93
1 484
1 38
2 492
2 337
2 73
1 496
2 186
1 247
2 310
1 283
2 169
2 113
1 273
2 405
1 100
2 15
2 376
1 105
2 377
2 480
2 442
2 31
2 115
2 224
1 494
1 380
1 466
2 164
2 85
1 72
1 64
2 322
1 490
1 10
1 70
2 370
2 316
2 341
1 29
1 205
2 421
1 184
2 280
2 477
1 266
1 251
1 338
1 473
1 201
1 397
1 323
2 484
1 167
2 419
2 240
2 69
2 410
2 399
1 451
2 257
2 478
1 250
1 431
1 495
1 203
2 253
2 9
2 366
2 413
1 74
1 110
1 164
1 246
1 413
2 492
2 469
1 28
1 137
2 439
2 294
2 225
1 370
1 134
2 464
1 371
2 50
1 383
2 203
1 127
2 380
1 136
1 439
2 65
2 325
2 409
1 200
1 16
2 423
2 7
1 47
2 127
1 61
2 160
2 340
1 82
1 108
2 419
1 83
1 325
1 190
2 229
2 70
1 309
1 245
1 378
2 44
1 90
1 364
2 71
2 91
1 274
1 220
2 447
1 28
2 413
2 208
1 458
2 237
1 269
2 433
1 123
2 353
1 284
1 165
1 122
2 5
1 304
1 440
1 230
2 225
1 35
1 135
1 208
1 462
1 352
1 177
2 74
2 390
1 448
1 63
1 12
1 465
2 495
1 269
1 222
2 70
1 276
1 452
2 75
2 15
2 158
2 457
1 220
1 293
2 104
2 88
2 126
1 134
2 159
1 196
1 246
2 340
2 321
2 207
2 203
2 377
1 412
2 295
2 383
2 1
1 294
2 452
2 344
2 391
2 338
2 234
2 55
2 307
2 215
1 474
2 86
1 481
2 35
2 183
2 66
1 254
2 476
2 129
2 142
1 173
2 310
2 266
1 331
1 443
1 437
1 166
2 265
1 223
2 125
1 67
1 441
1 400
1 377
1 86
1 251
2 200
1 17
2 276
2 389
1 96
2 485
1 51
2 259
1 400
2 31
1 276
2 286
2 90
1 407
2 31
2 285
1 217
2 47
1 500
2 413
2 463
2 208
1 497
2 139
1 53
2 214
2 343
2 207
1 12
2 458
1 270
2 475
1 395
2 33
1 159
2 193
1 341
1 487
2 70
2 85
2 145
1 155
2 500
2 122
2 474
2 256
2 173
1 432
1 455
1 313
2 260
2 86
1 257
1 140
1 400
1 152
1 225
1 234
1 19
2 438
1 286
2 438
1 127
2 25
2 36
1 397
2 194
2 246
1 258
2 480
1 461
2 405
2 289
2 261
2 345
1 2
1 95
2 88
2 11
1 5
1 153
2 340
2 87
2 352
2 321
2 206
2 462
1 318
1 100
1 408
2 479
2 426
2 199
2 145
2 181
2 254
2 254
2 383
1 29
2 388
2 417
2 334
1 55
2 331
1 432
1 302
1 498
1 335
1 444
2 256
1 332
2 161
2 305
2 276
2 129
1 386
1 108
2 127
1 221
1 20
1 47
2 413
2 252
2 92
1 430
1 23
2 60
2 197
2 78
1 49
1 487
1 455
2 4
1 460
1 39
2 79
2 4
1 481
2 442
2 154
2 272
2 483
2 211
2 47
1 151
1 346
2 233
1 435
2 381
2 164
2 77
2 356
1 438
1 391
2 408
1 102
2 72
1 214
2 263
1 70
2 59
2 253
1 215
1 380
2 434
2 366
1 489
2 294
1 408
1 157
1 79
1 198
2 341
2 285
2 375
1 219
2 473
1 76
2 11
2 485
1 202
1 157
1 274
1 468
1 337
1 201
1 233
1 270
2 365
1 380
2 463
1 375
2 69
2 325
2 109
1 226
1 363
2 352
2 388
2 22
2 498
1 344
1 323
2 6
2 370
2 277
1 483
1 119
2 454
2 186
1 104
2 224
2 497
2 159
2 449
1 461
1 253
1 27
2 268
1 114
2 269
1 320
2 393
1 5
1 233
1 112
1 305
2 6
2 465
1 389
2 195
2 210
2 4
1 226
2 119
2 259
2 80
1 489
2 368
1 22
1 387
2 140
2 171
1 196
2 13
1 399
2 285
1 358
1 47
2 411
1 421
2 52
1 451
2 324
2 238
1 474
1 330
2 167
2 462
1 487
1 297
1 384
2 49
2 221
1 323
2 261
2 3
1 95
1 56
1 476
2 115
2 269
2 414
1 149
2 500
1 52
1 224
2 229
2 176
1 368
1 79
1 93
2 143
2 238
2 308
1 491
2 14
1 71
2 397
1 153
1 205
1 44
2 490
1 405
2 220
1 15
1 103
2 82
2 349
1 443
1 384
1 430
2 396
1 175
2 70
2 188
2 382
2 407
1 2
2 388
2 286
1 222
1 212
1 132
1 475
2 216
1 64
2 107
2 201
2 251
1 460
2 248
2 373
1 64
2 168
1 299
2 57
1 192
2 176
1 328
1 454
2 359
2 244
1 475
1 98
1 65
2 220
2 249
1 170
2 170
1 468
2 494
1 193
1 144
1 213
1 221
1 366
2 182
2 248
1 404
2 85
2 401
1 133
2 248
1 165
2 343
1 89
2 360
2 374
2 352
1 474
1 251
1 355
1 152
1 439
1 446
1 376
1 327
1 346
1 13
2 343
1 494
2 44
2 64
2 208
2 354
2 339
1 76
2 35
1 294
2 487
2 348
1 84
2 73
2 452
2 291
1 292
2 77
2 341
1 455
1 406
1 433
1 411
1 436
2 87
2 122
2 467
2 286
1 347
1 183
2 295
2 444
1 461
1 125
1 11
2 53
2 239
2 12
2 493
1 446
2 176
2 4
2 239
1 396
1 499
1 88
2 403
2 82
2 403
1 368
2 489
1 33
2 257
1 375
2 344
1 32
2 442
1 365
2 175
1 470
2 338
1 169
1 87
2 307
2 160
1 458
1 446
1 374
2 238
2 155
2 272
1 304
1 72
1 246
2 280
2 475
1 123
1 61
2 246
2 402
2 41
1 53
1 404
1 40
1 26
2 426
1 84
2 215
1 249
1 106
1 378
1 349
1 75
1 60
1 128
2 225
1 23
2 6
2 54
2 272
1 295
2 433
2 278
2 386
1 310
2 257
2 274
1 38
2 367
2 20
1 262
1 14
1 224
2 414
1 119
2 61
1 382
2 144
2 343
2 388
1 223
1 190
1 453
2 196
2 175
1 165
1 311
1 220
2 252
2 164
1 170
1 135
2 272
1 413
1 306
1 265
1 147
1 376
1 32
2 270
1 138
1 142
2 315
2 335
1 197
1 288
1 277
1 120
1 200
1 161
2 35
2 237
1 82
1 133
2 34
1 170
1 188
2 120
1 375
1 272
1 155
2 141
2 480
2 478
2 144
1 240
2 266
1 212
2 439
1 163
1 449
1 495
1 347
1 342
2 271
2 496
2 171
2 207
1 249
1 385
1 25
1 422
1 451
2 340
2 32
1 212
2 38
2 116
1 172
2 308
2 421
1 219
2 292
1 297
1 461
2 283
1 156
2 127
1 393
2 346
2 172
2 405
2 115
1 296
2 33
1 433
2 259
2 248
1 428
1 441
2 76
2 226
2 483
1 188
1 170
2 152
1 293
1 254
1 279
1 398
2 153
1 116
2 332
2 312
1 258
1 500
2 178
2 267
2 428
1 388
1 338
2 143
1 446
1 389
1 297
1 387
2 319
1 63
2 68
1 262
2 181
2 361
2 485
2 371
1 80
1 213
2 500
2 250
2 455
2 20
2 128
1 404
2 111
1 449
1 44
1 354
1 322
1 434
1 192
1 421
2 265
1 243
1 340
2 60
1 335
1 397
1 189
1 112
1 469
1 181
1 121
2 88
1 452
2 99
1 381
1 118
2 153
2 261
1 205
1 490
2 103
1 204
1 389
1 147
2 227
2 221
1 417
1 289
2 384
1 216
1 407
2 261
2 397
2 106
2 44
2 343
2 184
2 494
1 214
1 281
1 318
2 287
2 364
1 307
2 315
1 363
2 58
2 335
2 347
1 259
1 239
1 240
1 352
2 198
2 224
1 4
1 182
2 480
2 70
1 495
1 11
2 160
1 183
1 226
2 137
2 271
2 290
1 1
2 447
1 205
1 27
1 63
1 54
1 456
2 31
1 210
2 11
2 109
2 418
1 222
2 170
1 133
2 57
2 451
2 330
2 173
1 419
2 267
1 481
1 447
2 376
1 404
1 81
1 78
1 197
2 404
2 494
2 29
2 169
1 53
2 338
2 206
1 16
2 228
1 46
1 210
2 33
2 306
2 476
1 463
2 386
1 243
1 254
2 430
2 454
1 125
1 263
1 399
1 6
1 125
1 3
1 324
1 299
1 352
1 217
1 298
1 32
1 333
2 15
1 59
1 448
2 111
1 365
1 339
1 339
2 273
1 500
2 229
1 282
1 72
1 246
2 303
2 261
1 413
2 101
1 94
1 358
2 461
1 418
2 296
1 465
1 449
2 368
2 262
2 109
2 350
1 54
2 334
1 140
1 292
1 421
2 140
2 293
1 204
1 251
2 318
2 419
1 179
1 295
2 287
2 477
1 460
1 140
2 47
2 242
1 19
2 427
1 145
2 109
1 133
2 347
1 278
2 67
1 402
2 100
1 319
2 176
1 458
2 274
2 94
1 46
1 30
1 473
1 191
2 373
2 496
2 124
2 335
1 80
2 107
1 276
2 108
2 55
2 118
1 273
2 195
2 26
1 290
1 101
1 134
1 6
2 44
2 253
2 23
2 319
2 364
1 405
2 249
2 35
1 139
1 280
2 478
2 409
2 6
2 99
2 334
1 472
1 85
1 312
2 408
1 439
2 427
2 241
2 154
1 392
1 287
2 476
1 327
1 30
1 245
1 175
1 84
1 11
1 369
1 478
2 303
1 399
1 462
1 256
2 267
1 110
2 318
1 168
2 321
2 328
2 177
1 199
1 499
2 131
1 383
1 348
2 375
1 118
1 385
1 155
2 373
1 407
1 201
1 38
1 271
1 142
2 71
1 410
1 401
1 141
2 499
1 23
2 233
2 412
1 366
1 472
1 182
2 279
1 304
2 107
1 34
2 224
1 440
2 25
1 24
2 178
1 4
2 246
2 341
1 58
1 427
2 295
1 111
2 194
2 389
1 192
1 252
1 230
1 400
1 235
1 271
2 297
1 465
2 362
2 404
2 362
1 152
1 142
1 80
2 380
2 486
1 94
1 339
2 133
1 281
2 365
2 483
1 176
2 260
1 103
2 12
1 196
2 323
2 129
2 23
1 223
2 283
1 450
2 343
1 63
2 152
2 25
2 292
1 433
2 293
1 65
2 203
2 319
1 97
2 280
1 159
1 480
2 21
2 414
2 214
1 337
2 402
2 351
1 265
1 244
2 171
2 213
2 421
1 250
2 182
2 488
1 382
2 133
2 99
1 117
1 21
1 177
1 18
2 319
1 162
2 43
1 223
2 57
2 342
1 363
1 187
2 67
1 21
2 322
1 96
2 431
1 448
2 242
2 338
1 451
2 474
2 183
1 303
2 42
2 396
2 20
1 107
1 2
2 137
2 246
1 317
2 52
1 339
2 81
1 56
2 379
1 79
2 429
2 151
2 377
1 227
1 332
2 186
2 311
1 359
2 109
1 437
1 143
2 156
2 155
1 457
2 93
2 445
2 268
2 343
1 196
2 96
2 105
2 211
1 306
1 176
1 301
1 426
2 90
2 18
1 144
1 480
1 213
1 461
1 222
2 327
1 76
1 296
1 54
2 151
2 280
1 477
1 141
1 374
2 186
2 178
1 421
1 269
2 433
2 464
2 384
1 72
2 64
2 194
2 225
2 328
1 22
1 287
2 409
2 245
1 107
1 127
2 431
1 11
1 476
1 18
2 116
2 373
2 159
2 147
1 263
1 91
1 481
1 298
2 94
1 335
1 168
2 431
1 208
2 313
1 267
1 246
1 122
2 412
2 37
1 16
2 236
1 434
1 39
1 309
1 477
2 36
1 307
1 94
2 258
1 402
1 88
2 405
2 117
1 341
2 78
1 303
2 166
2 84
1 172
1 188
1 238
2 144
2 40
2 263
2 494
1 173
2 162
2 142
2 97
1 431
1 190
1 190
2 322
2 410
2 17
2 492
1 23
2 150
1 223
1 211
2 427
2 149
2 163
1 219
2 272
2 136
2 234
2 167
2 450
1 251
1 377
2 423
2 81
2 165
1 188
2 224
2 461
1 407
2 14
2 234
2 273
2 449
2 46
2 265
2 246
1 164
1 462
1 373
1 10
2 401
1 115
1 164
2 200
1 197
2 194
1 53
1 3
2 176
1 319
2 246
1 160
2 38
2 494
1 366
1 150
2 405
1 94
1 338
2 489
1 209
1 20
2 203
1 113
2 421
2 23
1 199
1 74
1 154
2 497
2 274
1 489
1 261
2 97
1 227
2 187
1 322
1 400
2 227
2 107
2 499
2 312
2 162
2 432
2 156
1 37
2 277
1 459
2 460
2 338
1 344
2 177
2 230
2 393
2 293
2 455
2 479
2 488
1 355
2 158
1 51
2 291
2 424
2 68
2 7
2 124
1 429
2 71
2 81
2 319
2 462
2 15
1 243
1 432
1 477
2 107
2 487
2 57
1 349
1 496
1 381
1 261
2 272
2 171
1 294
2 76
2 114
1 46
1 148
2 453
1 418
1 2
1 160
1 166
2 34
2 68
1 280
1 74
2 159
2 106
1 233
2 58
1 475
2 54
1 432
1 245
2 269
1 456
2 155
2 141
1 134
1 101
2 387
2 168
2 419
2 348
2 306
2 201
1 212
1 401
2 315
2 195
1 242
1 216
1 475
1 84
1 267
1 224
2 210
2 50
1 368
2 483
2 6
2 304
2 492
1 63
1 52
2 241
2 110
1 40
1 163
2 395
2 11
2 434
1 361
2 52
1 83
1 252
1 272
2 360
2 110
1 68
2 30
2 305
1 264
2 427
2 319
1 59
2 292
1 401
1 326
1 232
2 189
2 52
1 38
1 222
2 333
2 160
2 449
1 58
2 308
1 343
2 9
2 307
1 393
2 304
1 362
2 182
1 17
1 361
1 145
1 405
2 223
1 395
2 379
1 87
2 140
2 17
1 330
2 300
1 234
2 495
2 489
2 497
2 410
2 411
1 143
2 86
2 230
2 239
1 136
1 498
2 106
1 275
2 189
1 360
1 28
2 220
1 383
1 20
1 425
1 401
2 96
1 283
2 318
2 285
1 198
1 80
1 148
1 90
1 279
1 461
1 8
1 321
1 248
2 33
1 326
2 442
1 270
1 450
1 448
1 393
1 220
1 301
2 178
1 406
1 43
1 262
1 249
1 291
1 478
2 371
1 107
1 77
2 387
1 316
2 464
1 332
2 383
1 253
1 77
1 368
1 375
2 21
2 414
1 471
1 486
2 47
2 5
2 173
2 352
1 77
2 399
1 201
2 95
2 193
1 462
1 143
1 40
2 163
2 178
2 48
1 325
1 312
2 420
1 220
1 323
1 290
2 408
2 353
1 295
2 25
2 308
2 444
2 34
1 152
2 90
2 78
2 145
2 95
1 372
1 187
1 314
2 266
2 319
2 74
2 367
2 221
2 117
2 373
1 122
1 213
1 427
1 126
2 179
1 486
1 386
2 448
2 353
2 123
2 35
1 135
1 498
1 280
2 20
1 116
2 380
1 204
1 470
2 228
1 401
2 401
1 89
1 40
2 413
1 463
2 209
1 200
2 453
2 173
1 483
1 316
1 468
1 19
2 200
1 436
1 14
1 441
2 388
1 247
1 141
1 98
1 159
1 260
2 480
1 286
1 71
2 175
1 472
2 326
1 494
2 475
1 153
1 462
1 247
1 191
1 417
1 441
2 289
1 389
2 483
1 82
2 479
2 295
1 5
1 325
2 85
1 358
2 419
2 128
2 26
1 404
2 457
1 221
1 395
1 218
2 487
2 134
2 111
1 119
1 399
2 466
2 446
2 423
1 493
1 29
1 219
1 164
1 128
2 125
1 198
1 251
1 344
1 353
2 15
2 274
2 265
2 100
2 413
1 426
2 424
1 274
1 238
1 21
2 26
2 238
2 190
1 462
1 75
1 192
2 136
2 206
2 55
2 463
2 30
1 223
2 46
1 299
2 137
2 499
1 168
1 440
2 428
1 446
1 67
2 295
2 453
1 455
2 8
2 325
2 8
2 194
2 247
1 335
2 14
2 249
2 273
1 242
1 441
2 257
1 176
2 62
1 254
1 135
2 284
2 150
2 210
2 344
1 38
1 190
2 67
1 84
2 478
2 242
1 215
1 425
1 253
1 370
1 353
1 119
1 166
1 279
2 314
1 182
2 3
1 401
2 161
1 259
1 12
1 56
2 202
1 468
1 170
2 459
1 44
2 10
1 48
1 436
2 261
1 211
2 341
1 36
2 299
1 491
2 498
1 241
2 229
1 4
1 249
1 272
1 391
2 353
1 272
2 151
1 258
2 498
1 176
2 302
2 327
1 489
1 41
2 374
1 492
2 223
1 190
1 384
1 478
1 222
2 228
1 132
2 436
1 286
1 162
1 290
1 83
1 15
1 210
1 449
2 468
2 145
1 17
1 293
1 467
1 243
2 89
1 31
2 3
2 488
2 108
2 4
1 258
2 17
2 110
2 371
1 488
2 87
1 394
2 497
2 245
2 259
2 317
2 209
2 309
1 187
1 176
2 458
2 413
1 251
1 291
1 99
1 488
2 133
1 416
2 446
1 72
1 196
1 196
2 410
2 156
-1
