1 93
2 476
2 16
1 465
2 87
1 108
2 467
1 492
1 42
1 262
1 366
2 139
1 331
1 211
2 309
2 414
2 463
2 132
1 342
1 348
1 235
2 470
1 294
2 77
2 258
2 6
1 477
2 261
2 276
1 423
1 137
2 336
2 77
1 428
2 415
1 346
2 82
1 54
2 128
1 413
1 173
2 65
2 415
1 159
1 500
1 125
1 270
1 439
1 131
1 116
2 493
1 45
1 481
2 4
1 433
1 197
2 186
2 457
1 290
2 141
2 196
2 128
2 281
1 163
2 284
1 307
1 443
2 405
2 153
1 383
2 175
2 393
2 44
2 312
2 464
1 473
2 273
1 328
2 166
1 463
2 471
1 280
1 176
1 336
1 443
1 117
2 1
2 477
1 358
2 228
2 445
1 331
2 299
1 270
1 351
1 468
1 57
2 235
1 282
1 411
1 492
2 193
1 36
2 387
2 161
1 65
2 313
2 26
2 257
2 279
2 230
1 280
1 197
1 221
1 288
1 406
2 10
1 474
2 118
1 141
2 325
2 87
2 304
1 451
1 258
2 370
1 179
1 329
2 15
1 56
1 33
2 284
1 58
2 439
1 468
2 158
1 488
1 280
2 60
2 54
2 163
2 8
2 424
2 419
2 238
2 444
1 435
1 311
2 188
2 224
1 32
2 151
2 328
1 13
2 365
1 56
2 192
1 72
1 103
1 406
1 316
2 109
2 132
1 299
1 224
1 179
2 254
2 477
2 463
2 320
2 258
1 206
1 289
2 417
1 470
1 83
1 374
1 240
1 315
1 177
1 411
2 145
1 387
2 96
1 314
2 28
2 141
2 224
1 213
1 25
2 461
2 320
2 150
2 192
1 300
1 354
1 426
1 225
1 322
1 13
2 87
2 410
2 125
2 8
1 125
1 372
2 343
2 123
1 453
1 308
1 33
2 313
1 362
2 122
2 356
1 22
1 26
2 21
2 267
1 340
2 264
2 328
1 253
1 449
2 116
1 308
1 120
1 310
2 8
2 368
2 268
2 9
1 375
2 148
2 260
2 384
2 49
2 480
2 364
1 357
2 240
1 331
1 487
1 44
1 274
2 60
2 355
1 38
2 96
2 222
1 171
2 230
2 371
1 223
1 194
2 65
2 446
1 144
1 238
1 129
2 154
2 403
2 256
1 89
1 477
1 411
1 118
1 70
1 405
2 426
1 223
1 383
2 88
1 304
2 417
2 187
2 473
2 431
1 381
2 283
1 33
2 357
1 389
1 342
2 70
2 243
2 108
2 165
2 354
1 223
2 252
1 45
1 349
2 156
1 345
1 291
2 187
2 231
2 276
1 219
1 190
2 490
2 289
1 47
2 473
1 265
2 177
1 4
2 135
1 458
2 301
1 60
2 246
1 413
1 213
2 219
1 444
1 254
1 213
1 226
2 68
1 465
1 150
2 472
1 479
1 467
2 177
1 117
2 167
2 296
2 364
1 484
2 73
2 390
2 36
1 25
2 457
1 198
2 310
2 242
1 450
1 271
2 233
2 253
2 120
1 129
2 265
1 141
2 200
1 325
2 497
1 189
1 42
1 60
2 259
2 343
1 9
2 38
2 203
1 344
1 41
1 156
2 288
1 493
2 30
2 74
1 370
1 479
2 204
1 114
1 191
1 21
2 420
2 495
1 52
1 148
2 162
2 249
2 303
1 139
1 262
1 357
2 178
1 394
2 225
2 194
2 314
1 317
2 328
1 410
1 1
2 324
1 64
1 314
1 17
2 49
2 16
2 113
2 444
1 277
2 364
1 287
2 388
1 465
2 119
2 446
2 283
1 133
1 45
1 63
2 398
2 191
1 72
1 458
2 161
2 387
2 56
1 405
2 333
1 362
2 96
1 69
1 428
2 76
1 499
1 384
1 453
2 161
1 82
2 242
1 57
2 470
1 358
2 111
1 96
1 492
2 130
1 68
2 465
2 232
2 485
1 62
2 394
2 164
2 45
1 420
2 237
1 416
1 264
1 283
2 349
1 49
2 186
1 239
1 315
2 316
2 438
2 87
2 451
1 9
2 358
1 299
2 317
1 40
1 444
2 290
2 300
1 475
2 10
1 338
1 387
2 474
1 30
1 358
1 13
1 327
1 146
2 316
1 43
1 394
2 382
2 131
2 77
2 18
1 21
2 261
1 8
1 83
2 497
2 368
2 158
1 230
2 171
1 117
2 105
1 51
1 248
2 166
1 137
2 261
1 390
2 417
2 458
2 285
1 143
1 314
2 198
1 455
1 293
2 284
2 284
2 86
1 15
2 207
1 138
1 13
2 192
2 275
1 279
2 455
1 62
2 74
2 16
1 330
1 451
1 260
1 448
2 117
1 299
1 317
1 143
2 314
1 257
1 187
1 498
1 309
1 262
1 170
2 261
1 288
2 465
2 149
1 243
2 225
2 440
1 329
1 222
1 268
2 82
1 218
2 447
1 490
1 111
1 40
2 11
2 138
2 225
1 238
2 402
1 360
1 207
1 275
2 329
1 259
1 200
1 489
1 57
1 410
2 489
2 241
2 128
1 325
1 163
1 171
2 228
1 258
1 217
1 214
2 278
1 307
2 3
2 326
2 476
2 225
2 184
1 315
2 195
1 14
1 257
1 478
1 65
2 270
2 470
2 178
2 11
1 427
2 482
2 72
2 191
1 125
1 465
1 388
1 283
1 73
2 437
1 375
1 136
1 134
2 182
2 56
1 498
1 205
2 290
1 140
2 127
1 58
1 55
1 455
2 199
2 80
2 428
1 340
2 301
1 371
1 488
1 26
1 464
1 168
2 61
2 85
2 423
2 130
2 440
1 370
1 166
2 476
2 106
1 359
1 141
1 91
1 359
1 113
1 49
2 427
2 291
2 148
2 357
2 394
1 65
2 285
1 415
2 175
1 428
2 129
1 466
2 47
2 39
1 350
2 144
1 400
1 491
2 499
2 175
1 495
2 6
2 469
1 243
2 143
1 379
2 89
2 341
1 373
2 147
1 170
1 54
2 75
1 115
2 242
2 316
1 380
2 219
1 444
2 194
1 483
1 208
2 120
2 58
1 131
1 418
1 197
2 72
1 366
1 344
2 327
1 47
1 184
2 257
1 77
1 417
2 225
2 482
2 377
2 40
2 95
2 11
2 131
1 414
1 120
1 159
1 121
2 355
1 173
2 135
2 264
1 160
1 28
2 184
1 31
1 262
2 236
1 120
2 206
2 66
2 142
1 122
1 428
1 270
1 438
1 201
2 159
1 188
1 352
1 293
1 151
2 211
1 30
1 104
2 362
1 59
1 393
1 469
2 155
1 124
1 346
1 144
1 35
1 394
1 407
1 472
2 444
1 294
1 363
1 208
1 67
2 431
2 298
1 131
2 341
2 248
1 430
1 42
2 75
2 54
2 472
2 241
1 410
1 93
1 283
1 200
2 270
1 160
1 233
1 224
1 248
2 111
1 214
1 494
1 438
2 472
1 276
1 29
2 98
2 309
1 272
1 229
1 341
1 461
1 381
1 351
2 358
2 158
1 113
2 63
1 49
2 311
1 98
2 361
2 311
2 75
2 232
2 328
1 246
1 349
1 175
2 106
1 12
2 307
1 265
1 25
1 256
1 341
2 230
2 400
2 425
1 327
1 480
1 80
2 145
1 202
2 331
1 406
1 422
2 169
2 434
2 204
2 84
1 245
1 449
1 206
2 469
1 29
1 389
1 376
2 239
1 407
2 237
1 114
1 376
1 48
2 179
2 201
1 295
1 427
2 441
1 467
1 15
2 61
2 306
2 139
2 366
2 169
1 209
2 463
1 268
2 245
1 261
2 412
2 390
1 1
2 174
1 92
1 166
1 443
1 292
2 220
2 478
1 462
1 22
2 269
1 287
2 291
2 310
1 158
2 244
1 233
2 477
1 456
2 180
1 466
2 183
2 480
1 424
2 197
1 69
2 291
2 182
2 106
2 487
2 393
1 272
1 350
2 5
2 243
1 407
1 359
2 244
1 100
2 482
1 316
2 112
1 257
2 39
1 135
2 476
1 106
1 209
2 348
2 463
1 101
2 149
2 309
1 500
1 262
2 55
1 235
2 35
1 311
2 353
1 449
2 29
1 428
2 64
2 153
2 216
2 247
1 415
1 459
1 315
1 99
1 149
2 240
1 176
1 460
2 51
2 61
2 18
1 167
1 262
1 108
2 276
1 192
2 113
1 308
1 221
1 1
1 443
1 109
1 345
1 498
1 180
1 474
1 397
2 131
1 164
1 486
2 295
2 481
1 30
2 187
2 398
2 324
1 130
1 458
1 351
2 369
2 217
2 432
2 39
1 123
1 151
1 492
2 489
2 204
1 465
1 472
1 280
2 202
2 430
2 235
2 317
2 15
2 1
1 146
2 359
1 444
2 79
1 157
2 112
2 289
1 454
1 289
1 111
1 346
1 352
1 376
2 387
1 53
2 39
1 130
2 169
2 257
1 212
1 18
2 478
1 102
2 270
2 16
1 232
1 123
1 293
2 456
2 240
1 122
2 410
2 27
1 27
1 381
2 49
2 413
1 56
2 308
2 405
1 408
1 389
2 275
2 381
1 64
1 442
2 250
2 139
2 484
2 60
2 255
1 263
1 337
1 182
1 347
1 171
1 277
2 488
1 92
1 133
2 488
1 43
2 128
2 365
1 49
1 476
1 235
1 323
2 259
1 67
2 145
2 415
2 148
1 176
2 270
2 245
2 86
2 197
1 23
1 177
2 337
1 78
1 93
1 494
2 459
1 12
2 1
1 376
1 327
2 238
1 211
1 56
2 324
2 362
1 166
1 120
1 41
1 425
2 301
2 187
1 34
1 214
1 123
2 385
1 492
1 397
1 159
2 350
1 409
2 179
1 100
2 279
1 200
1 476
1 326
2 111
2 360
2 97
2 265
2 284
1 455
1 310
2 188
2 447
1 222
2 21
2 479
1 313
1 207
1 382
1 302
1 94
1 168
1 496
2 23
2 392
2 162
2 293
1 360
2 297
2 68
1 253
1 321
2 76
2 205
2 262
1 152
2 19
1 249
1 456
2 496
2 451
1 400
2 359
2 186
2 191
2 176
2 150
1 212
2 226
1 385
2 125
2 46
1 208
1 361
2 416
2 213
1 366
1 460
1 222
2 434
1 249
1 59
2 161
1 179
2 241
1 225
2 452
1 212
2 415
2 377
1 281
2 195
1 53
2 425
1 151
1 38
1 171
1 2
1 421
1 70
2 447
1 377
1 268
2 112
1 13
1 12
2 77
1 494
2 64
1 254
2 479
2 318
1 90
2 333
1 202
1 22
2 47
2 250
1 339
1 348
2 349
2 347
2 268
1 257
1 109
2 102
2 5
2 236
2 441
1 308
1 321
1 494
1 80
1 385
1 457
1 120
2 294
1 434
1 157
1 97
2 404
1 351
2 468
2 355
1 358
1 105
2 343
2 102
1 46
1 191
1 422
1 158
2 127
2 128
2 485
1 399
1 273
1 148
1 392
1 203
2 368
1 131
1 110
1 336
2 422
1 8
2 40
2 409
1 460
2 153
1 464
2 183
2 4
2 180
2 36
2 496
2 190
1 317
2 62
1 305
2 29
1 29
1 180
2 86
2 177
1 434
2 140
2 229
1 151
1 390
1 290
2 293
2 363
2 481
1 112
2 110
1 448
1 412
1 278
2 266
2 86
1 447
2 372
2 72
1 82
1 411
1 50
2 54
1 163
2 39
1 319
1 118
2 137
2 246
2 229
2 221
1 414
2 242
2 193
1 10
1 479
2 349
1 475
2 292
1 289
1 115
2 330
1 77
1 464
1 84
1 185
1 357
1 174
2 87
1 116
1 492
1 368
1 121
2 242
1 332
1 94
1 489
2 382
2 444
2 239
1 241
2 35
2 224
2 47
1 74
1 110
2 107
2 405
1 171
1 343
1 380
1 152
1 62
2 284
1 81
1 237
2 148
2 270
1 331
1 385
2 330
1 321
1 175
2 15
2 75
1 51
1 145
1 173
2 438
1 268
1 34
1 43
2 126
1 404
2 479
2 361
1 486
2 96
1 110
1 357
1 319
2 489
1 312
2 226
2 172
2 470
2 496
1 386
2 175
2 429
1 429
2 313
2 174
1 426
2 370
1 318
1 392
1 355
2 170
1 155
2 72
2 46
2 340
2 392
2 423
1 20
1 313
1 322
1 444
2 120
2 233
2 352
1 94
2 31
2 138
2 455
1 13
1 480
2 134
2 71
2 43
1 464
2 125
2 44
1 383
2 232
2 451
1 91
1 494
2 158
2 157
1 192
1 316
1 374
2 394
1 209
1 237
1 494
2 160
2 281
2 51
1 9
2 299
2 248
1 71
2 423
1 221
1 249
1 137
1 336
2 269
2 170
2 272
1 365
1 404
2 326
2 361
1 159
2 285
2 451
2 163
2 434
2 190
1 270
2 7
1 209
2 354
1 131
2 245
1 260
2 344
2 455
1 123
2 215
2 371
2 465
1 241
2 120
1 432
1 460
2 199
1 65
1 398
1 380
1 395
1 494
1 76
1 294
1 413
1 308
2 376
2 20
1 23
1 249
1 85
2 96
2 228
2 38
2 60
2 471
1 260
1 43
1 264
1 237
1 47
2 162
1 169
1 389
2 377
1 348
2 198
1 95
2 308
1 254
2 252
1 172
1 39
1 51
1 254
2 181
1 183
2 74
2 228
1 97
1 451
2 416
1 240
1 277
2 345
1 117
1 105
1 311
2 205
2 297
1 500
2 110
1 171
2 237
1 496
2 353
2 129
1 150
1 481
1 118
2 307
1 477
2 373
2 54
1 148
1 387
2 178
1 32
2 382
1 246
1 305
2 28
2 70
2 5
2 455
1 431
2 60
2 24
1 46
2 213
2 130
1 43
2 299
1 155
2 46
2 410
1 55
2 134
1 317
1 230
2 464
2 236
2 419
2 158
1 39
2 8
1 322
1 178
1 476
2 152
2 437
2 222
2 53
2 318
1 197
1 344
1 60
2 34
1 41
2 294
2 413
2 450
1 55
1 58
1 312
2 402
1 122
2 442
1 181
2 395
2 10
2 388
2 21
2 251
1 316
1 344
1 48
1 166
1 125
2 335
1 283
1 239
1 62
1 282
2 142
1 119
1 118
2 424
2 131
1 404
1 421
2 378
2 96
2 274
1 117
2 7
2 196
2 155
1 128
1 500
1 463
1 125
2 328
1 423
2 74
1 108
1 424
2 166
1 379
1 91
2 400
1 98
2 46
1 204
1 39
2 295
2 377
2 433
1 318
2 366
2 32
1 89
1 310
1 179
2 397
2 387
1 70
1 95
1 87
1 141
2 205
2 478
2 205
1 136
1 469
1 117
1 327
2 159
1 310
2 28
2 458
2 354
2 102
1 494
2 246
1 165
1 272
1 30
1 108
2 202
1 18
1 131
1 374
1 332
2 478
2 389
2 125
2 166
2 42
2 119
2 349
2 88
1 129
2 300
1 486
2 367
2 22
2 199
2 138
1 429
1 240
1 254
2 264
2 295
2 282
2 296
1 47
2 101
2 204
1 114
2 104
1 395
2 329
2 223
1 326
1 433
1 173
2 282
1 309
1 444
1 488
2 219
1 326
1 413
2 423
1 273
2 210
2 3
1 464
1 207
2 81
1 354
2 30
2 392
1 62
2 280
2 278
1 287
2 21
2 335
1 76
2 322
2 125
1 26
1 253
2 229
2 76
1 437
2 421
1 146
1 367
2 235
1 275
2 450
2 71
1 90
1 242
2 135
1 439
1 306
2 96
1 24
2 467
1 331
2 492
2 221
1 253
2 205
2 327
1 174
2 141
2 394
1 378
1 99
1 392
1 358
2 141
2 362
1 45
1 346
1 20
1 245
2 372
2 151
1 454
1 446
1 291
1 327
1 219
2 335
1 33
1 449
2 277
1 132
2 353
1 60
2 247
1 497
2 252
2 20
2 323
1 150
2 157
1 280
2 252
1 337
1 9
2 457
2 446
1 161
1 417
1 22
1 23
1 486
1 17
2 182
2 322
2 451
1 158
1 353
1 47
2 45
2 325
2 396
1 441
1 67
2 128
2 224
1 310
2 128
1 66
2 164
2 492
1 217
2 47
2 262
2 109
2 204
2 159
2 54
2 6
1 160
2 412
2 135
1 444
1 399
2 422
2 99
2 380
2 266
2 235
2 371
2 185
1 479
1 24
1 294
1 4
2 14
2 188
1 340
2 113
2 343
2 5
2 299
1 460
1 162
1 295
2 241
2 310
2 322
1 103
1 67
1 420
1 224
2 432
1 89
1 154
2 430
1 428
2 245
2 496
2 432
1 143
1 121
1 391
1 137
2 409
2 450
2 135
2 287
1 88
1 313
2 10
2 102
2 175
2 175
1 105
2 164
2 130
1 198
1 225
2 216
1 389
2 314
2 190
1 292
2 179
2 222
2 51
2 329
2 21
1 98
2 462
2 371
2 44
2 315
2 255
1 106
2 195
2 370
1 222
2 364
2 469
2 441
2 408
2 95
1 124
2 53
2 305
2 380
2 343
1 321
2 223
1 444
2 48
2 4
2 325
1 373
1 304
2 164
2 286
2 491
2 155
2 50
2 169
2 11
1 474
2 312
1 460
2 169
2 419
1 332
1 243
1 389
2 369
1 109
1 14
2 266
1 197
2 479
1 95
2 81
1 24
1 468
2 499
1 194
2 11
2 12
1 80
1 152
1 156
1 305
2 63
2 189
2 385
2 328
1 359
1 251
1 4
1 69
1 205
1 122
1 138
1 469
2 385
1 17
1 83
2 61
2 243
2 256
1 119
2 311
2 343
2 63
1 131
2 199
2 244
1 402
2 305
1 301
1 193
2 285
1 342
2 272
1 297
2 63
2 462
2 96
1 138
1 353
1 492
2 454
2 74
1 319
2 429
2 124
1 140
1 397
2 105
1 416
2 47
2 168
1 55
2 367
1 124
2 459
2 473
2 201
1 472
2 480
1 341
2 21
1 363
2 312
2 289
1 367
2 58
1 46
1 500
1 304
2 482
1 89
1 378
2 55
2 11
2 249
1 489
2 183
2 242
2 317
1 74
1 216
2 273
2 242
2 24
2 99
2 11
1 14
1 32
1 89
2 454
2 246
2 309
1 145
1 126
1 431
2 201
1 181
2 110
2 97
2 319
1 193
2 439
1 69
1 478
2 364
2 197
2 77
2 93
1 259
1 387
2 269
2 39
2 59
1 75
1 337
1 407
2 74
2 439
1 314
1 2
1 50
1 490
2 55
1 52
2 152
1 353
1 24
2 72
1 95
2 293
2 244
2 163
2 43
2 163
2 220
1 238
1 214
2 100
1 13
2 432
1 88
1 287
2 231
1 248
2 208
2 459
2 91
2 120
1 426
1 194
2 149
2 118
1 213
2 333
2 367
1 240
1 104
1 268
1 236
1 362
2 408
1 246
1 144
2 483
2 350
1 270
1 310
2 212
2 456
1 99
1 12
2 480
2 364
2 300
2 466
2 246
2 332
2 223
2 207
2 100
1 85
2 53
1 107
1 120
1 12
2 88
2 409
2 489
1 17
1 75
2 300
1 59
2 162
2 309
1 190
1 423
1 128
2 19
2 443
2 148
1 209
2 328
2 5
1 92
1 455
1 208
1 337
1 88
1 251
1 365
1 156
2 65
2 466
2 369
1 73
2 213
2 455
1 101
1 59
2 333
2 210
1 470
2 9
2 248
2 304
2 50
2 103
1 446
1 49
1 327
2 34
2 106
2 282
1 300
1 250
1 56
1 375
2 210
2 285
2 494
2 273
2 251
1 9
1 295
2 214
1 29
2 12
1 87
1 192
1 485
2 369
2 252
2 269
2 478
1 122
2 494
1 217
1 473
2 144
1 133
2 241
1 455
1 147
1 397
1 279
1 131
1 478
1 242
1 399
2 3
1 41
1 265
1 444
1 334
2 357
2 443
2 480
2 200
1 290
2 168
2 182
1 68
2 235
2 256
2 380
2 4
1 106
2 381
2 210
2 487
1 33
2 14
1 30
2 341
2 161
1 239
1 9
1 352
1 467
1 376
1 218
1 469
2 352
1 428
2 268
1 478
1 47
2 15
1 55
2 450
1 215
2 409
2 198
2 466
1 220
1 213
2 425
1 315
1 235
1 336
1 8
2 5
1 155
2 185
2 373
1 424
2 174
2 162
1 297
2 387
1 172
1 156
1 337
1 223
2 64
1 276
2 222
1 328
1 150
1 437
1 145
1 313
2 248
1 42
1 452
1 411
1 83
1 423
2 240
1 341
2 55
1 77
2 247
1 356
1 267
1 270
2 356
1 433
2 407
1 499
1 106
2 185
1 179
1 459
1 105
2 424
2 267
1 287
2 107
2 261
2 138
1 487
2 315
1 300
2 97
1 282
1 58
2 242
1 426
1 5
1 350
1 40
1 279
2 333
2 173
2 109
1 474
1 7
1 367
1 360
2 455
2 17
1 459
1 248
1 161
1 117
1 32
2 330
1 187
1 47
2 254
2 372
2 102
1 218
1 35
2 431
2 69
2 1
1 408
1 467
1 203
1 429
1 444
1 396
1 419
1 192
1 448
2 454
1 293
2 369
2 99
2 168
1 97
1 251
1 119
2 423
2 152
1 407
2 461
1 428
1 447
2 255
1 34
2 147
1 231
1 208
1 18
2 201
2 246
2 470
1 167
2 37
2 96
2 117
1 448
2 287
1 15
1 343
1 250
1 429
1 209
2 13
1 363
2 192
2 15
1 324
1 258
1 204
2 6
1 260
2 216
2 402
2 440
2 482
2 86
2 372
1 47
2 19
2 449
2 369
1 224
2 497
2 256
1 185
1 223
1 270
2 342
1 21
2 268
1 321
2 264
2 498
1 429
1 423
2 78
2 192
2 187
1 485
2 91
2 260
1 465
2 456
1 200
1 439
2 329
2 171
2 303
1 106
2 36
1 312
2 23
2 118
2 43
1 207
2 123
1 150
2 495
2 392
1 432
1 365
2 441
2 57
2 55
1 30
1 394
2 406
1 195
2 328
2 329
2 74
2 352
2 389
1 180
1 244
2 314
1 75
1 494
2 52
1 497
2 341
1 273
2 9
1 325
1 56
2 74
2 455
1 204
2 123
2 327
1 197
1 325
1 97
2 254
1 70
1 81
2 343
2 361
2 172
2 39
1 190
1 208
1 389
2 43
1 497
2 81
1 360
1 317
1 428
1 455
2 376
2 111
1 92
2 421
2 8
2 342
2 274
1 396
2 164
1 378
2 158
1 206
2 215
1 176
1 147
2 491
1 369
2 92
1 424
1 75
2 322
1 183
2 317
1 461
2 368
1 493
2 148
1 394
1 423
2 4
2 403
1 443
1 446
1 83
2 397
2 151
1 425
2 16
2 263
2 221
1 166
2 6
2 262
2 27
1 172
1 457
1 227
2 49
1 136
1 393
1 140
2 453
1 80
1 305
1 148
2 323
1 442
1 330
2 431
1 91
1 237
2 27
2 149
1 339
1 59
2 167
1 329
2 466
1 290
1 101
1 498
2 455
2 307
1 494
2 492
1 190
1 334
1 395
1 495
2 469
2 19
2 455
2 105
1 107
1 393
2 35
1 334
2 181
1 125
1 228
1 313
2 47
1 188
2 331
2 229
2 439
2 433
2 94
2 16
1 486
1 258
2 150
2 361
1 434
2 59
2 304
2 281
2 368
2 495
1 3
1 496
2 470
1 186
2 20
2 114
2 461
1 377
1 166
1 143
1 426
2 112
1 423
2 284
1 65
1 339
2 205
1 211
2 465
1 441
1 301
2 488
2 130
2 74
2 306
1 246
2 268
1 312
1 306
2 331
1 77
2 140
2 206
1 307
1 450
1 153
1 6
1 362
2 208
2 281
2 2
2 96
2 440
2 310
2 206
1 114
1 12
2 414
2 306
2 386
2 24
1 4
2 233
2 15
2 3
2 157
1 377
1 124
1 363
2 60
1 276
2 201
2 129
1 355
2 390
1 41
2 333
2 293
1 113
2 210
1 306
1 471
1 470
2 498
1 379
2 251
2 434
2 145
1 268
1 200
1 443
2 422
1 137
2 45
2 373
1 216
1 471
2 64
1 133
2 123
2 321
2 369
1 27
1 168
2 365
2 156
2 107
2 286
2 495
1 344
1 287
2 249
1 449
1 401
2 224
1 444
2 100
1 150
2 177
2 273
2 36
1 52
1 208
2 441
2 371
1 422
2 46
1 118
2 186
2 427
2 246
1 305
2 386
2 323
1 123
2 455
1 226
1 356
1 194
1 488
1 431
2 425
1 134
1 322
2 412
2 80
2 470
1 206
2 190
1 269
2 327
2 174
1 80
2 189
2 176
1 41
1 288
2 434
1 358
2 240
1 355
2 130
2 55
2 383
1 67
2 408
2 225
1 296
1 462
2 429
1 364
2 95
1 285
1 425
1 283
1 115
2 187
2 165
2 283
1 336
2 50
1 93
2 29
2 78
1 77
1 331
1 474
1 443
1 305
2 252
2 235
1 428
2 166
1 13
2 139
1 149
2 147
1 315
2 334
1 221
1 250
2 53
2 328
1 185
2 66
1 423
1 5
1 72
2 442
1 471
1 136
2 120
1 64
1 161
2 178
2 362
2 283
2 353
2 114
2 447
2 324
2 183
2 219
1 351
1 190
2 91
2 143
2 310
2 348
1 159
2 202
2 155
2 287
1 299
1 396
2 282
1 465
1 400
2 70
1 194
2 274
2 139
1 51
1 326
1 122
2 127
2 209
2 11
2 492
2 98
1 405
2 311
1 399
1 404
1 163
1 430
1 234
1 55
1 219
2 385
1 69
2 367
2 496
2 475
2 390
1 78
1 154
1 15
1 301
2 223
2 368
1 250
2 423
2 88
1 37
1 333
2 335
2 233
1 280
2 20
2 482
1 314
2 337
2 391
1 451
2 100
1 117
1 122
2 6
2 32
1 384
2 350
1 267
1 399
1 492
2 66
2 368
1 459
1 412
2 193
1 314
2 31
1 346
1 468
2 64
1 96
2 216
2 17
1 378
2 232
2 37
2 193
1 28
2 312
2 352
1 300
2 352
1 446
2 185
2 251
1 264
1 47
2 494
2 165
2 33
1 443
1 44
2 29
1 490
1 362
2 48
1 357
2 195
1 448
1 66
1 479
1 100
2 160
2 291
1 316
1 71
1 97
2 97
2 390
1 317
2 278
1 116
1 114
2 287
2 394
1 315
1 33
1 101
2 6
2 220
2 418
2 283
1 109
2 343
1 316
2 100
2 226
1 78
2 230
1 456
2 67
1 346
1 183
1 496
1 41
2 65
1 209
2 176
2 77
1 314
1 380
1 336
2 481
2 499
1 276
1 184
1 75
2 497
2 179
1 1
2 59
2 28
2 263
2 436
2 424
2 82
2 14
2 111
1 181
1 407
1 415
1 1
1 175
1 302
2 341
1 275
2 366
1 370
1 209
2 318
1 405
2 287
2 19
2 116
2 210
2 6
2 168
2 170
1 356
2 46
1 273
1 299
1 474
1 118
1 472
2 165
1 38
2 498
1 52
1 255
2 340
1 441
2 118
1 349
2 433
1 373
2 66
2 194
2 338
2 220
2 450
1 388
2 187
1 42
1 351
1 54
1 408
2 196
2 456
1 350
1 290
1 296
2 244
1 245
2 4
1 93
2 199
1 439
2 217
2 178
2 128
1 256
2 430
1 412
2 347
2 477
1 186
1 194
2 113
1 361
2 253
2 69
1 136
1 40
2 192
1 419
2 153
2 58
1 330
2 318
1 433
1 16
1 66
2 250
1 499
1 146
2 266
2 54
2 426
1 253
2 367
1 139
2 402
1 100
2 368
2 258
1 63
2 121
1 186
1 9
1 331
2 286
1 221
1 349
1 137
2 114
2 328
1 373
2 152
1 311
2 92
2 23
1 45
2 337
1 217
1 265
2 204
2 347
1 94
2 421
1 499
1 436
2 341
1 407
1 483
1 215
1 138
2 284
1 231
1 116
2 317
1 346
1 134
1 295
2 238
2 12
1 304
2 266
2 458
2 488
1 94
1 218
2 290
2 116
2 472
2 319
2 463
1 12
1 207
2 27
1 225
1 384
2 337
2 377
1 25
1 438
1 418
2 348
2 7
1 79
1 46
1 470
1 265
1 456
1 140
1 119
1 19
1 96
2 355
1 1
2 188
1 497
2 444
1 15
1 11
1 279
2 195
2 64
2 82
2 282
2 500
2 436
2 106
1 77
1 207
2 191
1 218
2 202
2 382
2 314
2 162
2 301
1 193
1 166
1 235
1 494
1 52
2 308
2 16
2 469
2 165
2 320
2 197
1 247
1 442
2 174
2 153
1 162
2 190
2 470
1 126
2 213
2 447
2 186
2 109
1 37
2 312
1 7
1 433
1 437
1 166
2 180
1 436
2 366
2 20
2 104
2 1
2 174
2 41
2 261
2 12
2 273
2 357
1 34
2 237
1 15
1 284
1 423
1 387
1 400
1 474
1 402
1 24
2 124
1 433
2 416
1 385
1 322
2 171
2 234
2 29
1 12
1 293
1 87
2 425
2 436
1 342
1 75
2 412
2 132
2 435
2 492
2 86
1 412
2 168
2 367
1 244
2 212
1 16
1 67
2 136
1 42
2 339
2 45
2 167
1 447
2 222
1 271
1 251
1 268
2 30
1 318
2 216
2 161
1 31
2 376
1 228
2 347
2 385
2 21
2 419
2 355
1 256
1 151
2 363
1 129
2 52
1 17
2 31
2 202
2 403
2 430
2 346
1 253
1 371
2 485
2 91
2 280
1 168
2 204
2 348
1 275
2 482
2 370
1 320
2 424
1 500
2 408
2 333
1 426
2 284
1 491
1 453
1 220
1 404
2 354
1 107
1 354
1 123
2 451
1 498
1 15
2 78
2 193
1 434
1 464
1 232
1 91
1 428
1 7
2 437
2 434
2 44
1 482
1 214
1 459
2 9
1 59
1 248
2 200
2 73
2 250
1 469
2 191
1 354
2 78
1 113
1 184
2 3
2 174
1 152
2 131
1 458
2 98
2 144
2 89
1 459
2 223
2 383
2 26
1 313
1 378
1 319
2 434
2 282
2 92
2 239
1 445
1 263
1 104
1 190
2 325
1 383
2 279
2 311
1 204
2 111
2 400
2 346
2 305
2 292
2 411
1 470
2 430
1 248
2 341
2 77
2 437
2 63
2 279
2 222
2 200
2 415
2 317
1 136
1 238
2 370
2 308
2 355
2 423
2 474
2 391
1 132
2 65
1 245
2 419
2 325
1 151
1 420
2 351
2 440
2 333
2 89
2 500
2 81
1 101
1 388
1 308
2 170
1 65
2 66
2 233
2 304
2 482
2 201
1 130
2 272
1 301
1 306
1 359
2 73
2 144
2 302
2 331
1 378
2 238
1 81
1 186
1 204
2 311
1 202
1 396
1 105
2 389
2 200
2 1
2 58
1 85
2 151
2 182
1 14
2 323
1 240
1 182
2 378
1 51
1 283
1 109
2 346
2 1
1 96
2 170
2 201
1 363
2 372
2 230
2 167
2 183
2 412
1 201
1 207
2 73
2 49
2 79
1 29
1 291
1 432
1 480
1 65
2 334
2 91
1 377
2 468
2 15
2 126
1 372
1 318
1 24
1 328
2 464
2 34
1 184
2 66
1 301
1 210
1 270
1 49
2 408
1 409
2 247
2 490
1 70
2 414
1 377
2 48
1 449
2 297
2 249
1 148
2 344
2 35
2 8
2 315
2 303
1 189
2 462
1 370
2 189
2 476
2 376
2 108
1 307
1 160
1 118
2 456
2 367
1 277
1 129
1 493
2 167
2 331
1 63
1 10
2 187
1 19
1 212
1 89
2 381
2 426
1 259
2 162
1 427
2 203
2 234
2 485
1 228
2 231
1 218
1 244
1 77
1 169
2 239
1 11
2 358
1 321
1 372
1 93
1 124
1 352
2 342
1 460
2 354
1 62
1 282
2 31
1 418
1 350
1 457
1 331
1 499
2 281
2 336
1 20
1 373
1 20
1 59
1 487
2 373
1 40
1 57
1 364
1 269
2 186
2 129
1 390
2 370
2 349
2 248
2 368
1 92
1 185
1 71
2 266
2 275
2 449
2 227
1 360
2 228
2 72
1 412
2 187
2 335
2 338
1 107
2 405
1 444
1 200
1 464
2 309
1 474
2 272
1 420
1 46
2 176
2 59
1 134
2 220
1 131
2 254
1 262
1 287
2 451
1 423
2 155
2 4
1 339
1 179
1 407
1 460
1 45
1 373
1 114
2 497
2 1
1 334
1 112
1 171
1 310
2 328
1 175
1 443
2 459
2 474
2 196
2 150
1 303
2 269
1 467
1 12
2 219
2 81
1 169
2 96
1 195
2 293
2 106
2 233
1 207
1 132
1 194
1 142
1 8
1 116
1 27
2 144
1 176
1 279
1 326
1 25
1 149
2 240
1 255
1 22
2 233
2 214
2 490
2 274
2 469
2 174
2 368
1 444
2 393
2 90
2 300
1 90
1 282
1 406
1 357
2 200
1 283
2 220
2 120
2 269
1 234
2 286
2 112
1 347
1 156
1 222
2 49
1 255
1 197
1 421
2 438
1 198
1 384
2 492
2 262
2 294
2 407
1 299
1 161
2 21
1 80
2 270
1 110
1 13
1 387
2 414
1 404
1 44
2 28
2 142
2 499
2 135
2 14
2 274
1 429
2 341
1 241
2 339
1 338
2 359
2 487
1 400
1 235
2 177
2 182
1 403
1 104
1 437
1 322
1 495
2 208
1 110
1 150
2 149
2 355
2 63
1 483
2 83
2 109
2 331
1 280
1 322
1 123
1 205
1 23
2 398
2 238
1 30
2 12
2 78
1 389
1 59
2 306
1 88
2 252
1 408
1 3
2 267
2 42
2 273
2 225
1 295
2 381
1 53
1 354
1 110
2 474
1 465
2 161
1 45
2 174
2 296
1 385
1 153
2 236
2 491
1 150
2 126
2 312
2 126
1 160
2 112
2 255
1 264
2 184
1 31
2 464
1 384
2 239
1 275
1 16
2 138
1 253
2 48
1 293
2 81
2 408
1 437
1 472
1 132
2 212
2 363
2 340
1 375
2 486
2 256
2 117
2 166
2 360
2 285
1 238
2 308
2 261
2 362
1 148
2 90
2 155
1 386
2 401
1 425
1 261
1 239
2 277
1 98
1 321
1 491
1 98
2 406
1 395
2 145
1 259
1 253
1 389
1 112
1 249
1 379
2 419
2 238
2 77
2 182
2 68
2 158
2 323
2 79
2 181
2 462
2 309
1 56
2 55
2 338
1 54
2 368
2 185
2 19
2 143
2 361
1 77
1 431
2 432
2 319
1 231
1 403
2 198
1 88
1 477
2 259
1 493
2 2
1 83
2 142
1 73
2 139
2 20
2 399
1 429
2 415
1 200
2 50
2 127
2 1
2 414
2 484
1 237
1 435
1 6
2 101
1 431
2 430
1 160
1 253
1 248
1 99
2 188
2 196
1 489
1 268
1 306
1 160
2 89
1 418
1 374
1 375
1 108
1 106
2 187
1 207
1 229
2 84
2 157
2 82
1 326
1 399
1 305
1 378
2 208
2 338
2 16
1 89
2 219
1 242
2 255
1 42
1 456
2 252
2 404
2 462
2 34
1 64
1 122
2 82
2 439
2 465
1 334
2 429
1 98
1 308
2 321
2 188
1 326
2 92
2 271
2 309
2 117
2 346
1 165
1 122
1 198
1 409
1 139
2 435
1 210
2 440
1 443
2 10
1 417
2 348
1 358
2 48
1 233
2 415
2 172
1 204
1 121
2 253
2 153
2 347
2 281
1 244
1 117
2 195
2 58
2 424
2 255
2 240
2 216
1 87
2 41
2 460
2 107
1 272
2 251
1 325
2 459
2 458
2 25
2 312
1 399
2 200
2 410
2 491
2 444
2 215
1 219
2 497
1 238
1 140
1 89
1 371
2 236
1 474
2 332
2 46
1 75
1 234
1 36
1 312
1 301
2 315
2 405
2 48
1 282
2 482
1 2
1 269
1 179
1 350
2 230
2 92
1 492
1 140
1 401
2 359
2 181
2 424
2 188
2 79
2 361
1 191
1 411
2 303
2 404
1 303
2 251
2 140
1 72
2 121
1 434
2 25
1 4
1 51
2 474
2 363
1 40
2 399
1 363
1 242
1 205
2 102
2 291
1 401
1 224
2 185
2 352
2 475
2 360
2 249
1 209
2 18
1 16
2 49
1 470
1 348
1 186
2 333
1 394
2 189
1 105
1 478
1 286
1 14
1 32
1 330
1 225
1 339
1 116
2 469
2 381
1 462
1 117
1 394
1 378
1 479
2 159
2 290
2 112
1 90
1 417
2 383
2 470
1 380
2 460
2 373
1 16
2 110
1 332
2 494
1 436
1 44
2 280
2 391
1 488
1 387
2 102
2 45
1 194
2 360
1 477
2 197
1 271
1 328
1 160
2 163
1 496
1 394
1 39
1 371
1 115
2 282
1 229
2 139
2 455
2 280
2 287
1 478
2 282
2 10
2 477
2 240
2 230
2 100
1 416
1 498
1 430
2 98
1 309
1 432
2 438
2 249
1 39
2 132
1 383
1 464
1 18
1 36
2 336
2 219
1 308
1 485
2 198
1 246
2 170
1 473
2 240
1 183
1 300
1 301
1 11
2 245
1 320
1 479
2 118
2 110
2 116
2 13
2 28
2 23
2 288
1 8
2 421
1 9
1 59
2 253
1 425
1 449
1 129
2 251
2 475
1 23
1 306
1 107
1 498
2 234
2 180
2 15
1 134
2 319
2 184
1 114
1 421
1 352
2 489
1 147
2 313
1 257
2 409
2 156
1 47
2 42
2 334
1 178
2 431
2 11
1 420
1 221
1 38
1 92
1 25
2 192
1 112
1 160
1 14
2 425
2 407
1 139
1 373
1 59
2 164
2 416
2 397
2 126
1 60
1 163
2 160
1 126
2 154
2 290
2 303
1 79
2 31
2 301
2 33
2 58
1 483
2 483
2 313
1 16
2 29
1 309
1 236
1 458
2 422
2 259
1 312
1 284
1 406
1 449
1 498
1 338
2 182
1 63
2 279
2 219
1 460
2 495
2 164
2 287
2 403
1 12
2 235
2 260
1 83
1 430
1 269
2 412
2 86
2 297
1 405
2 23
1 393
1 263
1 174
2 344
1 446
2 494
1 1
1 320
2 17
2 367
1 219
1 236
1 456
1 371
1 46
1 428
1 115
1 197
1 90
1 67
1 246
2 67
1 18
1 33
1 338
2 319
1 232
1 211
1 289
1 251
1 327
1 475
2 219
2 432
2 62
1 196
2 262
1 405
2 500
2 165
2 39
2 245
1 241
2 309
2 388
1 215
1 237
2 358
1 212
2 468
2 491
2 432
1 276
1 87
2 124
2 316
1 437
1 283
2 366
1 410
1 151
1 319
2 16
2 398
2 169
2 204
2 231
2 115
2 174
2 485
2 303
1 162
2 63
1 120
2 387
2 34
2 4
1 128
2 232
2 98
2 242
2 411
1 139
2 330
1 77
2 460
2 318
2 322
2 416
2 13
2 469
1 339
1 101
1 490
2 195
2 437
1 91
2 259
2 76
2 40
1 107
2 235
1 471
1 156
2 348
1 189
1 65
2 139
1 49
1 202
2 419
1 178
2 336
1 90
2 376
2 415
1 332
2 258
1 408
2 40
2 433
1 422
2 459
1 366
2 243
2 101
2 408
1 374
1 65
2 6
2 443
1 274
1 272
2 428
2 296
2 285
1 47
1 428
2 321
1 67
1 212
2 76
1 444
2 215
1 411
1 152
1 196
1 479
2 160
1 350
2 225
1 386
2 44
1 331
1 107
2 427
1 63
2 289
1 303
2 69
1 279
2 419
1 350
2 292
2 7
2 316
2 479
2 205
1 366
2 237
1 431
1 494
2 370
1 54
1 489
1 237
2 194
2 92
2 108
2 404
1 80
2 196
1 123
1 431
2 434
2 312
1 386
2 412
2 439
2 131
2 86
2 397
1 226
1 322
2 74
2 298
2 147
2 62
1 392
1 258
2 363
2 392
1 226
2 207
1 119
2 442
1 55
1 335
1 177
2 316
1 85
2 107
1 105
1 1
1 12
1 24
1 178
2 325
2 421
2 418
2 71
2 95
1 48
2 109
1 289
2 326
1 389
1 457
1 451
2 193
1 66
2 391
2 335
1 498
1 450
2 146
2 126
1 498
2 373
1 397
2 234
1 386
2 357
1 320
2 150
1 473
2 432
2 310
2 430
2 374
1 73
2 252
1 463
2 223
2 410
2 347
1 44
2 470
1 278
2 58
1 4
1 494
1 97
2 54
1 313
2 257
1 1
1 287
2 312
2 1
1 127
1 217
1 284
1 273
2 326
2 340
2 64
1 116
1 488
2 38
2 151
1 38
1 6
1 466
2 185
2 242
2 18
1 185
2 495
2 213
1 139
2 353
2 90
1 214
2 341
2 229
1 397
1 494
1 294
1 422
1 130
1 140
2 473
1 299
1 133
2 491
2 267
2 325
1 163
2 285
2 493
2 493
2 335
2 142
1 150
1 457
2 79
1 129
2 124
2 222
1 141
2 378
1 407
2 467
1 445
2 71
1 468
1 178
1 254
2 281
2 86
2 385
1 36
2 419
1 291
1 266
2 204
1 42
2 50
2 31
1 111
1 282
1 369
2 83
1 482
2 228
2 155
1 435
2 476
2 53
1 344
2 48
1 166
1 362
2 98
1 60
1 345
2 342
2 356
1 186
2 343
2 107
1 376
2 39
1 245
1 468
2 262
1 340
2 457
2 141
1 444
1 317
2 96
1 1
2 286
2 139
1 451
1 476
2 286
2 29
1 458
2 323
1 364
1 497
1 214
2 225
2 40
2 297
1 51
1 438
1 336
1 463
1 321
1 464
2 304
2 341
2 341
2 331
1 28
2 23
2 315
2 101
1 491
1 193
2 47
1 376
1 57
1 371
1 480
2 336
2 179
1 396
2 42
1 222
2 257
1 13
2 46
2 129
1 10
2 77
1 302
1 141
1 346
1 87
2 198
1 459
1 301
1 246
1 136
2 114
1 414
1 462
2 239
1 346
1 262
1 8
2 78
1 273
2 159
2 247
1 485
2 83
2 115
1 331
1 498
1 141
2 70
1 73
1 396
2 407
2 192
1 424
2 414
1 191
1 406
2 280
1 346
1 27
1 42
2 61
2 152
2 302
2 6
1 380
2 144
2 262
1 404
2 104
2 232
2 389
2 83
1 231
1 233
2 239
1 465
2 165
1 351
1 189
2 43
1 461
2 206
1 22
1 258
2 426
2 419
1 330
1 185
1 133
1 168
1 43
1 374
2 451
2 376
2 285
2 207
2 105
1 171
1 373
1 102
2 121
2 168
1 226
2 213
1 474
1 433
1 67
2 75
2 235
1 156
2 220
1 467
1 477
2 301
1 417
2 352
2 127
2 42
1 75
1 413
1 337
1 416
2 356
1 419
1 143
1 460
2 139
1 390
1 267
2 317
2 149
1 423
2 390
1 478
2 69
1 216
2 87
2 159
1 324
2 383
2 207
1 385
2 472
1 312
1 20
1 124
1 499
1 442
2 213
2 409
2 13
1 389
2 107
2 393
1 327
2 100
2 321
1 230
1 462
2 233
2 373
1 149
2 105
1 463
2 65
2 449
2 347
2 27
2 235
2 86
2 398
1 446
1 373
2 213
1 419
2 167
2 4
2 14
1 108
1 276
1 51
1 100
2 60
2 405
1 397
1 58
1 379
2 363
1 381
2 437
1 223
2 442
1 269
2 185
2 487
1 252
2 35
1 137
1 330
2 91
1 382
2 372
2 3
1 364
1 365
1 35
2 107
1 17
2 135
2 455
2 13
2 9
2 262
2 345
2 37
2 168
1 83
2 382
1 477
2 321
2 101
2 279
2 182
2 285
1 348
1 140
1 150
1 110
2 496
1 1
1 389
1 154
2 59
2 408
2 336
1 227
1 434
2 494
1 152
1 487
2 369
2 210
1 126
2 428
1 273
1 5
2 300
1 335
1 397
2 96
1 174
1 19
1 178
1 427
2 289
2 327
1 391
1 175
2 207
2 490
2 86
1 491
2 356
2 446
1 271
2 187
2 214
2 404
1 68
1 220
1 446
2 365
2 286
1 57
1 346
1 322
2 243
1 20
1 341
2 53
2 358
2 407
2 147
1 462
1 491
1 70
2 432
1 477
2 325
2 61
1 430
1 157
1 250
1 474
1 492
1 52
2 469
2 124
2 120
2 181
2 470
1 251
2 35
2 322
1 111
1 85
1 319
2 415
1 268
1 9
1 118
2 312
1 223
2 404
1 372
1 156
2 185
1 446
1 484
2 431
1 352
2 485
1 108
1 90
2 139
1 338
1 10
1 193
1 436
2 426
2 32
2 352
2 339
2 436
1 119
1 268
1 436
1 343
2 355
1 270
1 382
2 101
2 108
1 475
1 446
1 406
2 332
2 193
1 109
1 344
2 49
2 48
2 418
2 379
2 174
1 118
2 107
1 298
1 67
1 313
1 23
2 341
1 179
2 24
1 365
2 14
2 181
1 101
1 304
1 222
2 479
2 384
2 261
2 355
2 304
2 191
1 237
2 179
1 415
1 55
2 124
1 396
1 481
1 254
1 327
2 113
1 18
1 94
1 28
1 308
2 467
1 156
2 232
1 322
2 240
1 129
2 296
1 19
1 224
1 412
1 450
1 59
2 223
2 96
1 304
1 80
1 105
2 177
2 272
1 483
2 226
2 78
2 339
1 500
1 71
2 463
1 138
1 191
1 378
1 461
2 393
1 155
1 478
2 334
1 180
1 112
2 130
2 481
1 136
2 381
1 243
1 430
2 69
1 444
1 109
2 478
1 148
1 499
1 314
1 227
1 499
1 102
1 379
2 448
1 415
1 424
2 23
2 241
2 324
2 388
1 293
1 285
1 349
2 417
2 114
2 8
1 333
2 92
2 395
2 76
2 218
2 318
2 203
1 35
1 446
2 162
1 140
1 30
1 229
1 2
1 441
2 158
2 322
2 483
1 491
1 377
1 409
1 4
2 455
2 341
2 313
1 490
1 447
2 291
2 317
2 221
2 153
1 29
1 330
2 190
1 272
1 231
1 463
2 495
2 125
2 169
2 188
2 240
1 29
1 365
2 174
2 453
2 166
2 300
2 195
2 18
2 258
1 350
1 186
1 341
1 30
2 98
2 371
2 55
1 219
2 448
1 355
2 218
1 85
1 218
1 210
2 450
1 334
2 243
1 143
2 181
1 296
2 93
1 467
2 269
2 417
2 77
2 173
1 494
2 15
2 388
2 297
2 248
1 136
1 353
1 425
1 5
1 164
2 237
1 95
1 19
2 426
2 485
1 92
1 206
2 392
1 35
1 282
1 170
2 123
1 250
2 407
2 266
1 203
2 404
1 212
1 160
2 368
2 86
2 326
2 417
1 88
2 257
1 84
1 342
2 300
1 253
1 198
2 480
1 225
2 49
1 156
2 276
2 57
2 185
1 355
1 451
2 404
1 16
1 337
2 194
1 448
1 194
2 316
2 249
1 407
2 179
1 5
1 288
2 18
1 295
2 73
2 167
2 8
1 316
2 38
2 480
1 454
2 186
1 197
1 365
2 231
1 16
2 201
2 148
2 127
1 443
2 242
2 379
1 494
1 94
2 202
2 220
1 450
1 481
1 339
2 101
2 92
1 8
2 123
2 363
2 300
2 151
2 469
1 142
1 75
2 344
2 12
1 488
2 321
1 310
2 164
1 432
1 82
2 400
1 445
1 304
1 122
1 488
1 187
1 51
1 68
1 242
2 309
2 243
2 48
2 492
2 166
2 318
2 361
2 302
2 182
2 104
2 263
2 244
2 424
1 414
1 392
2 422
1 87
2 33
1 421
1 197
1 446
1 185
1 231
1 314
1 295
2 67
2 211
1 61
2 308
2 478
2 333
2 250
1 267
1 405
2 305
2 125
1 115
2 259
2 146
1 460
1 340
1 200
2 188
2 37
2 439
1 45
2 264
1 394
2 428
2 69
1 251
2 186
2 353
1 413
2 368
2 142
2 250
1 461
2 306
2 135
1 214
2 366
1 177
1 212
1 410
1 39
1 325
1 377
2 20
2 27
2 13
2 149
2 362
1 403
2 310
1 114
1 420
2 353
1 90
1 51
2 47
1 11
2 17
2 400
1 27
1 126
1 446
2 154
2 236
1 29
2 297
1 68
2 473
1 16
1 39
2 413
1 360
2 308
1 161
2 412
2 337
2 78
1 163
2 145
1 139
2 443
2 315
1 355
2 486
2 52
1 289
1 461
1 238
2 375
1 179
1 289
2 27
1 1
2 449
2 87
2 169
2 225
2 242
1 473
2 302
2 103
1 340
2 441
1 35
2 31
1 305
2 80
2 37
1 19
2 428
2 71
2 485
2 431
2 226
1 305
2 280
2 172
2 174
1 400
1 131
2 273
2 101
2 265
2 136
2 121
1 240
2 12
1 42
1 6
2 49
2 498
1 421
2 3
1 485
1 154
2 36
1 49
2 482
2 125
1 447
1 33
1 492
1 114
2 189
2 152
1 281
2 269
1 169
2 499
2 25
1 267
1 430
2 48
2 479
2 28
1 270
1 315
2 307
1 146
1 251
2 85
2 297
2 436
2 476
1 470
1 86
1 411
2 255
2 278
2 131
1 362
1 69
2 364
2 456
1 74
1 305
1 441
2 215
1 270
1 162
2 41
1 178
2 114
1 409
2 221
2 400
1 142
1 110
1 46
1 14
1 475
2 129
2 123
2 143
1 32
1 334
1 403
1 23
2 499
2 111
2 322
1 153
2 329
1 320
2 383
1 494
1 208
1 124
1 465
1 74
1 422
2 272
1 122
1 44
2 76
2 339
2 16
2 64
2 457
2 219
2 420
1 48
2 37
1 309
2 493
1 201
1 492
1 442
1 117
2 234
1 491
1 293
2 415
1 203
2 90
2 413
1 336
2 136
1 188
1 225
1 29
2 446
2 248
2 134
1 371
2 407
1 290
2 220
1 258
1 278
1 194
2 209
2 355
1 252
1 492
1 73
1 252
1 40
2 256
2 214
2 391
2 192
2 23
2 236
2 184
1 480
2 56
1 257
1 383
1 451
1 336
2 246
2 393
2 438
1 310
2 126
1 475
2 232
1 79
1 482
1 481
2 490
1 500
1 297
1 254
2 108
2 121
2 27
2 489
1 13
1 319
1 202
2 159
2 494
2 400
2 351
1 287
1 119
1 86
2 20
2 13
2 131
1 183
2 350
2 325
1 173
2 204
1 435
1 158
2 450
1 255
1 141
1 140
1 179
2 26
1 119
2 176
2 172
1 109
2 381
2 235
2 75
1 130
1 151
2 494
1 48
1 400
2 141
2 152
1 319
2 17
2 215
2 389
1 254
2 111
1 282
2 390
1 134
2 421
1 10
1 235
2 14
1 449
1 228
1 325
1 277
1 334
2 90
1 229
2 71
2 329
1 35
1 263
1 441
1 155
1 301
2 358
1 79
2 172
1 258
1 352
1 41
2 377
1 111
2 325
2 147
2 88
2 222
1 52
1 385
1 463
1 298
2 203
1 331
1 34
1 222
2 326
1 273
1 96
2 10
1 267
1 424
1 40
2 204
2 159
1 500
2 477
2 293
1 377
2 405
1 415
1 146
1 92
1 293
2 5
1 310
2 161
2 125
1 229
1 142
2 471
2 360
1 141
1 331
2 479
2 278
2 65
2 484
1 45
1 46
2 281
2 171
2 439
2 344
2 178
2 406
2 477
2 300
2 120
1 486
1 68
2 490
1 38
2 491
1 452
1 482
1 94
1 376
1 151
2 403
1 55
1 328
2 276
2 500
2 460
2 493
1 99
1 363
1 11
1 69
1 445
1 398
2 54
2 274
1 344
1 31
1 187
2 281
1 337
1 209
2 468
2 28
1 238
1 54
1 299
1 62
1 376
2 134
2 83
2 484
1 139
1 28
2 76
1 491
2 291
2 413
1 455
1 27
1 33
1 292
1 406
2 75
2 163
1 61
2 170
1 375
1 261
1 485
2 413
2 101
2 25
2 164
2 156
1 22
1 474
2 371
2 369
2 11
2 356
2 128
1 318
1 333
1 107
2 414
2 143
1 73
2 230
1 349
2 481
2 425
1 387
2 36
1 444
1 138
2 320
2 176
2 470
2 215
1 177
1 446
1 346
1 190
2 309
2 164
1 261
1 95
2 86
2 254
2 28
1 180
1 360
2 336
1 215
1 257
1 382
2 415
2 424
1 357
2 494
1 374
1 311
1 105
2 450
1 277
1 453
1 177
2 311
1 494
2 414
1 472
2 304
1 225
1 342
2 164
2 453
2 145
2 208
2 11
1 310
1 487
2 95
2 279
2 26
1 134
2 373
2 437
2 343
2 460
1 446
2 74
1 11
1 364
1 318
2 227
1 366
2 446
1 227
1 217
2 347
1 395
2 158
1 451
1 48
1 387
2 32
2 94
1 30
1 112
1 36
1 179
2 403
1 212
2 199
1 85
2 481
1 319
2 15
1 342
1 179
2 259
2 393
1 456
1 13
2 121
1 109
2 300
2 126
1 491
1 291
1 72
1 407
2 262
2 12
2 186
1 387
1 104
2 148
1 53
1 182
2 60
1 28
2 300
2 222
2 329
2 218
1 136
1 290
2 396
2 55
2 195
1 377
1 220
1 61
1 387
2 1
1 384
1 157
1 32
1 178
1 94
2 260
2 370
2 329
2 54
1 401
1 325
2 45
1 4
1 20
2 52
1 188
2 251
1 470
1 426
2 142
2 393
2 100
1 301
1 82
1 311
2 453
2 111
1 383
2 307
1 357
1 125
1 292
2 444
1 8
2 260
2 91
2 401
1 470
1 470
1 259
1 386
1 119
1 61
2 314
2 106
1 76
1 418
2 308
2 480
2 433
1 316
2 448
1 65
2 121
1 172
1 17
2 91
2 257
2 487
1 369
1 444
1 25
2 162
1 425
1 499
2 85
1 231
1 233
2 152
1 180
1 85
2 84
2 183
1 177
1 262
2 465
2 340
1 269
2 25
2 346
2 401
1 40
2 165
2 278
2 330
2 344
1 357
2 440
1 119
1 265
1 216
2 288
2 422
1 407
2 100
2 321
1 386
2 482
2 337
2 219
1 420
1 431
1 192
1 19
1 189
2 393
1 364
1 310
2 439
1 83
1 172
1 389
1 468
2 460
1 333
1 321
1 443
2 380
1 472
1 148
1 385
1 415
1 424
1 236
1 143
2 252
2 426
1 224
2 214
2 48
2 212
1 150
1 118
2 491
2 131
1 100
2 382
1 466
2 89
2 18
2 371
2 397
1 113
1 40
1 154
2 372
2 454
1 74
2 402
2 11
1 406
1 250
2 327
2 295
2 268
2 498
1 285
1 286
2 218
2 223
2 412
1 292
2 319
2 288
2 133
1 308
2 464
1 29
1 272
1 57
2 488
1 29
1 151
1 169
1 138
2 443
2 40
1 266
2 450
2 135
2 406
1 473
2 351
2 159
2 28
2 13
2 472
2 139
1 58
2 342
1 401
1 448
1 369
2 354
1 469
1 252
2 282
1 95
1 281
2 106
1 171
2 323
1 363
2 116
2 471
2 468
2 444
2 14
1 480
1 481
1 207
2 26
1 160
2 472
1 225
2 248
1 399
1 389
1 234
1 34
1 312
2 426
2 267
2 418
1 10
2 398
2 483
2 260
1 247
2 434
1 12
2 71
1 454
2 23
2 167
1 94
1 408
2 85
2 161
1 124
2 252
2 443
1 148
1 80
1 285
2 69
1 397
2 205
1 302
1 388
1 487
2 297
2 203
2 421
2 87
1 237
1 417
2 128
1 381
2 161
2 71
1 312
2 72
1 168
2 447
2 192
1 239
2 180
2 73
1 155
2 495
1 201
2 70
1 178
1 386
2 318
1 272
2 274
2 497
2 68
2 199
2 228
2 303
2 229
1 358
2 238
2 126
1 467
1 117
2 201
1 335
2 161
1 147
1 300
2 226
2 290
1 182
2 64
1 128
1 211
2 379
2 41
1 238
1 403
2 4
1 208
1 474
2 295
1 154
1 319
1 165
1 359
1 328
2 329
2 418
1 496
1 488
1 4
2 247
1 283
1 213
2 439
1 211
2 10
1 179
1 299
2 287
1 40
1 432
1 273
2 259
1 497
1 359
1 175
1 257
2 59
1 447
1 7
2 82
1 77
1 343
2 306
2 384
2 447
2 213
2 16
2 190
1 69
1 215
2 357
2 51
1 292
1 265
2 358
1 166
1 310
2 161
2 489
1 312
2 211
1 357
1 198
1 441
1 298
2 212
1 477
2 69
2 112
2 419
2 31
1 107
1 444
2 158
2 14
2 423
1 344
1 5
1 177
2 11
1 451
2 480
1 485
1 400
1 85
1 268
2 105
1 158
2 344
2 37
1 284
2 285
2 238
1 20
2 438
2 92
2 105
2 20
2 323
2 36
2 440
2 373
1 29
1 296
1 344
1 433
2 291
1 458
1 211
2 294
1 211
1 388
2 308
2 255
1 29
1 388
1 297
1 216
2 141
2 400
2 195
2 315
2 402
1 364
1 305
1 111
2 247
2 182
1 109
1 388
1 430
2 309
1 387
1 402
2 239
2 215
2 485
1 269
1 5
1 497
2 493
1 176
2 458
2 497
1 496
1 55
2 10
1 2
1 91
2 127
2 408
2 113
1 222
2 130
2 217
1 239
2 437
1 152
1 122
1 312
1 235
1 246
1 433
1 344
1 354
1 56
2 310
2 357
1 105
1 462
2 315
1 234
1 466
2 497
2 236
1 408
1 378
1 417
1 105
1 389
1 81
2 423
2 317
2 274
2 468
2 94
1 138
2 385
2 63
1 394
1 393
2 323
1 158
2 284
1 203
1 72
2 468
1 173
1 328
1 57
2 236
1 280
1 328
2 180
1 250
2 243
1 78
2 116
2 155
2 201
2 274
1 492
1 469
1 229
1 314
2 294
2 286
2 274
2 89
1 206
1 378
1 184
2 364
2 394
2 401
1 79
1 217
1 471
2 234
1 36
2 188
2 447
1 401
2 438
1 26
1 31
2 443
1 210
2 216
2 29
1 400
2 494
1 177
1 356
1 367
2 160
2 219
1 28
2 30
2 164
2 164
2 162
2 260
2 265
1 177
2 295
1 251
1 43
2 456
1 40
1 140
2 376
1 9
2 180
1 72
1 297
2 390
1 193
2 180
2 476
1 453
2 283
1 262
2 482
2 426
1 39
2 72
1 274
1 169
2 322
1 148
1 326
2 427
2 390
1 179
2 313
1 339
2 187
2 123
1 317
1 393
2 464
2 269
2 248
2 393
2 380
2 38
2 281
1 427
1 421
1 387
2 441
2 31
2 177
2 350
1 52
2 200
2 59
1 103
1 108
1 375
2 240
1 44
1 80
1 42
1 131
1 437
2 356
2 401
2 472
2 378
2 345
2 390
2 249
1 208
1 191
1 195
1 198
1 154
2 263
2 128
1 326
1 316
2 383
2 65
1 171
1 228
2 223
2 269
2 313
1 178
2 262
1 489
2 313
1 87
1 40
1 469
2 482
1 249
1 204
1 69
1 459
1 240
2 117
1 3
2 188
2 487
2 256
2 259
2 320
2 496
2 410
1 75
2 303
1 106
2 489
1 232
2 174
1 480
1 331
1 274
1 14
1 318
1 439
1 42
1 420
2 117
1 56
2 424
1 218
1 364
1 55
1 5
1 419
1 221
2 169
1 471
2 106
1 156
1 364
2 153
2 437
2 168
1 164
1 349
2 473
2 439
2 12
2 459
1 130
2 30
1 25
1 332
1 140
2 377
2 387
2 489
2 150
2 166
2 100
2 45
1 431
2 450
1 277
1 223
1 87
1 56
2 456
2 444
2 430
1 449
1 200
2 491
2 445
1 13
1 374
1 115
1 244
2 97
2 472
2 130
1 423
2 224
1 128
2 324
2 338
1 372
1 60
1 90
2 222
2 252
2 364
2 251
2 283
2 479
1 166
2 368
1 497
2 317
1 110
1 180
2 115
1 188
1 469
1 382
1 84
1 137
2 352
2 257
1 233
1 91
1 48
1 189
1 401
2 20
1 348
2 308
1 454
1 488
2 477
2 316
1 354
1 210
2 338
1 42
2 405
2 172
1 442
2 348
1 69
2 351
2 269
2 230
2 358
2 349
1 290
1 245
2 468
1 200
2 271
2 79
1 225
2 479
2 315
1 360
2 396
2 3
2 73
2 91
1 301
2 115
1 454
2 85
2 312
1 78
1 228
1 109
2 110
1 175
1 117
1 11
2 448
2 29
1 97
2 153
1 261
2 191
1 125
2 339
1 262
1 222
1 275
1 498
2 121
1 12
1 57
1 102
2 387
1 228
2 452
2 232
1 147
2 129
1 401
2 411
2 382
1 356
2 314
2 393
1 376
1 375
1 278
1 140
1 309
1 498
1 248
1 323
1 356
1 369
1 418
1 418
1 411
2 160
1 329
1 362
1 159
1 340
1 64
2 99
1 198
2 336
2 30
1 395
2 461
2 140
2 42
1 234
2 34
2 232
2 500
2 270
1 181
2 94
1 292
1 319
2 492
1 490
2 164
1 405
1 146
2 58
1 306
2 196
2 387
2 405
1 372
2 44
1 487
2 147
1 384
2 471
1 471
1 248
1 195
2 461
1 401
2 231
1 161
1 396
1 205
2 137
1 327
1 479
2 20
2 443
1 293
2 131
2 76
1 248
1 382
2 461
1 79
1 339
2 321
2 490
2 35
2 452
2 158
1 377
1 406
2 433
2 435
2 313
1 292
2 131
1 473
1 159
2 487
1 493
2 232
2 36
1 461
2 182
1 269
1 351
1 229
2 76
2 197
2 25
2 153
2 366
2 98
1 27
1 21
2 95
1 353
1 73
2 468
1 135
1 164
2 114
1 120
2 406
1 429
1 8
2 289
2 57
1 249
2 174
2 102
1 225
1 249
2 471
1 255
2 304
1 293
2 309
1 457
1 432
1 348
2 170
1 368
2 225
1 161
1 88
1 17
1 420
2 313
1 333
2 198
1 484
1 404
1 106
1 209
2 449
1 31
2 395
1 197
1 13
2 221
2 323
1 264
1 354
1 187
1 494
1 173
2 77
1 472
1 288
2 70
1 292
2 206
2 498
1 158
2 463
1 315
2 467
1 82
2 358
1 358
2 3
2 32
2 458
2 261
2 387
1 333
2 282
1 217
1 292
1 346
1 455
1 242
1 89
2 446
1 90
2 149
1 37
1 170
2 386
1 91
2 464
2 155
2 165
2 80
1 96
2 413
1 84
1 175
2 328
1 322
2 127
1 360
2 1
2 361
2 163
1 363
1 78
2 74
1 387
1 49
1 430
2 87
1 466
1 390
2 233
2 61
2 33
1 226
2 5
1 123
2 389
2 496
2 1
2 208
2 74
2 424
1 421
2 221
2 124
1 31
1 172
1 419
1 215
1 441
2 229
2 237
1 400
1 84
1 153
2 491
1 103
1 433
1 128
2 410
2 114
1 459
1 383
2 193
1 20
2 316
1 48
2 365
2 488
1 50
1 295
1 70
2 158
1 420
2 7
2 388
1 121
1 109
2 74
1 452
2 286
1 192
2 24
2 131
2 208
2 3
1 424
1 251
2 425
1 218
2 351
2 403
2 302
2 325
2 164
2 319
1 396
1 134
2 418
2 281
1 149
2 331
1 354
2 5
2 103
1 61
2 30
2 275
2 178
2 57
2 227
2 494
1 236
1 392
1 448
2 483
1 455
2 371
2 98
2 439
1 300
2 4
2 166
1 363
2 80
2 239
2 145
2 428
2 64
1 386
2 492
1 458
1 384
1 458
2 407
1 32
1 99
2 387
1 16
2 162
1 20
1 254
1 484
2 248
2 204
2 409
2 204
1 345
1 398
1 420
1 50
1 361
1 190
2 115
1 200
1 357
2 27
1 86
2 494
1 409
1 318
1 96
1 239
1 313
1 94
1 143
2 387
1 494
2 454
1 338
2 87
1 75
2 155
2 123
1 346
1 49
2 405
2 388
2 436
1 131
2 136
2 227
1 128
1 302
1 31
2 86
2 184
2 82
1 173
1 42
1 439
1 384
2 86
1 338
1 175
1 254
1 444
2 184
1 52
2 5
2 476
1 403
2 454
1 201
1 392
1 199
1 183
2 25
2 58
1 142
1 33
2 394
1 227
2 399
2 413
2 65
1 49
2 251
1 155
2 332
1 396
1 227
1 464
2 198
2 316
2 457
1 438
1 28
1 278
1 498
1 33
1 282
2 233
1 434
2 334
2 284
2 147
1 158
1 113
1 483
1 250
2 480
2 140
2 55
2 136
1 162
1 318
2 100
1 326
1 288
2 150
2 91
1 432
2 258
1 308
1 324
2 30
2 448
2 13
1 141
1 405
1 168
1 97
2 123
1 4
1 433
1 332
2 301
1 123
1 159
1 1
1 339
1 340
1 402
1 139
1 500
2 196
2 469
1 285
2 65
2 205
2 294
1 372
1 3
1 208
1 276
1 347
1 90
2 103
2 390
2 89
2 487
1 407
2 279
1 250
2 184
1 192
2 193
2 126
1 408
2 209
2 393
2 148
1 445
1 28
2 342
1 75
2 251
1 487
2 377
1 372
1 41
2 92
1 477
2 281
1 402
2 419
1 247
1 127
1 168
1 26
2 122
1 393
1 433
1 401
2 467
1 424
1 38
2 445
1 84
2 249
2 417
2 130
2 437
1 354
1 113
2 316
1 183
2 458
2 440
1 128
1 333
2 469
1 418
2 87
2 489
2 189
2 206
1 420
1 129
2 97
2 356
1 327
1 324
1 4
2 493
2 225
2 182
2 398
2 458
1 303
1 22
2 203
2 160
1 220
1 246
1 380
2 284
1 490
2 341
1 74
2 476
1 9
2 490
1 459
2 241
2 245
2 103
2 193
1 420
2 401
2 432
2 470
2 190
2 174
2 304
2 215
1 396
1 288
2 481
2 184
1 359
1 40
1 430
1 223
2 348
1 217
1 108
1 198
2 497
2 179
1 469
1 431
1 117
2 101
2 317
1 374
2 415
2 136
1 497
2 44
1 186
1 475
2 150
2 293
1 43
1 297
1 365
1 227
2 298
2 133
1 462
2 288
1 419
1 423
2 486
1 111
2 430
2 167
2 257
2 76
1 282
1 15
1 451
2 330
1 420
2 65
2 321
2 461
2 480
2 358
2 53
1 339
1 52
2 264
2 167
2 460
2 62
1 446
2 418
1 464
2 442
2 422
1 85
1 204
1 468
2 380
1 380
1 205
1 74
1 92
1 158
2 40
1 228
1 84
2 465
2 334
1 279
2 19
2 488
1 130
2 135
2 179
1 78
2 297
2 55
1 243
1 142
1 283
2 119
1 218
2 117
2 192
2 157
1 314
1 284
2 302
1 452
1 135
2 419
1 384
2 171
1 36
2 259
2 385
1 36
1 16
1 152
1 251
1 417
1 155
1 6
2 321
2 492
1 190
1 239
2 234
2 50
1 425
1 88
1 241
2 411
2 127
2 464
2 426
1 144
2 136
2 241
1 310
1 115
2 494
2 275
2 466
1 496
1 335
2 51
1 58
1 184
1 80
2 412
2 82
2 437
2 55
2 25
1 261
2 66
1 196
1 332
2 15
1 254
1 262
2 481
2 322
1 354
2 14
2 257
2 171
1 164
1 222
1 145
1 178
2 439
2 402
2 237
2 98
2 322
2 147
1 30
1 317
2 220
1 500
1 276
1 373
2 451
2 478
1 280
1 306
2 232
2 489
2 179
1 311
1 148
2 301
2 128
2 412
2 150
2 26
1 284
2 216
2 345
1 330
1 53
2 46
1 45
1 104
1 323
1 75
2 426
1 499
2 196
1 251
1 172
2 271
1 27
1 190
2 383
2 198
2 5
1 71
2 481
1 124
1 292
2 126
2 426
1 270
2 34
1 318
2 500
1 12
1 278
2 248
1 71
1 95
2 393
2 476
2 190
2 28
2 1
2 50
1 277
2 399
1 394
1 218
1 156
1 419
2 282
2 444
2 316
1 279
1 54
1 284
1 57
1 428
2 464
2 335
1 351
2 105
2 300
2 138
2 404
1 91
2 426
2 241
2 424
1 4
1 477
1 277
2 451
1 294
1 385
1 358
2 64
1 331
2 136
1 22
2 80
1 280
2 350
1 450
1 243
2 307
1 444
2 456
1 138
2 160
1 432
2 313
2 182
2 62
1 315
2 412
1 398
2 102
1 63
2 225
2 208
2 228
2 465
1 397
1 136
1 328
1 424
1 414
2 486
2 126
1 261
1 397
2 80
2 258
1 253
1 151
1 216
1 463
1 61
2 133
2 266
1 116
2 303
2 497
2 208
2 292
1 364
2 478
2 39
2 437
2 420
2 103
2 464
2 166
2 275
2 425
1 462
1 80
2 124
1 257
2 402
1 299
2 236
1 208
1 215
1 417
1 434
2 121
2 83
1 125
2 288
2 248
1 292
2 70
1 106
1 98
1 373
1 124
2 376
2 86
1 30
1 75
2 20
2 360
1 185
1 162
1 237
2 425
1 439
1 295
2 171
2 256
1 492
2 356
2 414
2 308
2 147
2 406
1 429
2 472
2 452
2 289
1 246
2 68
1 59
1 432
2 458
2 124
1 418
2 168
2 124
1 125
1 210
1 287
1 498
1 455
1 95
2 341
1 307
1 375
2 474
2 446
2 345
2 232
1 400
1 444
2 79
2 144
1 450
1 277
1 40
2 101
1 177
2 325
1 201
2 52
1 209
2 456
1 270
1 19
2 291
2 43
2 383
1 8
1 467
1 335
1 219
2 491
2 80
2 82
1 366
1 157
1 334
1 331
2 3
1 123
2 312
2 13
1 54
1 81
2 8
1 230
1 202
2 324
2 239
1 264
1 243
1 382
1 236
1 179
1 61
2 383
1 318
2 121
2 267
1 95
1 469
2 351
1 249
1 155
2 431
1 443
2 42
1 101
2 387
2 366
1 431
1 23
1 495
1 175
2 197
2 238
2 297
1 38
2 113
1 384
1 314
1 420
2 1
1 335
2 2
1 186
2 300
2 236
1 204
1 110
1 31
2 416
2 286
2 76
1 497
2 497
1 136
2 368
1 140
1 226
1 253
1 278
1 324
2 401
2 275
1 426
2 356
2 335
2 497
1 95
2 368
2 6
2 211
2 194
2 278
1 196
2 35
2 286
1 189
2 384
2 196
2 119
1 205
1 248
2 363
1 46
2 285
2 289
2 276
2 49
2 106
1 435
1 68
2 349
2 259
1 71
1 96
1 61
1 495
2 500
2 354
2 143
1 448
1 485
2 266
2 127
2 129
1 214
1 338
1 304
1 497
2 253
1 268
1 243
1 326
1 322
2 139
2 169
1 396
2 160
2 37
1 87
2 51
1 213
1 213
1 335
2 446
1 4
2 457
1 326
1 339
1 164
2 112
1 414
2 336
2 371
2 63
2 389
2 108
2 353
1 321
2 380
1 330
2 331
1 480
1 419
1 303
2 499
1 266
1 272
1 189
1 326
2 450
1 215
2 19
2 376
2 310
2 456
2 193
1 277
1 294
2 194
1 129
1 10
2 307
2 348
2 275
2 449
1 90
1 133
1 434
1 298
2 467
1 382
2 243
1 35
1 204
1 132
2 123
2 431
2 125
1 128
2 154
1 475
2 443
2 203
2 466
1 119
1 309
1 295
1 361
2 87
2 408
1 101
1 62
2 310
2 12
2 289
2 217
2 111
2 73
2 35
2 17
1 174
2 209
1 228
1 500
2 338
2 236
1 288
1 172
1 188
2 238
1 51
1 443
2 317
2 178
2 405
1 208
2 222
2 250
1 190
1 116
2 360
2 168
1 352
2 449
2 225
1 219
2 344
2 287
1 27
1 362
1 361
1 362
2 190
2 384
2 64
2 257
1 53
1 423
2 466
2 147
1 408
2 316
2 229
1 114
1 270
1 39
1 249
1 416
1 214
2 20
1 149
1 53
1 403
2 310
1 197
1 57
1 25
1 59
2 177
1 212
1 499
1 428
2 205
2 36
2 494
2 48
1 34
1 47
1 426
1 303
1 164
2 77
1 434
2 144
2 159
1 408
2 309
2 404
1 30
2 284
2 198
2 368
2 134
2 167
2 270
2 32
2 384
1 472
2 447
1 279
2 323
2 261
2 373
1 496
1 307
2 128
1 313
1 234
1 262
1 356
2 73
2 316
1 51
2 124
2 254
2 101
1 441
2 411
2 229
1 67
2 389
1 242
2 393
2 351
1 79
1 37
2 297
1 458
2 342
2 195
1 187
2 375
2 359
2 292
2 395
1 177
2 403
1 39
1 245
2 301
2 447
2 325
2 392
1 441
1 66
2 33
2 281
2 231
2 396
1 282
1 231
1 276
1 376
1 133
1 55
2 294
2 122
1 95
2 251
2 450
1 21
1 420
2 93
2 143
1 172
1 129
2 234
1 388
2 421
1 80
2 304
2 475
2 342
2 142
1 455
2 259
2 277
2 479
2 329
1 60
1 397
1 254
1 295
2 442
2 12
2 42
1 97
1 444
1 437
2 233
2 380
1 70
1 22
1 228
1 21
2 53
1 178
2 251
1 151
2 38
2 417
2 182
1 95
2 303
2 414
1 125
2 379
1 152
1 94
2 305
1 17
2 87
1 367
1 17
1 234
1 236
1 133
2 163
2 245
1 313
1 205
2 302
2 335
2 186
1 183
1 97
2 198
1 96
2 373
1 138
1 18
2 255
1 345
1 432
2 87
1 99
2 32
1 225
1 57
1 497
2 103
1 142
1 129
2 68
2 201
2 458
1 133
1 71
2 185
1 66
2 97
1 413
1 119
2 198
2 102
1 266
1 491
2 356
2 347
2 471
2 332
1 116
1 344
1 441
1 39
1 151
2 225
2 115
2 256
1 370
2 209
2 61
1 245
1 318
2 42
2 490
2 420
2 189
2 495
2 143
2 190
2 372
1 207
1 108
1 1
2 171
2 315
2 260
2 498
1 2
2 70
2 116
2 299
1 104
2 136
1 382
2 390
2 442
1 90
2 410
1 230
1 2
1 162
1 307
2 191
1 401
1 2
1 100
1 171
2 297
1 300
1 334
2 282
2 137
2 176
1 16
2 329
2 152
1 130
1 352
1 117
1 283
1 472
2 270
1 289
1 152
2 447
2 481
1 112
2 154
2 366
2 43
1 185
1 387
2 4
1 338
1 194
2 238
2 355
2 10
2 276
2 435
1 498
1 153
2 384
1 247
1 474
2 295
1 186
1 28
2 271
1 309
1 486
1 332
1 108
1 38
2 354
2 456
2 240
1 459
2 265
2 76
1 197
2 451
2 404
2 423
1 344
2 194
2 480
2 224
2 218
2 321
1 437
1 274
1 87
2 3
2 493
1 144
1 300
2 424
2 425
1 81
1 429
1 152
1 150
2 199
1 339
2 495
1 499
1 303
2 204
2 492
2 87
2 238
1 81
2 293
2 6
2 476
1 350
2 46
2 353
1 422
1 114
1 319
1 36
2 401
2 130
1 287
1 378
1 453
2 36
2 315
1 173
2 327
1 269
1 225
1 115
1 17
2 62
2 192
2 455
1 187
1 335
1 151
2 201
1 23
2 404
2 130
2 331
1 450
1 180
1 425
1 320
2 226
2 127
1 329
2 213
2 369
1 192
2 112
2 178
1 481
1 322
1 10
2 417
2 456
1 133
1 242
1 24
2 36
1 88
1 434
2 230
1 200
1 173
2 166
1 444
1 283
2 107
1 121
2 251
1 471
2 159
1 38
1 382
2 183
1 288
2 122
2 270
2 142
1 483
2 144
1 156
1 42
1 422
2 489
1 442
2 258
2 374
2 134
2 71
2 428
1 137
2 78
1 221
1 200
2 230
2 480
1 472
1 351
2 388
2 416
2 297
2 281
1 171
2 277
2 83
1 302
2 105
1 476
2 451
2 232
1 369
2 417
2 436
1 437
2 458
2 4
2 229
1 128
1 50
1 196
1 460
1 54
1 377
1 444
2 204
2 6
2 90
2 469
2 42
2 200
2 461
2 457
1 190
2 293
1 488
1 75
2 485
2 66
2 10
1 39
2 36
2 341
2 171
2 2
1 66
2 414
1 459
2 215
1 307
2 91
1 199
1 445
2 498
1 248
2 223
1 423
2 34
1 87
1 72
1 471
2 344
2 163
1 459
2 154
2 440
1 410
1 113
1 172
1 68
2 320
1 409
2 252
1 358
2 350
2 278
1 418
1 408
1 275
1 12
1 334
2 24
1 440
1 301
1 302
1 234
2 362
1 215
2 436
1 451
2 353
2 308
1 202
1 53
1 285
1 256
2 219
2 66
1 470
1 473
2 438
2 244
2 52
1 115
2 234
1 475
1 498
2 207
2 202
2 26
1 26
2 308
1 263
2 106
2 91
1 355
1 488
1 382
1 112
1 230
2 265
2 430
1 339
1 312
1 98
1 377
2 322
2 219
2 409
1 21
2 105
2 82
2 177
2 336
1 311
2 132
2 121
2 189
2 400
1 350
2 189
2 323
2 263
2 447
2 68
2 374
2 193
2 117
2 270
1 360
1 368
2 358
2 255
1 299
1 46
2 354
1 375
2 448
2 69
1 11
2 64
1 161
2 191
2 329
1 432
2 391
2 31
1 287
1 146
1 291
2 86
2 128
1 173
1 300
2 321
1 81
2 46
2 493
1 221
2 47
1 213
2 451
1 388
2 381
2 26
2 75
2 19
2 274
2 130
2 136
1 235
1 38
1 309
1 367
2 55
2 181
2 53
2 362
1 423
1 325
2 117
2 411
2 305
2 30
1 109
2 88
2 232
2 326
1 359
1 421
2 308
2 31
1 435
2 152
2 486
1 157
1 78
1 441
2 456
1 168
1 338
2 111
2 232
1 313
1 480
2 354
2 37
1 499
2 128
1 31
1 329
1 67
1 311
2 140
1 32
1 33
2 414
2 142
2 431
1 438
1 390
2 400
1 27
1 100
1 251
1 119
2 21
1 337
2 248
1 448
1 135
2 148
2 475
2 397
2 94
2 370
2 477
1 260
2 371
2 9
1 193
2 404
2 16
1 248
1 420
2 43
1 379
1 454
1 183
2 314
1 37
1 463
2 305
1 368
2 285
1 352
2 354
1 393
1 199
1 485
1 391
2 376
2 420
2 326
1 383
1 82
2 323
1 284
2 117
2 5
2 230
2 81
2 316
1 304
1 169
1 188
2 166
2 180
1 95
2 39
1 144
1 248
1 15
2 296
1 237
2 236
1 361
2 401
1 494
1 393
1 344
1 73
2 142
1 94
2 256
2 66
1 252
2 217
2 400
2 102
1 165
2 454
2 5
1 52
1 409
1 364
1 376
1 261
2 187
1 457
1 338
1 193
1 39
1 60
1 274
2 277
1 349
1 314
1 287
2 55
1 160
1 447
2 353
2 404
2 265
1 185
1 234
2 43
1 490
1 413
2 114
2 404
2 123
2 168
2 285
1 456
2 140
2 331
1 313
1 87
2 298
2 31
2 351
2 6
2 379
1 159
1 162
2 306
1 483
2 45
1 47
1 64
1 254
1 381
2 184
2 495
2 441
2 215
1 450
1 336
1 341
1 171
1 260
2 138
2 301
1 362
2 33
2 384
2 22
2 57
2 83
2 389
1 428
2 19
2 174
1 408
1 51
1 368
2 258
2 405
2 38
1 257
1 42
2 60
2 109
1 472
2 19
1 418
1 315
1 378
1 141
2 206
1 66
2 354
1 281
1 86
1 375
1 91
1 186
2 182
1 118
2 189
1 365
1 137
2 394
1 370
1 2
2 429
1 499
1 95
2 243
1 448
2 225
2 384
2 41
1 408
1 70
1 146
1 54
1 316
2 148
1 184
2 260
2 420
2 98
1 389
2 45
2 457
1 79
2 384
2 258
2 128
2 387
2 113
1 407
1 90
1 113
2 406
2 89
1 187
2 191
2 27
1 115
2 209
2 27
1 163
1 382
2 463
1 415
2 263
2 354
1 78
2 477
1 395
2 161
2 103
2 7
2 290
1 316
1 166
1 441
2 478
2 119
1 294
2 218
2 206
2 260
2 241
1 470
2 5
1 215
2 185
1 88
1 195
2 176
1 448
1 40
2 290
1 68
1 43
2 344
1 208
2 382
1 43
1 83
2 185
2 153
2 370
1 399
1 346
1 276
1 189
2 70
2 473
1 118
2 422
2 114
2 267
2 429
2 402
2 355
2 159
1 159
2 451
2 92
2 482
2 90
2 34
2 353
1 148
1 224
1 282
2 402
1 35
1 209
2 340
2 375
2 422
2 379
2 294
1 21
2 41
1 297
1 472
2 283
1 322
1 41
2 194
1 355
1 124
2 368
2 477
1 165
2 479
2 123
1 217
2 250
2 456
2 34
2 399
1 398
2 173
1 27
1 84
2 149
2 295
2 373
1 462
1 170
1 284
1 415
1 490
2 312
2 63
2 223
2 364
2 385
1 262
1 105
2 144
1 403
2 474
1 210
2 165
2 227
1 226
2 152
2 9
2 11
2 160
2 236
2 57
1 411
2 383
2 163
2 472
1 317
2 193
1 232
2 108
1 8
2 450
2 251
2 326
2 233
2 197
1 211
1 440
2 424
1 192
1 52
2 355
1 460
2 97
2 107
1 500
2 92
2 329
1 111
1 454
1 342
2 163
2 256
1 377
2 128
1 116
2 83
2 251
1 369
2 436
1 255
2 294
1 87
1 40
1 128
2 245
2 495
2 373
1 361
1 428
1 317
1 18
2 366
1 292
1 467
2 61
2 13
1 270
1 476
2 1
2 302
2 71
1 355
1 398
2 45
2 54
2 72
1 260
2 43
2 23
2 130
2 285
1 289
2 445
1 215
2 218
1 393
1 16
1 435
2 314
2 441
1 340
2 143
2 153
2 353
2 250
1 462
1 328
1 440
1 365
2 69
1 22
2 221
2 208
1 301
1 134
1 241
2 310
2 127
1 123
1 341
1 165
1 110
1 403
2 264
2 55
1 348
2 144
1 465
1 75
1 225
2 63
2 237
1 403
1 185
2 47
2 101
2 30
1 55
1 110
1 50
2 353
2 93
1 317
2 199
2 378
2 303
1 239
1 311
2 255
1 370
2 224
1 363
1 31
2 185
1 438
2 156
1 483
1 138
2 361
1 394
1 111
1 178
2 439
1 194
2 187
2 197
2 384
1 164
1 328
1 257
1 434
2 259
2 364
1 419
1 84
1 314
1 212
2 394
1 182
2 47
2 1
2 279
1 154
1 1
1 493
1 303
2 374
2 47
2 309
2 165
1 129
1 85
1 320
1 341
2 269
2 221
2 482
2 357
2 144
2 320
2 318
1 267
2 35
2 132
2 129
1 234
2 125
1 448
1 499
2 296
2 27
2 388
1 367
1 199
2 304
1 499
1 344
2 16
1 429
2 220
2 146
2 166
1 474
2 213
1 253
2 91
1 25
1 343
2 425
2 253
1 411
2 405
1 367
2 131
2 271
1 204
2 6
2 186
2 333
2 154
1 111
1 69
2 425
2 229
2 304
1 281
1 84
2 319
2 309
2 449
1 2
1 348
2 224
2 189
2 135
1 346
2 438
1 83
1 28
1 415
2 293
2 396
1 435
1 382
1 14
2 175
2 186
1 373
1 258
2 22
2 255
2 341
1 484
1 109
2 87
2 194
2 421
2 458
1 155
1 451
1 22
2 35
2 350
2 320
2 320
2 55
1 59
1 469
1 23
2 405
2 304
1 339
1 390
1 431
1 487
2 416
1 209
1 419
1 208
1 17
2 431
2 304
2 170
1 235
1 53
2 300
1 292
1 431
2 138
1 429
1 446
1 188
2 145
1 212
1 47
1 83
2 3
1 170
1 214
1 216
1 98
2 473
2 357
2 421
1 468
2 173
1 396
1 68
1 317
2 96
1 63
1 192
2 267
2 88
1 320
2 97
2 22
2 305
1 176
1 75
2 130
2 408
1 311
2 417
2 310
1 342
1 393
1 288
1 450
2 139
1 382
1 186
2 156
2 132
2 272
1 178
2 156
2 278
1 116
2 297
2 410
1 148
2 375
2 314
2 13
1 446
1 39
2 148
2 177
2 229
1 188
1 201
1 195
1 13
1 376
2 86
1 447
2 292
2 19
2 349
2 408
1 277
2 277
1 345
2 55
2 253
1 331
2 437
2 134
1 38
1 258
2 499
1 207
1 229
2 246
2 459
2 223
2 99
2 11
2 155
2 368
2 306
1 63
2 278
2 44
2 410
2 289
1 209
2 401
2 423
1 217
2 150
2 320
2 493
1 395
1 394
1 258
2 163
2 145
1 221
1 106
1 193
1 241
2 92
2 41
1 138
2 99
2 48
1 239
1 99
1 391
1 247
2 246
1 173
2 53
2 282
2 226
1 256
1 78
1 310
1 65
2 227
2 437
1 284
1 17
1 161
1 77
2 260
2 168
1 417
2 28
1 231
2 376
1 274
2 37
2 423
1 233
2 320
2 274
1 48
1 337
1 49
1 115
1 440
1 91
1 206
1 405
1 74
1 126
2 233
1 281
2 319
2 155
2 386
1 94
2 217
1 493
1 47
2 277
1 444
1 341
1 337
1 437
2 377
1 109
2 280
1 115
1 106
2 236
2 48
2 128
2 111
1 234
2 430
1 495
2 229
2 22
1 432
2 180
2 76
1 121
2 381
1 453
2 356
1 181
1 369
1 20
2 279
2 339
1 466
2 81
2 20
1 464
2 264
2 315
1 282
1 46
2 171
1 353
1 390
2 133
1 193
1 440
2 460
1 31
1 463
2 472
1 416
2 488
1 281
2 371
1 238
1 428
1 118
1 489
2 165
1 264
2 477
2 31
2 332
2 362
1 375
2 479
2 323
2 322
2 121
1 16
1 311
1 469
1 75
2 434
2 78
2 151
2 103
1 343
2 94
1 432
2 240
2 111
1 81
1 16
2 327
2 58
2 326
1 417
2 334
1 195
1 103
1 318
2 379
1 343
1 215
2 144
1 389
1 219
2 37
1 21
2 116
1 352
1 307
1 46
1 321
1 403
2 437
1 480
2 231
1 491
2 300
1 454
1 240
1 360
1 109
1 491
2 161
1 370
2 461
2 459
2 6
2 56
2 433
2 461
2 208
2 164
1 437
2 399
1 493
2 303
2 490
2 177
2 134
1 469
1 460
2 79
1 140
1 112
1 168
1 290
2 375
2 234
2 422
2 338
1 391
1 14
1 433
2 234
1 236
2 216
1 333
1 365
1 427
1 247
1 399
2 320
2 341
1 435
1 38
1 175
1 264
2 11
1 83
2 465
1 151
1 217
2 325
2 307
2 260
2 196
2 293
1 283
1 421
1 247
1 341
1 89
1 314
2 151
1 47
1 65
2 499
1 384
1 66
1 426
1 446
1 188
2 489
1 224
2 391
1 70
1 243
1 187
1 460
1 303
2 9
1 407
2 205
1 182
1 183
1 299
2 229
1 219
2 160
1 477
1 411
1 133
1 407
1 61
1 361
1 76
2 287
2 227
2 476
2 464
2 220
2 287
1 100
2 368
2 446
1 161
1 93
2 213
2 464
1 364
1 341
1 396
2 126
2 321
2 235
1 259
1 398
2 253
1 253
1 108
1 315
1 258
2 413
1 405
1 95
1 404
2 411
2 117
1 273
2 489
2 73
2 312
1 496
1 319
1 183
2 150
2 46
2 255
1 228
2 186
2 483
2 461
2 239
1 133
1 366
2 370
1 71
1 260
1 245
1 18
1 356
2 128
1 425
2 63
1 245
1 326
2 188
2 324
2 68
1 290
2 428
2 75
1 44
1 416
2 263
2 420
2 451
2 224
2 133
1 378
1 386
1 308
2 194
2 203
2 438
1 397
2 355
2 363
1 156
1 390
2 62
2 241
1 60
1 238
1 453
2 421
1 22
2 115
2 211
2 179
2 13
1 365
2 398
2 468
1 208
1 176
2 18
1 484
2 435
2 121
2 40
2 77
2 473
2 128
1 359
1 36
2 85
1 441
2 331
2 240
1 118
2 363
2 34
1 64
1 123
1 206
1 76
1 74
2 176
2 436
2 359
2 109
2 74
1 277
1 310
1 146
2 134
1 413
2 57
1 338
2 11
1 192
2 29
1 339
2 466
1 91
1 96
2 471
2 100
2 277
2 467
1 187
1 133
1 471
2 279
1 72
1 55
2 80
1 28
1 140
1 43
1 373
1 280
2 10
1 442
1 140
1 411
2 211
2 130
2 436
1 193
2 401
2 269
1 34
2 249
2 346
2 254
1 132
1 413
1 117
1 131
1 113
1 434
2 288
2 356
2 175
1 229
2 498
1 55
1 350
2 408
2 298
1 264
2 399
1 274
2 29
2 122
2 150
1 168
2 322
2 160
1 274
1 423
2 89
2 6
1 483
1 484
1 427
1 61
2 275
1 191
1 90
1 148
2 71
2 28
2 189
2 240
1 278
1 85
2 342
1 8
2 355
1 104
2 91
1 309
2 350
2 20
2 15
1 382
2 334
2 329
2 447
2 484
1 434
1 294
1 10
-1
