2 248
1 326
2 488
1 273
1 90
2 299
2 220
1 311
2 64
1 277
2 296
1 205
2 221
1 54
2 275
1 372
1 172
2 494
2 480
1 481
2 421
1 223
1 90
2 123
2 81
1 147
1 353
2 478
2 139
1 474
2 270
1 286
1 393
1 452
1 46
1 293
1 266
2 310
2 252
1 359
1 34
2 60
1 60
2 311
1 272
1 110
2 480
2 186
1 174
1 447
2 273
2 389
2 458
1 245
2 333
1 244
1 312
2 104
2 44
1 420
2 401
2 411
1 276
2 455
2 234
2 224
1 492
1 396
2 13
2 213
2 96
1 210
2 111
1 482
1 430
2 24
1 282
1 61
2 30
2 209
2 268
1 473
2 395
1 411
2 360
1 103
2 430
1 66
1 329
2 249
2 299
1 440
1 58
2 340
2 367
1 406
1 184
1 244
2 449
1 337
2 480
1 467
1 456
1 301
1 430
1 394
2 173
1 12
1 186
1 21
1 104
1 390
2 155
2 217
2 343
1 263
1 197
1 231
1 113
1 287
2 285
2 475
2 366
1 243
2 189
2 158
1 392
2 283
1 384
2 352
1 256
2 47
1 196
1 103
1 365
1 54
2 422
1 309
2 366
2 41
1 17
1 50
1 449
1 305
1 182
2 57
1 123
2 389
1 436
1 329
1 85
2 152
1 410
2 144
2 215
1 181
1 85
1 139
2 265
1 216
1 452
1 383
1 79
1 243
1 319
2 18
2 305
2 260
2 333
2 341
1 290
2 483
1 306
2 111
1 268
1 368
2 450
1 144
1 225
1 97
2 309
1 297
2 487
1 179
2 310
1 70
2 96
1 177
1 25
2 323
1 464
1 363
2 292
1 144
1 244
2 411
1 58
2 16
1 115
2 215
1 418
1 375
2 40
2 266
1 41
2 59
1 130
2 269
2 279
1 141
1 356
2 425
1 461
1 309
2 486
2 351
2 363
2 120
1 331
2 169
2 177
2 226
2 352
1 79
1 110
2 3
2 473
2 82
1 218
2 8
1 117
1 310
2 138
2 84
1 18
1 338
1 183
1 352
1 261
2 367
1 353
2 39
1 499
1 259
1 214
1 475
2 180
2 13
2 65
2 285
1 52
1 128
1 37
2 471
1 261
2 19
1 409
2 439
2 233
2 179
1 166
2 480
2 437
2 162
1 293
1 287
1 271
1 282
1 393
1 457
2 293
2 118
2 88
1 312
1 104
1 117
1 494
2 466
2 293
2 136
2 276
1 132
2 336
2 206
1 17
1 232
2 192
1 213
2 257
1 450
2 217
2 334
2 367
2 493
2 482
1 447
2 49
1 155
1 491
1 315
2 225
2 19
2 100
2 47
1 107
2 420
2 119
2 385
2 108
2 347
2 356
2 197
2 370
1 492
1 63
2 70
1 57
1 408
1 171
1 215
2 154
2 303
1 443
1 108
1 416
1 490
1 98
2 28
1 242
2 383
1 381
2 443
2 244
1 296
1 156
2 394
2 349
2 285
2 236
1 193
2 50
1 126
2 72
2 318
2 228
2 469
1 5
2 397
1 465
1 14
1 54
2 132
1 455
1 397
1 12
2 397
2 474
1 59
1 379
2 210
1 429
1 213
2 441
2 384
2 153
2 228
1 156
2 312
1 479
1 4
1 296
1 402
2 421
1 166
2 40
1 256
1 405
2 104
2 429
1 101
2 236
1 139
2 39
1 353
2 157
1 210
1 107
2 424
2 274
1 30
1 317
2 133
2 253
2 418
1 76
1 114
2 50
1 202
1 201
1 160
2 113
2 160
2 331
1 97
1 25
1 269
2 263
1 265
2 490
1 400
2 404
1 227
2 265
1 96
1 185
2 322
2 123
1 367
2 269
1 408
2 293
2 337
2 430
2 422
2 135
2 187
1 334
2 46
2 193
2 416
2 247
2 26
2 422
1 173
1 207
1 186
1 108
1 54
2 123
2 307
2 500
2 498
2 258
2 283
1 35
1 178
2 139
2 353
1 95
2 454
2 308
2 300
1 161
1 156
2 32
2 243
2 159
1 216
1 486
1 217
1 400
2 4
1 97
1 301
2 84
1 344
2 245
2 158
2 200
1 391
1 480
2 466
1 76
2 54
2 383
1 432
1 164
2 171
2 290
2 155
2 429
1 115
2 345
2 429
1 290
2 127
2 155
2 406
1 125
2 142
2 81
2 140
1 359
1 60
1 133
2 224
2 64
1 85
1 314
2 304
2 35
1 75
2 374
2 122
2 143
1 209
2 39
1 23
2 158
1 396
1 148
2 54
1 160
1 471
1 354
1 280
1 56
2 132
2 187
2 131
2 219
1 404
2 40
1 5
2 359
1 191
2 222
1 70
1 86
1 207
2 166
1 383
2 340
1 353
1 119
1 207
2 175
1 150
1 239
1 262
2 258
1 455
2 252
1 64
2 268
1 479
2 108
2 5
2 227
2 29
2 192
2 237
1 48
1 431
1 392
2 86
2 200
2 183
2 268
2 491
2 368
1 319
2 182
1 478
1 180
1 456
2 92
2 89
2 430
1 128
2 267
1 173
2 457
1 269
2 454
1 463
2 81
1 352
1 104
2 22
2 186
1 6
2 21
1 267
2 316
1 123
2 458
1 401
2 3
1 491
1 280
2 480
1 86
2 474
1 363
2 176
1 175
2 176
1 478
1 498
1 39
1 80
2 267
1 263
2 352
2 428
1 57
1 343
2 442
1 184
2 366
2 204
2 244
1 88
2 173
2 218
1 56
2 60
2 480
1 295
1 426
2 315
1 334
2 476
2 29
1 431
1 370
2 434
2 366
1 37
1 457
2 453
2 255
1 39
2 37
1 418
1 259
1 148
1 444
2 71
1 134
2 218
2 339
2 467
1 376
2 446
1 461
1 48
1 114
1 302
1 123
2 316
2 6
2 177
2 437
2 273
1 303
1 424
1 344
1 49
2 97
1 403
2 96
1 124
2 388
2 62
1 347
2 94
1 191
1 153
1 220
2 197
2 266
2 368
2 214
1 32
1 410
1 71
2 235
1 65
1 471
1 335
2 355
2 21
2 402
2 172
1 449
2 348
1 193
2 26
1 130
2 68
2 342
1 247
2 183
2 402
2 141
1 322
2 17
1 39
1 218
2 391
1 283
1 231
2 304
1 232
1 17
2 28
1 140
2 138
2 289
1 327
2 128
1 275
1 193
1 265
1 80
1 427
1 97
2 188
2 117
2 390
2 422
2 194
2 43
1 235
1 371
1 464
1 413
2 197
1 108
2 367
2 320
1 48
2 154
2 21
1 5
1 458
1 178
1 487
2 483
2 108
2 134
2 406
2 365
1 4
1 414
1 158
1 219
2 2
2 143
1 198
1 135
1 425
1 307
2 88
2 336
2 345
2 470
1 367
1 203
1 158
1 296
2 201
1 372
1 238
1 427
1 13
2 443
1 77
2 52
1 241
2 63
2 60
1 38
1 69
1 352
1 207
2 41
1 12
1 461
1 129
1 389
1 300
2 135
1 431
1 96
2 277
1 107
1 393
1 465
2 235
1 187
2 314
2 348
1 194
2 279
1 48
2 167
2 497
2 279
2 191
1 449
2 383
2 6
2 402
1 235
1 490
2 428
2 351
1 332
1 288
1 70
2 128
1 385
1 241
2 254
2 388
1 249
1 312
1 396
2 427
2 52
1 255
1 423
1 311
1 353
1 216
1 136
2 362
1 171
1 35
1 384
1 330
1 396
2 89
2 206
2 273
2 283
1 440
2 485
1 310
2 347
2 463
1 72
1 354
1 277
1 17
1 365
1 143
1 339
2 51
1 97
2 4
2 202
1 435
1 193
2 227
1 473
2 225
1 216
1 137
1 21
1 151
1 203
2 145
2 227
2 140
2 370
1 406
2 439
1 109
2 288
2 374
2 227
2 156
1 380
2 285
2 2
2 138
1 431
1 449
2 181
1 183
1 83
1 324
2 280
1 4
2 322
2 179
1 327
2 341
2 331
2 459
1 263
1 239
2 81
2 53
2 479
1 14
2 175
1 434
1 473
2 373
2 165
2 194
1 89
2 402
2 363
1 454
1 11
2 22
2 231
2 56
2 14
2 122
1 258
2 346
2 195
1 377
2 120
1 54
2 456
2 331
2 370
2 148
1 329
2 323
2 447
1 472
1 298
2 500
1 351
2 138
2 414
1 255
2 435
2 445
2 319
1 61
2 412
1 272
1 228
1 150
2 323
2 486
2 65
2 28
2 181
2 311
1 382
1 331
1 78
2 58
1 402
1 288
2 29
1 404
2 5
1 283
1 26
1 300
2 457
2 209
2 195
1 435
1 437
2 95
1 243
2 113
2 122
2 309
2 164
2 259
1 470
2 347
2 12
1 289
1 324
1 309
1 17
2 149
2 211
1 170
2 396
1 449
2 386
1 371
2 174
2 217
2 373
2 489
2 61
1 56
1 479
1 458
2 310
1 151
1 201
1 325
1 453
2 317
2 86
2 239
2 168
2 253
1 222
1 128
1 223
1 369
2 251
1 47
2 136
2 432
1 368
1 284
1 233
1 10
1 138
2 281
2 55
2 401
1 478
1 409
1 415
1 104
1 307
1 226
1 50
2 482
2 117
2 237
2 216
1 370
2 494
1 214
2 183
1 324
1 493
2 64
1 214
2 425
1 169
1 18
1 158
2 135
1 115
2 474
1 468
1 386
1 345
2 214
2 416
2 39
2 473
1 168
1 120
1 410
1 445
2 6
1 277
1 228
2 214
2 72
2 248
2 346
2 260
2 471
2 300
2 435
1 314
1 162
1 397
2 73
2 201
1 295
2 69
1 219
1 278
1 167
1 450
1 322
2 275
1 236
1 5
1 49
1 476
1 455
1 336
1 417
1 457
2 364
1 436
1 11
2 223
2 442
2 41
2 233
2 259
1 444
2 342
1 284
2 406
2 392
2 118
1 129
1 222
1 303
2 278
1 74
1 342
2 376
1 482
2 400
1 280
2 206
2 187
2 141
1 431
2 36
1 44
1 326
1 360
1 274
2 293
2 192
2 66
1 368
2 380
1 138
2 462
2 336
1 183
1 443
1 360
2 365
1 494
1 21
2 22
1 193
1 141
2 300
1 304
1 104
2 287
2 45
1 435
1 100
2 208
1 286
2 20
2 174
1 44
1 70
2 488
2 83
1 499
1 37
1 49
1 188
2 84
1 435
1 316
1 338
2 427
1 293
2 478
2 164
2 12
2 290
2 199
1 182
2 253
1 202
1 61
2 340
1 177
1 365
1 159
2 366
1 30
1 236
2 328
2 379
1 335
1 394
1 391
1 82
1 145
1 149
1 376
1 53
1 114
1 395
1 324
1 61
2 122
1 211
2 46
2 492
2 461
1 118
2 461
2 346
2 186
1 366
1 334
2 317
2 188
1 70
2 175
2 215
1 426
2 449
1 365
1 408
2 325
2 176
2 75
2 446
2 219
2 378
1 81
1 350
1 109
2 130
1 401
1 283
2 120
2 2
2 23
2 309
2 285
1 188
2 209
2 175
2 295
1 182
1 98
2 347
1 301
2 193
1 172
1 232
1 410
2 128
1 345
1 335
2 124
1 191
1 6
1 462
1 269
2 231
1 377
1 276
2 406
1 82
2 147
2 72
2 249
2 192
2 487
1 425
1 399
1 145
1 185
1 408
2 452
1 171
1 67
1 208
1 117
1 253
1 306
1 172
2 375
2 499
2 241
1 174
2 243
1 395
2 275
1 231
1 143
2 405
1 50
1 33
2 253
2 430
2 461
2 465
2 167
2 47
2 90
1 250
1 37
1 462
2 149
2 240
2 297
1 352
2 459
2 365
1 373
1 474
2 450
1 19
1 104
2 227
1 136
1 229
1 323
2 186
2 439
2 113
2 272
2 433
2 53
2 146
2 294
2 110
2 408
1 211
2 45
2 56
1 116
2 56
1 179
2 260
2 370
1 203
2 40
1 223
1 488
1 221
1 338
1 376
2 309
1 256
2 78
2 385
2 299
1 482
2 384
2 445
2 113
1 246
1 487
1 448
1 40
1 107
2 349
2 122
2 124
2 10
1 39
1 246
1 37
1 166
1 468
2 25
1 462
1 436
1 441
2 125
1 402
1 357
1 270
1 406
2 206
2 446
1 364
1 285
1 419
2 172
1 265
1 170
1 317
2 229
2 191
2 89
1 288
2 193
2 126
1 450
2 69
2 278
1 438
2 332
1 365
2 446
2 50
2 58
1 275
1 326
2 490
1 260
1 62
1 186
2 253
2 369
2 382
2 253
2 209
1 379
2 290
1 405
2 494
1 260
1 451
2 84
1 351
2 421
1 146
2 451
1 93
2 71
1 465
2 497
2 110
2 301
2 254
2 441
2 370
1 366
1 136
2 464
1 143
1 102
1 342
1 389
2 222
2 260
2 133
1 415
1 334
1 492
2 272
1 185
1 335
1 17
2 350
1 308
1 68
2 483
2 312
1 343
1 182
2 424
2 62
1 408
1 405
1 186
2 183
2 374
1 272
1 340
1 222
2 317
2 260
1 197
2 375
1 308
1 198
2 222
2 273
1 358
2 29
1 57
2 266
1 432
2 320
2 158
2 122
2 33
2 478
2 155
1 472
2 407
2 249
2 132
2 110
2 50
1 384
1 52
2 36
1 186
2 458
2 451
2 21
2 163
1 63
1 201
2 484
1 407
1 440
1 105
2 379
1 38
1 259
2 263
1 276
1 352
1 346
1 164
2 284
2 68
2 496
2 85
2 80
2 62
2 233
1 271
2 319
1 76
1 100
1 223
1 489
2 461
2 228
1 405
1 450
1 210
2 92
1 275
2 488
2 393
1 2
2 34
2 174
1 250
1 151
1 1
1 398
2 178
1 436
1 489
1 405
1 182
2 195
2 371
1 293
1 458
1 130
2 466
1 304
2 429
2 39
2 150
1 241
2 413
1 112
2 413
1 302
2 216
1 403
2 234
2 202
2 340
2 33
1 486
2 372
1 495
1 194
1 50
1 174
1 462
2 215
1 152
1 172
1 216
1 306
2 268
2 491
1 189
2 117
2 63
1 440
2 102
1 256
2 419
2 464
1 65
1 310
2 398
2 288
2 407
2 413
1 303
2 485
2 129
2 369
1 293
2 304
1 146
1 396
1 340
2 500
2 241
2 325
1 141
1 102
2 408
1 73
1 120
2 404
1 10
2 143
1 285
2 47
1 358
1 197
2 152
1 453
1 4
2 29
2 92
1 43
2 347
2 412
1 24
1 270
2 292
1 38
1 62
1 209
2 377
2 320
1 101
1 420
1 253
1 452
1 134
2 195
1 461
1 150
1 273
2 220
1 34
2 491
1 340
2 366
1 308
2 96
1 309
2 215
2 18
2 256
2 13
1 483
2 56
1 309
1 254
1 244
2 285
1 234
1 489
1 44
1 136
2 55
1 357
2 356
1 139
1 25
2 413
2 476
1 194
1 500
2 15
2 85
2 180
2 127
1 270
1 463
2 12
2 201
1 138
1 93
1 223
2 279
1 327
1 307
1 93
1 318
2 400
2 258
1 73
1 99
1 405
1 98
1 282
1 135
2 410
2 399
1 196
2 119
1 134
1 246
1 231
2 332
2 169
2 414
2 324
1 286
1 277
1 347
2 237
2 329
1 412
2 130
2 255
1 332
1 25
2 465
1 344
2 90
1 237
2 309
2 366
1 492
2 329
2 53
1 23
2 415
1 460
1 392
1 144
1 306
1 356
1 127
2 418
1 415
2 70
2 271
1 168
1 430
2 304
1 266
2 214
1 112
2 76
1 239
2 283
1 90
1 165
2 189
2 136
2 293
1 29
2 345
1 176
1 44
1 459
2 158
1 341
2 197
1 328
2 486
1 182
2 100
1 495
1 280
2 94
1 188
1 486
1 169
1 9
2 493
2 225
1 490
2 122
1 332
1 324
2 263
2 244
1 203
1 353
1 368
1 258
2 271
2 290
1 256
1 356
1 116
1 249
1 497
2 143
1 24
2 497
1 323
1 352
2 329
1 211
2 2
1 307
1 210
2 415
1 246
1 65
1 202
1 319
1 240
2 229
2 131
2 252
1 168
2 330
2 307
1 249
1 7
2 283
2 151
1 238
2 319
1 110
1 319
1 421
1 240
1 172
2 78
1 176
1 26
2 446
1 397
1 343
2 100
1 175
2 175
1 351
2 66
1 365
1 91
2 294
1 138
2 52
1 388
2 165
1 288
1 449
1 155
1 290
1 121
2 208
2 228
1 139
2 221
2 381
2 344
1 493
2 490
1 48
1 327
1 495
1 173
2 297
2 86
1 285
1 254
1 204
1 254
2 478
1 401
1 137
1 383
2 225
2 24
1 102
1 336
1 463
1 390
2 187
1 401
2 385
1 166
2 339
2 283
2 245
2 378
2 427
2 361
2 133
1 126
1 438
2 181
1 321
1 363
2 249
2 329
1 268
1 74
2 265
1 127
2 242
1 93
1 264
2 22
1 40
1 185
2 312
2 229
1 139
2 490
2 205
1 372
1 164
2 134
1 4
1 140
1 264
1 265
2 36
2 479
2 286
2 404
2 380
1 81
1 74
1 404
1 240
1 305
2 424
2 34
1 198
2 173
2 108
2 44
2 75
1 421
1 36
1 161
2 455
2 284
1 162
1 9
2 167
1 7
1 104
1 369
2 416
2 466
2 182
2 17
1 234
1 172
2 113
1 36
1 276
2 299
2 358
1 42
1 473
1 318
1 440
1 228
2 431
2 230
1 405
1 71
1 35
1 407
1 425
1 67
1 112
2 341
1 24
1 345
1 133
1 423
1 200
2 279
1 195
1 93
1 105
2 237
1 257
2 139
2 288
2 85
1 273
2 221
2 158
2 144
1 79
2 214
1 69
1 259
2 351
2 214
2 13
2 446
2 149
1 302
2 344
1 188
2 162
1 265
2 324
1 312
1 178
2 179
1 220
2 361
1 139
1 229
1 80
1 124
2 462
2 17
2 14
1 273
2 111
2 49
1 297
2 188
1 89
1 424
2 7
1 82
2 61
1 148
2 336
1 221
2 400
2 453
1 292
1 292
1 114
2 39
1 53
1 88
2 444
2 301
1 146
2 94
1 44
1 50
2 217
1 27
1 210
1 233
2 57
2 106
1 217
2 284
2 370
2 261
2 85
1 262
1 296
1 139
2 301
2 218
2 14
1 336
1 427
2 428
2 445
1 209
2 30
1 281
2 66
2 64
1 454
2 231
2 384
2 88
1 261
2 404
2 104
1 202
2 12
2 217
1 14
2 320
2 268
1 146
2 492
2 482
1 237
1 46
2 433
2 8
2 141
1 171
2 207
1 127
1 205
2 377
1 120
1 465
2 147
1 72
1 170
2 287
1 469
2 378
2 317
1 149
1 353
1 54
2 395
1 128
2 374
1 21
2 51
2 84
2 446
2 390
2 263
2 372
2 361
1 187
2 191
1 338
2 7
2 453
2 70
1 204
1 435
1 140
2 60
2 33
2 433
1 323
1 450
1 130
1 147
2 191
2 152
1 379
1 419
2 114
1 262
2 487
1 244
2 32
2 405
1 11
1 338
2 385
2 379
1 301
2 182
2 362
2 370
1 194
1 423
1 332
1 328
1 232
1 148
2 78
2 179
2 242
1 273
1 6
2 491
1 28
2 352
2 209
1 480
2 213
1 414
1 290
2 66
2 16
2 135
1 469
2 34
1 32
1 335
1 309
1 399
1 202
2 76
1 324
2 16
1 13
2 136
1 226
2 26
2 117
1 334
1 177
2 295
1 25
1 301
2 11
1 20
1 302
2 325
2 353
2 364
2 473
2 18
1 403
2 291
1 55
1 457
2 195
2 142
2 84
2 255
1 346
1 9
2 72
1 475
1 378
1 493
1 189
1 252
2 405
1 462
2 17
1 393
2 21
1 133
1 180
2 402
2 364
1 23
2 95
2 63
1 187
2 174
2 268
2 169
1 466
2 334
1 252
1 397
1 464
2 80
2 268
2 20
2 242
1 270
2 39
1 308
2 90
2 303
2 257
2 381
1 453
1 260
2 144
1 180
2 388
2 249
2 91
1 490
2 162
2 21
1 442
1 128
2 13
1 91
2 104
2 47
2 389
1 465
1 313
1 490
1 403
1 207
2 210
1 177
2 306
2 274
2 229
2 481
2 34
2 213
2 98
2 45
1 64
2 369
1 5
1 280
2 299
1 251
1 33
1 82
1 328
2 436
1 459
1 148
1 190
2 333
2 471
2 124
2 238
1 114
1 53
2 500
1 230
1 63
1 381
2 99
2 351
1 264
1 301
1 5
2 124
2 277
1 66
2 332
2 244
1 248
2 190
2 352
1 200
1 33
2 410
1 289
2 369
1 274
1 167
1 12
1 467
1 88
1 392
2 390
1 216
2 136
1 235
2 29
1 252
2 366
1 396
1 274
2 262
2 286
1 176
2 422
1 140
2 377
1 279
1 371
2 254
1 104
1 196
1 126
2 396
2 460
1 349
2 408
1 483
2 389
2 193
1 4
1 170
2 215
2 350
2 147
1 442
1 443
2 233
1 436
1 411
2 271
2 332
1 220
1 222
1 176
1 270
1 98
2 264
1 91
2 397
2 68
1 338
2 327
1 430
1 402
1 8
1 302
2 202
2 5
2 481
1 189
1 211
1 392
1 97
2 439
2 71
1 35
2 368
2 182
1 122
2 193
2 107
2 320
1 219
1 230
2 355
1 152
1 55
1 391
1 378
2 200
1 187
1 208
1 94
1 55
2 324
1 196
1 446
2 237
1 190
2 215
1 88
1 313
2 113
1 498
1 236
2 290
1 431
2 180
1 238
1 443
1 185
1 343
1 4
1 294
2 398
1 88
2 77
2 331
1 308
1 31
2 377
1 317
2 169
1 386
1 81
1 171
1 465
1 247
1 445
1 12
1 251
1 30
1 204
2 17
2 392
2 405
1 219
2 278
2 68
1 348
2 491
2 118
1 236
1 275
1 256
2 77
1 90
1 333
2 170
2 7
1 452
2 181
1 484
2 260
2 474
2 403
1 181
1 475
1 236
1 299
2 240
2 348
2 333
2 325
1 233
2 415
1 241
1 57
1 258
1 127
2 127
2 398
2 253
2 75
1 474
2 330
2 100
2 393
1 209
2 137
1 399
1 329
2 499
1 215
1 405
2 190
2 73
2 190
2 311
1 164
1 340
2 200
2 374
1 74
1 12
2 79
1 466
1 401
1 497
2 423
2 307
1 284
2 50
2 408
2 440
2 200
2 268
1 422
2 195
2 426
2 57
2 468
1 116
1 337
1 334
2 12
1 222
2 223
1 471
1 484
1 404
2 393
2 434
1 15
2 308
2 39
2 149
1 90
1 226
2 375
2 37
1 403
2 385
2 382
2 106
2 469
2 251
2 384
2 174
1 17
2 394
2 49
1 412
2 305
2 417
2 400
2 121
1 415
2 278
1 63
2 364
2 95
2 243
1 151
1 80
2 453
2 73
2 367
1 343
2 177
2 406
1 416
1 229
1 382
1 330
1 240
2 179
1 307
2 164
2 393
2 475
2 419
2 197
2 235
1 160
2 150
2 338
2 442
1 99
2 423
1 470
1 472
1 347
2 125
1 439
2 456
1 213
2 16
2 363
1 300
1 12
1 290
2 218
2 118
1 109
1 447
2 53
2 430
1 253
1 113
2 274
2 308
1 147
1 247
2 425
1 87
2 51
1 341
2 311
2 288
2 350
2 349
2 209
2 6
2 36
1 3
1 390
2 147
1 486
2 249
1 495
2 50
2 62
2 165
1 201
2 495
1 243
2 156
2 325
2 263
2 483
2 374
1 75
1 112
1 117
1 322
2 46
2 155
2 465
1 183
2 476
2 67
1 371
1 372
1 87
1 408
2 398
2 144
2 152
2 236
1 466
2 378
2 484
2 322
1 56
1 113
2 180
2 452
1 104
2 97
1 308
1 462
2 488
1 233
1 64
2 111
1 229
2 244
1 225
2 160
1 420
1 14
2 154
2 353
2 491
2 151
1 157
1 206
1 69
2 487
2 259
1 366
2 438
2 403
1 378
1 293
2 37
1 100
1 326
1 298
1 252
1 317
1 412
1 404
1 164
1 316
1 339
2 113
1 346
2 141
2 428
2 223
1 442
1 5
2 125
1 286
2 102
1 284
2 328
2 196
2 133
1 265
2 396
2 451
2 95
2 167
1 376
1 189
2 63
2 288
1 198
2 416
2 379
2 163
1 442
2 196
1 74
1 44
2 40
1 62
1 437
1 359
1 321
2 184
1 91
2 275
2 248
1 87
1 92
1 331
2 312
1 106
2 42
1 205
2 347
1 67
2 198
2 298
1 324
1 105
1 304
2 202
2 420
2 28
1 242
1 396
2 440
1 141
2 3
2 413
2 315
2 484
1 256
2 233
2 466
1 344
1 68
1 24
1 186
1 203
2 113
1 35
1 99
2 32
2 223
2 154
2 275
2 400
1 121
2 312
2 174
1 60
2 53
2 432
1 134
1 220
2 84
1 150
1 280
1 339
1 478
1 391
1 480
1 486
1 478
2 390
2 156
2 244
1 32
2 149
2 13
1 115
1 325
2 333
1 150
2 310
2 162
1 230
2 193
2 445
2 68
1 173
2 135
1 283
1 295
2 386
2 3
2 106
2 469
1 283
1 461
1 96
1 143
2 467
2 96
2 357
2 96
1 385
1 297
2 451
2 302
2 249
1 189
1 334
2 496
1 478
1 59
2 281
2 101
2 240
1 9
1 358
2 125
2 38
1 465
2 364
1 325
2 273
2 170
2 225
2 74
1 324
2 126
2 389
1 203
1 274
1 224
2 168
1 429
2 473
1 193
2 11
2 301
1 85
1 242
2 339
2 362
1 3
2 470
1 417
2 19
1 236
1 24
2 294
2 107
1 198
1 454
1 20
1 195
2 428
1 265
1 307
2 483
2 465
2 52
2 477
2 422
1 368
1 466
2 102
1 279
2 75
1 62
2 338
2 403
2 396
2 234
1 145
1 363
1 20
1 342
1 188
1 411
1 413
1 68
1 152
1 16
1 282
2 24
2 185
1 87
2 445
1 282
2 387
1 402
2 262
1 106
2 359
2 356
2 244
1 136
2 473
2 473
1 431
1 224
1 274
1 48
1 481
2 10
1 177
1 330
1 7
2 238
2 303
1 487
2 369
1 441
2 476
2 447
1 409
1 373
1 332
1 455
1 101
1 383
2 227
1 66
2 499
2 301
2 248
2 347
1 112
1 161
2 52
2 197
1 128
2 197
2 341
2 123
2 467
2 69
2 69
1 130
2 288
1 219
1 69
1 355
1 409
2 119
1 473
2 124
2 235
1 59
2 323
2 219
2 38
2 185
1 124
1 376
1 448
1 299
1 215
2 399
2 372
2 435
1 183
1 296
1 81
2 344
2 239
2 395
1 201
1 85
2 97
1 236
1 110
1 263
1 390
1 299
2 30
2 457
2 494
1 130
1 310
2 329
2 387
2 28
1 154
2 412
2 128
2 498
2 236
2 413
2 274
2 90
2 147
1 15
1 149
1 65
2 321
2 211
2 320
1 146
2 54
2 427
1 407
2 270
1 37
1 471
1 244
1 464
1 457
2 233
2 474
1 267
1 42
2 353
2 419
1 38
1 259
1 153
2 388
2 11
1 456
2 437
1 392
2 145
1 379
1 304
1 175
2 350
1 251
1 281
2 403
1 141
2 133
2 178
2 419
1 148
2 20
2 130
2 337
1 110
2 151
2 270
2 39
2 245
1 24
2 310
2 46
1 439
1 299
1 402
2 155
1 295
1 486
1 288
1 198
2 388
1 366
2 25
1 480
2 45
2 497
2 281
1 360
1 423
1 187
2 79
1 226
2 219
2 149
2 384
1 107
2 45
1 131
2 228
1 41
1 113
2 330
2 282
1 464
2 51
2 381
2 344
1 354
1 316
1 420
2 199
2 173
2 498
2 368
2 265
1 349
2 149
1 473
1 71
2 338
1 439
1 102
1 323
2 195
1 160
2 40
1 141
1 305
1 367
1 67
2 283
2 211
2 296
2 65
2 119
1 192
2 472
2 190
1 452
2 136
2 351
2 321
2 91
2 332
2 148
1 291
1 164
2 213
1 183
2 30
1 30
2 62
2 365
1 499
1 340
1 279
1 160
2 32
1 75
2 58
1 113
1 355
1 348
2 87
2 195
1 36
2 188
2 281
2 200
2 72
2 412
1 228
1 300
2 173
1 326
2 299
1 282
1 65
1 72
1 364
2 119
2 47
2 495
2 211
2 106
1 233
2 336
2 144
2 275
2 361
1 251
2 37
1 312
1 13
1 105
1 2
2 274
1 381
2 226
2 167
2 429
2 52
1 63
2 398
1 363
1 289
2 417
1 497
1 279
2 463
2 385
1 309
1 215
1 130
2 336
1 123
1 47
1 27
2 73
2 150
2 34
2 252
1 116
1 382
1 256
1 480
1 12
1 2
1 181
2 370
2 279
2 132
2 370
2 137
1 83
2 81
1 77
1 418
1 431
2 437
1 494
1 30
2 407
2 435
1 13
1 456
2 148
2 467
1 97
1 163
2 94
2 147
1 278
1 361
1 214
2 98
2 416
2 416
1 157
1 261
2 5
1 312
2 7
1 22
2 85
1 134
1 279
1 199
1 47
2 116
1 59
2 22
1 191
2 148
2 138
1 367
2 328
1 147
1 308
1 140
1 203
2 422
2 256
1 241
1 383
1 117
2 420
2 267
1 75
1 308
2 173
1 59
1 204
2 37
2 224
2 106
1 153
2 111
2 351
2 414
2 58
2 173
2 169
2 290
2 204
2 159
2 122
2 80
2 273
2 39
1 497
2 274
2 23
1 409
2 86
2 457
2 205
1 323
2 420
1 319
1 60
1 56
2 46
2 210
2 455
1 166
2 96
2 156
2 26
1 343
2 238
1 309
1 281
2 166
1 446
2 379
2 314
1 390
2 421
2 381
2 50
2 382
1 337
2 116
2 100
1 29
1 109
1 483
2 320
2 145
1 337
2 122
1 457
2 64
2 461
2 455
2 491
1 8
2 372
2 245
1 432
1 13
2 463
2 133
1 199
2 399
2 152
2 388
1 383
1 188
1 248
1 206
1 478
2 268
2 187
2 172
1 138
1 10
1 383
2 233
2 271
1 468
1 4
2 233
1 10
1 81
2 414
1 346
2 202
1 91
1 478
2 6
2 2
2 66
1 9
1 169
1 281
1 405
1 194
1 22
1 409
1 312
1 92
1 64
2 123
2 33
1 473
1 418
1 404
2 62
2 132
1 396
2 69
1 48
1 289
2 169
1 375
2 371
1 490
2 110
1 145
1 415
2 31
1 294
2 166
2 51
2 288
1 413
1 97
2 470
1 233
1 435
2 118
2 424
2 443
1 422
2 27
1 407
1 371
2 196
1 111
1 389
2 43
2 254
2 317
2 24
1 213
1 360
1 115
1 141
2 169
1 348
2 454
1 456
1 10
2 64
2 248
1 371
1 456
1 281
2 51
1 174
2 466
2 444
1 20
1 192
1 202
2 87
2 497
1 330
1 397
2 478
1 48
1 138
1 324
1 128
1 277
2 488
1 37
2 25
2 219
2 96
1 459
1 74
2 280
2 165
1 500
1 23
2 194
1 402
2 281
2 94
1 181
2 3
1 363
1 478
2 448
2 352
1 459
2 213
1 180
2 265
2 222
2 77
2 299
2 135
2 7
1 340
1 160
2 461
2 222
1 307
2 214
2 426
1 435
1 261
1 366
2 496
1 164
2 206
1 403
2 244
2 272
1 152
1 278
1 10
2 401
1 371
2 326
1 138
2 286
2 430
2 127
1 294
1 202
1 455
1 44
2 216
2 486
1 98
2 331
2 317
1 275
2 198
1 334
2 64
2 289
1 326
1 271
2 409
1 470
1 427
2 266
1 180
2 9
2 69
1 236
2 275
1 423
1 313
1 362
2 79
2 222
1 418
1 374
1 315
1 41
2 60
1 234
2 260
2 368
1 286
2 64
1 464
1 235
1 94
1 4
1 246
2 279
2 420
1 341
1 51
2 178
2 39
1 201
1 6
1 330
2 22
2 54
2 231
1 465
1 235
1 199
2 397
2 495
1 184
2 402
2 68
2 197
1 342
2 107
2 465
1 341
1 33
1 175
2 33
2 290
1 458
1 100
1 20
1 374
2 429
2 437
1 57
2 453
2 30
2 97
1 51
1 183
2 35
2 197
1 495
1 335
2 29
1 10
1 379
2 250
2 361
2 6
1 23
1 316
1 221
1 249
2 405
1 205
1 140
2 7
2 442
2 143
1 478
1 17
1 239
1 367
2 8
1 16
2 182
2 434
1 299
2 376
2 318
1 142
2 36
1 295
2 192
2 446
2 441
1 377
2 283
2 277
2 466
2 321
2 179
1 104
2 492
2 32
2 262
2 118
2 25
1 125
1 201
1 89
2 235
2 171
1 411
2 160
1 443
1 227
1 289
1 302
2 161
2 441
1 358
1 71
1 322
2 301
1 117
2 14
2 57
1 220
2 334
2 343
2 62
2 102
2 250
2 131
1 88
2 184
2 481
1 30
1 300
1 175
1 71
1 471
2 75
1 94
1 273
1 36
1 208
2 36
2 392
1 367
2 441
1 275
2 155
1 426
1 485
1 74
2 491
1 182
2 437
2 324
2 266
1 395
2 348
1 429
2 300
2 421
1 48
2 12
1 350
2 212
2 388
2 389
1 32
1 146
1 400
2 177
2 180
2 137
1 204
1 470
2 416
2 94
1 85
2 369
2 393
1 121
1 216
2 361
2 283
1 67
1 327
2 199
1 17
2 33
1 456
2 75
1 245
1 187
2 477
2 115
2 339
2 353
1 96
2 153
1 423
2 263
2 165
2 254
2 500
2 252
2 493
1 178
2 198
1 417
1 123
1 246
2 470
1 218
2 15
1 146
2 292
2 37
1 73
1 136
1 280
1 231
1 417
1 360
1 476
2 139
1 12
2 262
2 334
2 398
1 201
2 488
1 7
1 448
1 166
2 355
2 174
2 217
2 197
1 408
1 204
2 473
2 283
1 48
1 64
2 168
1 43
2 108
1 31
2 481
1 341
2 492
2 124
1 161
1 136
1 195
2 466
2 258
1 104
2 68
2 101
2 283
2 241
1 44
2 296
1 170
1 415
1 206
1 221
1 61
1 434
2 399
2 477
1 499
1 312
1 98
1 152
1 258
1 473
1 367
1 29
1 108
2 49
2 332
1 31
1 329
1 350
2 214
1 86
1 257
2 277
2 160
1 438
1 172
2 71
1 30
2 425
2 394
1 154
2 447
1 469
2 499
1 206
1 348
2 424
1 40
1 162
2 332
1 320
2 10
1 392
2 341
1 380
1 345
2 310
2 68
1 418
1 300
2 129
2 117
1 454
1 456
1 411
2 67
1 141
1 120
1 318
1 403
2 45
1 433
1 390
1 336
2 417
2 133
1 485
1 449
1 461
1 257
2 42
2 101
1 102
1 269
1 383
1 172
2 419
2 484
1 308
2 319
2 305
2 474
2 404
1 283
2 30
2 87
2 66
2 457
2 110
2 290
1 248
1 474
1 270
1 178
2 128
1 5
2 298
1 425
1 252
2 270
2 98
1 55
2 395
2 181
1 440
2 200
2 136
2 57
2 130
1 185
1 81
1 394
1 19
1 283
1 229
1 402
1 260
2 192
1 171
1 9
1 46
1 149
2 381
2 289
1 290
1 471
1 15
1 451
2 238
1 155
1 137
1 143
1 364
1 401
2 57
1 496
2 469
1 487
2 200
1 63
2 453
2 210
2 453
2 351
1 246
2 155
1 265
2 130
1 334
1 366
1 143
1 196
1 209
2 164
2 162
1 249
1 463
2 432
2 323
1 104
1 491
1 153
2 110
1 86
2 16
1 36
1 17
1 473
2 266
2 485
2 66
1 392
1 396
2 294
1 308
2 489
1 210
2 256
2 275
1 113
1 497
2 151
2 232
1 89
2 464
1 275
2 159
1 261
1 340
1 123
2 7
2 149
1 103
1 387
2 449
2 18
2 351
2 161
1 496
1 430
2 27
1 339
2 369
2 442
1 357
1 207
2 378
2 78
1 110
1 209
2 167
1 355
2 98
1 451
2 321
1 403
2 84
1 235
1 44
1 12
1 91
1 114
1 72
1 299
2 359
2 91
2 85
1 246
1 17
1 479
2 427
2 35
1 326
2 166
1 296
2 473
1 246
2 57
2 130
2 201
1 66
1 217
1 441
1 35
2 361
2 293
2 246
2 1
2 299
1 144
1 194
2 35
2 203
2 459
1 149
2 23
1 154
2 215
1 404
1 50
1 114
1 403
2 372
2 486
1 272
2 467
2 97
2 107
2 443
2 334
1 427
2 305
2 447
1 26
2 121
1 466
1 269
1 149
2 474
1 14
2 114
2 61
2 333
2 213
1 435
2 367
1 255
2 146
2 394
2 255
1 98
2 304
2 440
1 211
1 85
1 10
1 56
2 260
2 441
2 16
1 223
1 441
2 256
1 381
1 460
1 219
1 60
1 276
2 473
1 116
2 61
1 459
2 48
1 357
1 246
1 215
1 457
2 296
1 444
2 65
1 16
1 313
2 305
1 425
1 425
2 390
2 18
1 453
2 122
2 404
2 384
2 335
1 125
1 404
2 158
1 176
2 455
1 451
1 427
1 241
2 268
1 39
2 182
1 201
2 4
1 169
1 74
2 431
2 337
1 471
1 6
1 371
1 337
2 71
2 48
2 465
2 145
2 303
1 346
2 480
1 311
1 441
1 355
2 286
2 409
1 36
1 457
1 225
2 79
1 55
1 310
2 293
1 226
2 483
2 302
1 124
1 314
1 347
1 287
2 62
2 444
2 460
2 355
1 193
2 183
1 410
2 470
1 298
2 149
2 118
1 94
2 413
2 157
2 278
2 447
2 341
2 288
1 143
1 187
2 278
1 286
2 362
1 241
2 154
2 143
2 190
2 216
1 347
1 212
2 18
2 315
1 401
1 361
2 299
2 229
1 268
2 115
2 474
2 492
2 95
1 102
1 74
2 385
2 40
1 397
2 106
2 470
1 369
1 400
2 80
2 95
1 347
2 328
1 415
2 150
2 157
2 292
1 419
1 2
1 123
1 70
2 313
2 86
2 220
1 199
1 466
2 499
1 205
1 335
2 349
1 127
2 87
1 234
2 297
1 167
1 485
1 500
2 275
2 181
1 274
1 497
2 376
2 254
2 25
1 51
2 424
1 229
1 299
1 366
1 49
1 15
1 268
1 34
1 154
2 239
1 298
1 370
2 286
1 105
1 415
1 386
1 185
1 347
2 428
2 430
1 448
1 213
2 161
2 460
2 165
2 446
1 138
2 338
2 142
2 85
2 302
1 394
1 436
2 172
2 9
1 42
1 397
2 23
1 57
1 76
2 32
2 386
2 39
2 296
2 17
1 89
1 53
1 7
1 278
2 54
1 280
1 94
1 406
1 85
1 449
1 34
2 384
2 353
2 493
1 455
1 231
2 179
1 80
1 475
1 216
2 347
2 328
1 22
2 407
2 46
1 470
2 188
1 349
1 276
2 392
1 202
1 328
2 109
2 270
1 116
2 316
2 331
2 254
1 79
2 310
1 368
1 406
2 485
1 298
1 298
2 193
1 163
1 84
2 278
2 58
1 189
2 60
2 219
2 74
2 473
1 124
1 15
2 246
2 486
1 462
1 84
1 135
1 377
1 221
1 422
1 251
1 3
1 332
2 123
2 370
2 140
2 139
1 226
1 356
2 131
2 494
2 322
1 164
1 197
1 204
1 366
1 79
1 116
1 292
1 315
2 184
1 358
1 312
2 410
2 145
1 336
2 458
2 118
1 207
2 209
1 432
1 215
2 497
1 272
2 419
1 153
2 244
1 128
2 296
2 277
2 281
1 79
1 473
1 211
2 214
1 292
1 197
1 8
1 40
2 186
1 69
1 264
1 52
1 422
2 132
1 287
1 162
2 2
1 265
1 16
1 483
2 475
1 164
1 429
2 465
1 365
2 303
1 48
1 223
2 53
2 18
2 118
2 56
2 16
1 183
2 1
2 337
1 400
2 161
1 259
2 293
2 361
1 103
1 153
2 80
2 31
1 44
2 480
2 471
1 474
2 26
1 374
2 301
2 67
1 453
2 290
2 300
2 44
1 410
2 226
1 253
2 439
1 109
1 450
2 413
2 436
2 249
2 153
2 433
2 214
2 247
1 334
1 6
2 447
2 277
2 256
1 133
1 29
2 464
2 23
1 253
1 166
2 118
1 402
2 92
2 287
2 322
1 384
2 349
2 242
2 355
2 6
2 43
2 431
1 365
2 233
2 263
2 470
1 272
2 430
1 189
2 202
2 188
2 189
1 267
1 365
2 279
1 459
2 108
2 30
1 194
1 293
1 216
1 187
1 336
2 203
1 37
1 238
1 340
2 316
2 208
1 79
1 253
1 10
2 130
2 36
2 5
1 130
1 441
2 59
1 285
2 4
2 16
2 396
1 167
2 314
2 242
1 212
2 133
1 411
2 112
1 437
1 478
2 40
1 235
1 398
2 211
2 43
1 141
1 285
1 1
1 34
1 194
2 292
1 318
1 292
1 500
2 397
2 499
1 98
2 386
2 455
1 247
2 25
1 286
1 47
1 111
1 84
1 176
2 334
1 77
2 423
1 205
2 256
2 459
2 287
1 200
2 495
1 89
2 333
2 32
2 364
2 162
2 150
1 322
2 331
1 460
2 29
1 275
1 219
2 488
2 132
2 450
1 485
1 497
2 264
1 400
1 22
2 426
1 250
2 6
1 200
2 184
1 481
2 363
2 247
2 407
2 241
1 356
2 246
1 246
2 232
2 488
2 409
1 128
2 364
1 238
1 450
1 291
1 84
1 332
1 208
2 60
1 298
1 25
2 119
1 404
1 118
2 307
1 8
1 184
1 419
1 287
2 399
2 150
1 434
1 163
2 424
2 293
2 138
2 116
1 290
2 458
2 465
1 284
2 49
1 48
1 93
1 188
2 262
2 324
1 22
1 188
2 60
1 370
2 148
2 157
2 59
1 47
2 81
2 347
2 150
1 300
1 227
2 436
2 28
2 388
2 448
2 198
1 407
2 408
1 255
1 195
2 381
2 335
2 423
1 146
1 427
2 17
1 284
1 346
2 414
2 211
1 159
1 73
2 326
1 323
1 396
2 392
1 461
2 441
1 260
1 307
1 382
1 43
2 479
1 327
2 120
1 106
2 297
1 47
2 9
2 54
1 89
1 384
1 24
1 285
2 113
2 320
1 266
2 363
2 102
2 341
1 430
1 204
2 327
1 201
2 471
1 91
2 51
1 108
1 1
1 208
2 335
1 310
1 94
1 48
2 213
1 268
1 185
2 220
2 425
1 198
2 378
1 453
1 465
2 354
2 304
2 281
1 292
1 90
2 114
2 432
1 25
2 467
2 374
2 72
1 310
2 44
2 260
1 467
1 408
1 392
1 232
1 201
1 113
1 112
1 131
2 403
2 446
1 67
2 260
1 320
2 110
2 108
2 210
1 444
1 245
2 33
1 358
2 203
2 227
2 48
2 61
2 363
1 24
2 28
2 271
2 203
1 61
1 101
2 235
1 92
2 379
1 307
1 208
2 58
1 27
1 290
1 260
1 445
2 285
2 269
2 23
2 286
1 485
1 58
2 282
2 50
1 124
1 99
2 68
2 117
2 466
1 182
2 262
1 63
1 302
2 452
2 5
2 260
2 327
2 412
1 317
2 471
1 20
2 122
2 77
1 33
1 496
1 322
2 44
1 6
2 418
2 21
2 397
1 115
2 300
1 34
1 190
1 259
2 425
2 500
2 322
1 99
2 98
1 277
2 156
1 189
2 90
1 199
2 193
1 265
2 43
2 312
2 154
2 145
1 7
1 283
1 28
2 497
2 152
2 117
2 407
2 84
1 366
1 38
2 299
2 255
1 453
1 426
1 340
1 388
1 66
1 26
2 254
1 69
2 498
2 64
1 193
2 252
2 132
2 469
2 443
2 124
2 492
2 205
1 470
1 381
2 465
1 331
1 131
2 474
2 435
2 384
1 387
2 38
2 128
1 153
1 432
1 169
2 176
2 458
2 168
2 236
1 448
1 53
2 465
1 59
2 415
1 378
2 281
2 375
1 124
2 329
2 154
2 330
2 221
2 30
1 477
2 223
2 330
2 355
1 153
2 397
2 58
1 71
1 393
1 449
1 176
1 423
1 126
1 214
2 242
2 438
2 359
2 495
2 287
2 186
2 465
1 209
1 208
1 416
1 429
1 319
1 493
2 137
2 196
2 169
1 93
1 156
1 470
1 492
2 202
2 399
1 111
1 391
1 91
1 121
2 170
2 474
1 32
2 484
2 461
1 16
2 110
2 208
2 172
2 39
2 228
1 242
1 249
2 359
2 290
2 357
2 121
1 325
1 292
1 231
1 312
1 361
2 269
1 203
1 119
1 17
1 383
1 387
2 242
2 321
1 75
2 194
2 210
1 51
1 178
2 309
2 230
2 261
1 237
2 142
2 408
1 404
1 119
1 124
2 386
1 448
1 472
2 358
1 11
1 387
1 392
2 28
1 364
1 471
1 454
1 158
1 473
2 355
1 54
2 156
2 422
2 102
1 95
2 279
2 71
2 144
1 359
2 83
1 162
1 25
1 17
1 329
1 446
2 433
2 13
1 289
2 42
1 384
1 53
1 93
2 326
1 436
1 111
2 258
1 276
1 239
1 168
2 281
2 454
2 464
1 4
1 456
2 198
2 385
1 500
2 76
2 416
2 361
1 233
1 150
1 103
1 300
1 307
1 235
1 497
1 429
1 5
2 397
1 223
2 303
2 109
1 251
1 241
2 402
2 432
2 333
2 290
1 8
1 415
1 59
2 495
1 115
1 224
2 201
1 143
1 224
2 381
2 478
2 437
2 446
2 281
1 255
2 113
1 18
2 60
2 290
1 268
1 53
2 266
1 140
1 109
1 214
2 338
2 462
1 422
2 494
1 388
1 124
1 66
1 26
2 422
2 178
2 422
2 31
2 336
1 150
1 385
2 284
1 406
2 200
2 3
2 380
1 145
1 241
1 201
2 186
1 285
2 162
2 445
1 97
1 65
2 75
1 461
2 375
1 103
1 192
1 323
1 51
2 131
1 380
2 410
2 156
1 427
2 104
1 212
2 3
1 151
1 429
2 436
1 477
1 81
1 199
2 295
1 73
2 393
1 459
1 16
1 199
2 134
2 166
2 207
1 325
2 97
2 319
1 408
2 274
2 167
1 447
2 73
1 90
2 471
1 118
2 218
2 281
2 471
1 400
2 465
1 385
1 328
2 445
1 202
1 280
1 42
1 32
1 245
2 431
1 225
1 406
1 364
1 496
1 483
2 214
2 470
1 360
1 5
2 89
1 374
1 277
2 445
1 381
1 485
2 109
2 210
1 354
1 51
2 111
2 96
2 183
2 274
2 66
1 51
1 187
1 225
2 43
1 475
2 63
2 85
2 19
1 388
1 71
1 72
1 322
2 6
1 436
2 250
2 261
1 359
2 76
2 262
1 456
1 392
1 46
1 392
1 473
2 139
1 68
1 225
2 81
1 449
1 212
1 220
1 498
1 271
2 365
1 394
1 267
2 190
1 112
2 227
1 212
2 479
2 426
2 224
1 136
1 373
1 369
2 23
1 22
2 494
1 176
2 206
1 171
2 457
1 327
2 70
1 399
1 373
2 455
1 34
1 119
2 141
2 351
1 57
1 308
1 258
1 437
2 277
2 61
1 445
2 268
1 481
2 413
2 47
2 448
1 309
1 190
2 256
1 464
1 412
1 214
2 107
1 335
2 460
2 468
1 485
1 269
2 458
1 169
1 400
1 287
1 385
2 361
2 368
1 304
2 447
2 151
2 18
2 288
1 435
2 85
1 46
1 88
2 239
2 210
1 76
2 198
2 177
1 453
1 233
1 27
1 273
2 232
1 366
2 323
1 478
1 423
2 465
2 378
2 119
2 340
1 287
2 154
2 298
1 359
2 214
2 62
1 413
2 479
1 368
1 282
2 61
1 219
2 66
1 227
1 35
1 230
2 159
2 136
1 341
1 190
1 82
2 391
1 100
2 328
2 374
2 163
1 164
2 162
1 477
1 117
2 10
1 35
1 81
1 475
2 367
2 178
1 471
1 146
1 140
2 388
1 433
1 151
1 431
2 29
2 404
1 121
2 343
2 432
2 177
2 47
2 275
1 343
2 495
1 167
2 460
1 352
1 104
1 339
1 166
1 144
1 217
1 334
2 122
1 38
1 376
1 193
1 12
2 246
1 22
1 492
2 466
2 372
2 197
1 306
1 281
2 135
2 416
2 260
2 438
2 187
2 232
2 314
2 413
2 101
1 323
1 266
1 287
2 60
2 50
2 48
2 17
2 31
1 355
1 320
1 438
1 456
1 384
2 264
1 31
1 81
2 308
1 492
1 334
2 280
1 119
2 66
2 361
1 66
2 238
1 210
2 243
2 196
2 137
1 274
1 27
2 372
1 200
1 131
1 118
1 269
2 89
1 223
2 281
2 220
1 378
2 193
1 298
1 246
1 51
1 453
1 374
2 263
2 392
1 310
2 155
1 449
2 263
1 248
1 164
2 61
2 395
2 12
1 345
1 478
2 129
1 472
1 458
2 278
2 332
1 62
1 17
1 433
1 385
1 323
1 498
2 292
1 488
1 288
1 413
2 78
2 398
1 246
1 488
2 408
2 462
2 360
2 183
1 110
2 175
1 467
1 18
1 416
2 413
2 40
2 319
1 217
1 371
1 423
1 337
2 380
1 151
2 480
2 383
2 252
2 76
1 81
1 179
1 450
1 198
1 268
1 459
2 83
2 446
1 390
1 40
2 284
1 359
2 227
2 56
1 2
2 251
1 76
2 77
1 372
1 219
1 493
2 476
2 209
2 136
1 259
2 218
1 69
1 156
2 373
2 328
1 46
1 455
2 358
2 350
1 360
1 73
1 448
1 130
1 24
1 105
1 292
1 175
1 102
2 358
1 245
2 347
1 114
2 115
1 387
1 53
1 236
2 97
2 376
1 191
2 343
2 33
2 469
2 198
1 389
1 43
1 444
2 479
1 245
2 381
2 261
2 376
1 261
1 30
1 401
1 386
1 367
1 82
2 329
2 256
2 38
1 54
1 390
2 391
1 329
2 264
2 55
2 140
2 314
1 302
1 93
2 161
2 309
1 145
2 373
1 205
1 49
2 95
1 495
2 71
2 255
1 468
2 176
2 475
2 480
1 55
2 315
2 383
2 309
1 111
2 279
2 294
1 277
2 117
2 225
1 150
1 225
2 492
2 427
2 241
2 94
2 479
1 10
2 234
1 92
1 350
2 11
2 50
2 235
1 262
1 409
2 291
1 379
1 386
2 452
1 211
1 273
2 157
1 106
2 451
2 234
1 419
1 498
1 383
2 338
1 44
1 406
1 231
1 319
1 440
2 446
2 168
1 43
1 203
1 214
2 197
1 156
2 395
2 287
2 237
1 124
1 73
2 465
1 164
1 475
1 258
1 106
2 341
1 100
2 500
1 47
1 317
1 14
2 59
1 192
2 479
2 427
1 196
2 59
2 378
2 314
2 305
2 411
2 271
2 40
1 28
1 169
1 492
1 406
1 38
2 196
1 264
1 419
2 365
2 21
1 214
2 229
1 105
2 14
2 1
2 348
1 491
1 223
1 254
2 383
2 77
1 158
1 200
2 150
1 109
2 9
1 357
2 191
2 228
2 40
1 461
2 460
2 459
1 136
1 310
1 354
2 96
2 78
2 143
1 62
1 102
1 425
1 159
1 122
1 24
2 465
1 104
1 139
1 458
1 273
2 292
1 5
2 340
2 385
2 14
1 86
2 367
1 424
2 477
2 262
1 58
2 336
2 354
1 74
2 99
1 430
1 175
1 480
1 220
1 200
2 161
2 347
1 499
1 256
2 167
1 327
1 448
1 88
2 487
2 316
2 210
2 327
1 382
1 101
1 22
2 186
1 141
2 413
2 6
2 114
1 38
1 451
2 305
1 137
2 50
1 227
2 48
2 494
1 211
2 235
1 451
1 117
2 8
1 230
1 198
2 389
2 486
1 71
1 229
2 432
2 11
1 389
1 63
2 191
2 33
2 208
2 49
1 425
1 353
1 273
1 52
1 488
2 353
1 30
2 117
2 211
2 471
1 388
2 186
2 9
1 207
1 404
2 391
1 15
1 186
2 497
2 152
2 478
1 42
2 437
1 320
2 136
1 450
1 26
2 306
1 408
1 101
2 323
2 491
2 86
1 327
2 264
2 419
2 334
1 100
1 470
2 121
2 60
1 332
2 409
2 322
1 205
1 127
2 116
2 215
1 496
2 488
2 371
1 352
2 217
2 326
1 221
1 143
1 16
1 420
1 167
2 91
2 218
2 397
2 37
2 238
1 355
2 143
1 482
1 430
2 148
2 384
1 201
1 203
1 56
1 195
1 66
2 92
2 206
1 467
1 302
2 478
1 281
1 233
2 169
1 313
1 269
1 239
2 426
2 240
2 414
1 54
2 422
2 113
2 336
2 73
2 135
1 496
1 225
2 30
2 242
1 412
1 389
1 34
1 90
2 498
2 58
2 185
1 399
2 458
1 227
1 74
1 283
1 129
2 150
1 251
2 351
1 105
2 163
1 109
1 115
1 458
1 361
1 355
2 290
2 345
2 46
1 230
2 487
1 39
1 15
1 231
2 155
2 159
1 324
2 421
1 225
2 314
2 224
1 195
1 332
2 382
1 309
2 58
2 468
1 135
1 89
2 402
1 51
1 265
1 179
2 16
2 267
2 191
2 496
2 356
1 128
2 57
1 199
1 286
1 413
1 351
1 488
1 301
1 163
2 116
2 101
2 95
1 311
2 210
1 22
2 485
2 153
2 288
2 210
2 220
2 197
1 328
1 173
1 74
2 44
2 380
1 23
1 215
2 111
1 490
1 192
2 336
1 219
2 46
2 399
2 255
2 186
1 131
1 413
1 249
1 96
1 303
1 453
1 302
2 293
2 250
2 469
2 180
1 59
1 320
1 194
1 404
1 7
1 441
2 441
2 226
1 168
1 357
2 45
1 387
1 301
2 26
2 221
2 308
1 486
2 89
1 200
1 263
1 378
2 476
1 96
2 206
2 229
1 235
2 72
1 166
1 110
2 140
1 100
1 461
2 426
2 116
1 41
1 35
1 285
2 87
1 211
1 494
2 206
2 416
2 202
2 148
2 476
2 492
2 86
2 363
1 353
2 341
2 60
2 14
1 385
2 75
1 244
2 238
2 149
2 77
1 438
1 364
2 215
2 191
1 11
2 367
1 383
2 460
2 82
1 138
1 426
2 265
2 485
2 322
2 359
1 38
1 326
2 412
1 459
1 395
1 7
1 185
2 320
1 35
2 117
2 71
1 441
2 63
2 41
1 261
1 133
1 399
1 50
2 53
1 264
1 477
1 61
2 215
1 157
2 485
2 477
2 19
2 93
2 193
1 316
2 385
1 250
2 110
2 445
1 159
2 461
2 182
2 500
1 105
1 497
2 484
2 495
1 242
2 434
1 72
2 239
1 253
1 239
1 491
2 227
2 243
1 487
2 412
1 172
1 345
1 308
2 345
1 182
1 241
1 223
1 68
2 268
1 5
1 385
2 392
1 347
2 151
2 411
1 23
1 134
2 454
2 47
1 243
2 87
2 48
2 294
2 326
2 139
1 270
2 28
1 486
1 148
1 58
1 402
1 491
2 299
1 475
2 445
2 425
2 403
1 396
2 291
2 461
2 402
2 303
2 244
2 302
2 276
2 152
2 291
1 63
2 290
1 285
1 310
1 469
2 385
1 261
2 436
2 455
2 155
1 117
1 398
1 344
2 480
2 54
1 489
1 210
1 357
2 215
2 56
2 231
1 398
2 319
2 267
2 373
1 234
2 23
2 110
2 8
1 213
2 63
2 380
2 330
2 267
2 107
1 79
2 465
2 31
2 365
2 408
1 422
2 430
2 476
1 15
2 333
2 247
2 280
1 167
2 66
2 5
1 310
1 360
2 264
1 409
1 391
1 217
1 161
2 460
1 390
1 322
1 53
1 468
1 45
2 292
2 123
2 134
2 84
1 207
2 439
2 326
2 135
2 345
2 245
1 282
1 130
2 207
1 170
1 217
1 364
1 176
2 156
1 271
2 7
2 289
2 295
2 126
2 213
1 75
2 477
1 442
1 458
1 491
2 25
2 45
2 67
1 79
1 233
2 165
2 29
2 388
2 419
2 456
2 186
1 439
1 238
1 472
2 379
1 26
1 21
1 496
2 493
1 12
1 126
1 168
1 481
2 32
2 271
2 234
1 369
1 470
1 404
2 152
1 254
2 389
1 98
1 212
2 13
1 168
1 251
2 495
2 94
2 186
1 365
2 320
2 294
2 338
2 433
1 183
1 18
2 460
1 159
2 58
2 98
2 161
2 263
2 283
1 33
1 220
1 238
2 482
1 383
1 80
2 13
1 500
1 185
2 497
2 334
1 365
2 130
2 131
2 384
1 248
1 233
2 17
2 61
2 206
2 170
2 257
1 399
2 63
2 419
1 129
1 113
2 387
2 222
2 135
2 134
1 224
2 53
2 41
2 239
1 408
1 382
1 441
1 476
2 66
2 414
1 350
2 39
1 121
1 457
2 68
1 340
2 160
1 31
1 209
2 297
1 380
2 335
1 162
2 27
1 57
1 273
1 318
2 494
1 274
1 396
2 391
1 484
2 479
1 102
2 487
2 358
1 281
2 242
1 3
1 169
2 411
1 168
2 104
2 370
1 462
1 70
2 353
2 107
2 271
1 222
2 458
2 326
1 123
2 32
2 38
1 387
2 493
2 381
2 67
1 178
2 367
2 85
2 152
2 254
1 102
2 30
1 257
2 149
1 126
1 356
2 232
2 315
1 297
2 24
2 149
2 243
2 152
2 438
2 221
2 76
2 369
2 234
2 15
1 4
1 414
1 7
2 454
2 424
1 220
1 464
1 500
2 438
2 237
2 305
1 269
1 280
2 40
2 114
2 246
2 194
2 180
1 7
2 225
2 234
1 230
1 367
2 108
1 84
1 383
1 301
2 324
1 140
2 444
2 417
1 73
2 200
2 14
2 89
1 341
2 237
1 224
2 354
2 259
2 26
2 29
2 143
1 258
1 214
1 238
2 243
2 445
1 267
1 352
2 400
1 29
1 465
1 91
2 434
2 107
1 341
2 490
2 338
2 469
1 152
1 386
1 72
1 40
1 139
2 397
1 287
2 174
2 29
1 421
1 464
1 125
1 218
1 490
1 65
1 311
1 220
1 462
2 377
2 333
2 243
2 53
2 5
1 132
2 341
1 199
1 135
2 311
2 289
1 408
2 314
1 420
2 265
2 27
2 85
2 7
1 439
2 208
1 136
2 328
1 243
1 483
2 201
2 81
2 149
1 45
1 409
1 346
2 49
1 165
2 435
1 312
2 82
1 168
1 358
1 397
1 21
1 181
2 376
2 413
1 101
2 337
2 125
1 34
2 258
1 157
1 73
2 416
2 488
1 224
2 431
1 149
2 351
2 376
2 441
1 250
2 97
2 402
2 120
2 245
2 188
2 272
2 221
1 267
1 123
1 405
2 313
2 355
1 85
1 390
2 370
2 270
1 429
2 38
2 309
1 129
1 386
2 460
2 440
1 314
1 419
1 466
1 474
1 395
1 50
1 435
2 478
1 236
2 226
2 307
1 110
2 233
2 39
2 453
1 270
2 39
2 188
1 272
1 176
1 71
2 153
2 495
1 412
1 388
2 58
1 226
2 333
2 365
2 3
1 349
1 436
2 164
2 95
2 488
1 452
2 198
1 267
1 86
2 477
2 19
1 19
2 404
2 55
1 73
2 437
2 32
1 364
1 199
1 482
1 431
1 448
1 389
2 23
1 97
2 151
2 384
2 211
2 223
2 406
2 173
2 420
2 66
2 252
1 296
2 154
1 370
2 57
2 19
2 436
2 429
1 82
1 106
1 450
1 409
2 475
2 49
1 137
2 232
1 82
2 325
2 456
1 188
1 156
1 294
1 173
1 381
1 237
2 397
1 166
2 244
1 386
2 89
1 111
1 466
1 50
1 279
2 187
1 72
2 23
2 138
2 290
1 152
1 356
2 415
1 353
2 365
1 155
1 316
2 477
2 308
2 422
1 235
1 51
2 302
1 23
2 472
2 309
1 42
1 172
2 389
1 171
1 318
2 411
2 441
2 265
1 117
1 334
1 145
1 10
2 161
1 441
2 400
2 108
1 117
2 102
2 6
1 110
2 448
1 159
1 259
2 487
2 460
1 78
2 408
2 107
1 323
2 404
1 500
2 15
1 141
1 120
2 239
1 25
1 101
1 277
2 458
1 234
1 287
2 226
1 250
1 466
1 82
2 145
2 232
1 196
1 127
1 222
1 249
2 255
2 282
1 60
2 499
2 360
2 455
2 331
1 120
1 479
1 16
1 134
2 135
1 471
2 349
1 182
2 142
2 149
2 172
1 366
1 352
2 306
2 14
1 214
2 283
2 186
2 168
1 397
1 353
2 118
2 263
1 1
1 440
2 383
2 209
1 132
1 324
2 218
2 425
1 322
2 328
2 357
2 30
1 352
1 324
2 434
1 120
1 194
2 435
1 21
2 175
1 54
1 89
1 39
2 259
1 71
1 70
1 284
1 385
2 333
1 455
2 498
2 256
2 337
1 118
1 184
1 361
1 345
2 213
2 165
2 446
1 408
1 367
2 467
2 177
2 310
2 121
2 409
2 349
1 418
1 307
1 461
2 43
1 320
2 40
1 429
1 423
1 353
2 378
2 39
1 321
2 388
1 7
2 170
1 98
2 25
1 392
1 422
1 495
2 40
1 429
1 371
2 155
2 140
1 245
1 289
1 230
2 63
2 29
1 92
1 22
1 29
1 453
1 347
2 247
2 185
2 206
2 377
2 482
1 244
1 398
2 347
2 413
2 215
2 492
1 418
1 126
1 427
1 99
2 377
2 11
2 371
2 467
1 429
1 467
1 378
1 260
1 195
1 133
2 464
1 67
2 489
1 178
2 121
2 40
2 473
1 261
1 470
1 443
1 379
2 274
1 477
2 332
2 57
1 431
1 143
2 105
1 392
1 398
2 262
2 213
2 191
1 430
1 405
1 410
2 336
2 243
1 67
1 186
2 241
2 347
2 317
2 366
2 436
1 425
1 52
2 136
1 462
2 254
1 492
2 1
2 197
2 491
2 168
1 90
1 144
1 494
2 90
1 373
2 475
2 426
1 285
2 472
2 477
2 316
1 91
1 147
2 410
2 253
2 312
1 40
1 129
1 472
1 245
1 95
2 344
1 448
1 433
2 78
2 495
1 81
2 413
2 75
2 363
1 455
1 21
2 185
1 28
1 219
1 351
2 342
1 37
2 26
2 60
2 81
1 200
2 343
2 239
2 139
2 96
2 479
2 87
2 118
1 171
1 89
2 205
1 419
2 71
1 61
1 398
2 35
1 154
2 414
1 146
1 197
2 496
2 209
2 41
1 400
2 218
2 84
1 270
1 162
1 297
1 469
1 214
1 347
2 232
1 463
2 163
2 322
2 37
1 93
2 412
1 140
2 332
2 50
1 428
2 293
1 136
1 473
2 117
1 420
1 283
1 281
1 244
1 456
1 335
1 356
1 95
2 374
2 421
2 232
1 189
1 275
1 137
1 25
2 271
1 157
2 29
2 350
1 390
2 51
1 408
1 322
2 105
2 133
2 174
1 77
1 239
2 186
1 154
1 184
1 357
1 181
2 480
1 8
2 391
1 445
1 19
1 4
2 164
1 352
2 351
1 199
1 334
1 169
1 149
1 115
2 396
2 93
2 177
1 96
2 213
1 216
2 9
1 206
1 207
2 361
1 188
2 351
2 498
2 360
1 74
2 354
2 269
1 196
2 249
2 363
2 34
2 191
1 150
1 417
1 304
2 117
2 39
2 364
1 337
2 385
2 49
1 83
1 35
1 466
2 272
2 95
2 111
1 50
1 237
2 319
2 447
1 235
1 402
1 225
2 173
1 353
2 347
2 390
1 417
1 368
1 388
2 197
1 304
1 109
1 416
2 432
2 214
2 52
1 264
1 58
1 385
1 9
1 48
1 317
1 457
1 356
1 350
1 341
2 1
2 193
2 80
1 483
2 290
1 260
1 161
2 193
1 78
2 481
1 303
2 441
2 184
1 455
1 199
2 38
1 300
1 172
2 354
1 23
2 39
2 400
2 451
2 448
2 145
1 358
2 280
1 410
1 446
1 201
1 362
1 399
2 320
1 391
2 75
1 19
2 48
2 16
1 363
2 230
2 95
2 158
1 89
2 41
1 282
2 233
2 331
1 156
1 53
1 26
1 311
1 92
1 314
2 208
1 274
2 387
1 80
1 445
1 110
1 405
2 430
2 385
1 268
1 261
2 438
1 300
1 182
2 458
2 202
2 375
2 157
2 46
1 304
1 255
2 31
2 7
2 296
2 72
2 283
2 87
1 322
1 171
2 481
1 202
1 348
1 360
2 188
2 240
2 450
2 107
2 5
2 293
1 3
1 67
2 48
2 208
1 243
2 76
2 210
2 108
1 352
2 414
2 427
2 233
1 499
2 208
1 451
1 155
1 216
2 442
2 226
1 336
1 232
1 394
2 40
2 202
1 319
2 134
2 120
2 472
1 57
1 325
1 383
1 313
1 52
1 417
2 459
1 448
1 367
2 335
2 193
1 2
2 355
2 459
1 353
2 295
1 314
1 417
1 99
2 498
1 38
1 131
2 17
1 38
1 271
1 142
2 464
2 178
1 277
1 143
1 418
2 391
2 408
2 131
1 91
1 212
1 393
1 328
2 271
1 144
2 441
2 208
1 279
2 425
1 20
2 389
1 208
2 372
2 141
1 325
2 333
1 62
2 229
1 338
2 107
2 392
2 470
2 155
1 335
2 155
1 498
2 495
2 377
2 171
2 72
2 99
2 382
2 129
1 402
1 461
1 299
1 258
1 154
1 367
1 195
1 45
1 120
1 248
2 258
1 365
2 469
1 85
1 476
1 312
2 31
1 236
2 179
2 300
1 257
2 171
2 244
2 494
2 106
2 211
2 362
1 396
1 391
1 384
1 45
2 242
1 170
2 460
1 321
1 31
2 130
2 379
2 267
1 87
2 316
1 291
1 225
1 211
2 370
1 480
1 140
2 193
2 253
2 8
2 264
1 2
2 90
1 469
2 456
2 285
2 56
2 300
1 465
2 246
1 104
2 99
1 1
1 404
2 296
1 178
2 153
2 7
2 114
2 303
2 85
2 340
2 365
2 124
2 1
1 366
2 298
2 52
2 460
2 255
2 70
1 369
2 314
2 317
1 53
2 348
2 409
2 129
2 30
2 306
1 474
2 190
2 339
2 125
1 400
1 256
2 15
1 43
2 350
2 108
1 329
2 391
2 346
2 362
2 123
2 108
1 41
1 423
1 390
2 29
2 278
2 110
2 112
1 473
1 363
1 67
2 90
2 280
2 328
2 161
1 363
2 250
2 418
1 134
2 70
2 448
1 151
2 492
1 60
1 75
1 99
1 465
1 302
1 475
2 440
2 135
1 255
1 56
1 407
1 183
1 204
1 175
1 390
1 467
2 185
1 75
2 387
2 323
1 486
2 21
2 283
2 78
1 390
2 265
1 174
2 123
2 132
1 82
2 167
2 174
1 442
1 486
1 138
1 219
2 456
2 251
2 97
1 480
1 164
1 133
1 43
1 418
1 109
1 47
2 400
1 478
2 319
1 20
1 123
1 282
2 181
1 21
2 211
1 115
1 95
2 415
2 206
2 15
1 184
2 441
2 484
1 275
1 85
1 461
1 235
1 490
2 477
1 44
2 361
1 264
2 108
2 444
1 363
1 331
1 222
2 480
2 393
1 210
2 399
1 240
2 115
2 400
2 442
2 129
1 452
1 109
2 274
1 76
1 213
2 33
1 29
1 490
2 265
2 454
2 220
2 296
1 274
2 128
2 489
1 369
1 351
2 202
2 232
1 112
1 184
2 377
1 8
1 189
2 416
1 287
2 334
1 320
2 480
2 26
1 54
1 111
1 74
2 380
2 442
1 100
2 136
1 40
2 193
1 267
1 369
1 94
2 339
2 13
2 211
1 138
1 487
2 371
1 413
2 216
1 242
2 182
2 494
2 223
1 301
1 145
2 395
1 75
2 354
1 403
1 181
2 383
1 493
1 227
2 356
2 462
2 461
2 177
2 215
2 492
2 240
2 36
1 78
1 71
1 401
2 199
1 217
1 101
2 187
2 317
1 473
1 490
1 272
1 240
2 268
2 1
1 71
1 345
2 350
2 432
1 92
1 35
1 415
2 221
2 314
2 142
1 167
2 423
1 500
1 424
1 245
2 479
2 164
2 315
2 442
1 115
2 432
2 44
1 136
1 447
2 153
1 438
2 71
2 108
1 226
1 189
1 160
2 137
2 342
2 188
2 401
1 19
1 302
1 177
2 326
2 89
1 63
2 148
2 91
2 406
1 490
2 138
2 113
1 324
1 428
2 440
1 164
1 363
2 20
1 458
2 366
1 26
1 276
2 264
1 131
1 386
2 116
2 473
1 500
1 386
2 158
2 459
2 283
2 342
1 212
2 350
1 48
2 209
1 251
2 393
2 346
1 57
2 152
1 392
2 325
2 282
2 454
1 7
1 60
1 241
1 350
1 53
1 168
2 73
1 85
2 2
1 447
2 94
1 440
1 453
1 114
1 450
2 473
2 154
1 8
1 7
1 335
2 459
1 172
2 123
1 199
2 390
2 387
2 95
1 320
2 441
1 132
2 352
1 199
1 191
1 103
1 119
1 460
2 143
2 459
1 91
1 242
1 302
1 314
1 305
1 498
2 419
2 487
1 436
2 331
2 95
1 28
2 75
2 142
2 470
1 334
1 257
2 391
2 406
1 10
1 337
1 307
2 488
2 229
1 182
2 254
1 344
2 192
1 119
2 487
1 433
1 499
2 247
2 451
1 93
2 66
2 468
1 388
2 16
1 82
2 378
2 324
1 319
1 491
1 200
2 377
1 149
1 25
2 264
2 250
1 287
2 489
1 38
1 413
1 195
1 102
1 33
1 293
2 145
1 140
1 464
2 180
1 244
1 358
2 178
1 67
2 126
2 70
1 282
1 69
1 328
1 47
1 151
1 62
2 327
1 343
1 422
1 254
2 225
2 23
1 422
2 70
1 495
1 63
1 325
2 103
1 4
1 215
2 193
2 301
2 182
2 12
2 164
2 119
1 80
2 346
2 434
2 252
1 406
1 56
2 148
1 86
1 159
2 158
2 281
1 221
1 101
2 268
1 201
1 208
1 82
2 485
2 467
1 295
2 254
1 159
2 211
1 404
1 396
2 72
1 19
2 193
2 229
1 438
2 49
2 61
2 49
2 497
1 484
2 92
2 344
1 490
2 345
2 128
2 306
2 472
1 343
2 498
2 476
2 204
2 432
1 7
1 160
2 347
2 498
1 84
2 391
2 451
1 317
1 32
1 277
2 149
2 19
1 246
2 81
2 223
1 64
2 195
2 435
1 69
1 35
1 477
1 76
2 365
2 357
1 366
2 250
2 307
2 12
1 115
1 500
2 307
2 417
1 137
2 395
1 487
2 209
2 206
2 241
1 29
2 317
1 433
2 112
1 187
1 291
2 67
2 489
1 205
2 227
1 459
2 251
2 253
2 259
2 95
1 232
2 448
2 221
2 467
1 120
2 455
1 157
1 404
2 395
2 253
2 154
2 445
1 156
2 214
1 7
2 265
2 283
2 139
2 445
2 187
1 461
2 177
2 14
2 113
1 393
2 232
1 427
1 301
1 373
1 200
2 26
1 469
2 380
2 15
1 415
2 91
2 194
1 343
2 52
2 467
1 23
1 341
1 374
2 87
1 358
1 180
1 102
2 396
2 459
1 157
1 463
2 248
1 218
2 362
2 249
1 212
1 378
1 425
2 44
2 52
1 149
2 137
1 231
1 82
1 145
1 63
2 189
1 114
1 104
1 175
2 7
1 328
1 290
1 338
2 114
2 438
1 472
1 215
1 309
2 243
1 238
2 412
1 171
1 184
1 205
1 478
2 447
2 299
1 408
1 273
1 377
1 487
1 136
1 401
1 202
1 101
2 4
2 217
1 242
1 448
1 461
2 212
2 434
1 347
2 498
2 214
1 32
2 73
2 106
2 315
2 320
2 97
1 131
2 497
1 64
1 21
1 425
2 135
1 94
2 198
2 451
1 464
1 316
1 353
2 361
2 79
1 285
2 355
1 340
1 139
2 499
1 131
2 244
2 132
2 97
1 280
2 445
2 232
1 131
1 32
2 102
1 22
2 136
2 154
2 432
1 230
1 303
1 57
1 476
1 87
1 369
1 322
2 460
2 424
1 489
2 432
1 416
1 180
1 182
2 378
2 477
2 394
2 170
1 381
2 490
2 420
1 36
2 23
2 146
1 85
1 253
1 279
1 321
2 423
1 495
2 318
2 259
1 306
2 13
1 277
1 356
2 212
2 289
1 385
1 31
2 271
2 189
1 155
2 212
2 67
1 377
1 29
1 95
1 268
1 371
1 313
1 240
1 468
2 313
1 314
1 25
2 330
2 338
1 425
2 61
2 106
2 375
1 128
2 171
2 132
2 291
2 118
1 24
2 262
2 289
1 32
2 216
2 377
2 345
2 453
2 144
1 45
1 44
2 190
1 271
1 459
2 470
1 295
2 13
1 329
2 335
1 465
1 221
2 102
2 345
1 173
1 316
2 357
2 93
2 276
1 72
1 276
2 162
1 33
1 478
1 178
1 73
1 214
2 186
2 209
1 425
2 370
1 302
1 450
1 476
2 109
2 311
2 87
1 158
1 497
2 185
1 151
2 167
1 402
1 234
1 233
1 195
1 397
1 180
1 241
2 423
1 54
2 438
1 204
2 463
1 434
2 225
1 108
2 151
2 446
1 322
1 42
1 132
1 215
2 488
1 169
1 361
1 494
1 66
2 96
1 100
2 379
1 316
1 418
1 346
2 54
2 392
2 239
2 236
2 185
2 112
1 484
1 427
2 121
1 25
2 372
1 97
1 151
2 87
1 82
1 282
2 302
1 81
1 48
2 345
2 391
1 438
2 280
1 203
1 208
1 468
2 203
2 180
1 329
1 125
1 401
2 397
1 432
2 446
2 497
1 415
1 449
1 114
1 68
1 332
2 395
2 57
1 215
1 155
2 205
2 157
2 37
2 362
1 233
2 151
1 300
2 321
2 121
1 180
1 453
2 166
1 162
1 297
1 161
2 123
2 433
2 25
1 35
1 141
2 45
2 200
1 60
1 296
1 157
1 219
1 338
1 457
2 309
2 79
2 407
2 37
2 331
2 160
2 446
2 335
1 295
2 186
1 406
2 237
2 308
2 172
1 42
1 348
1 84
1 22
1 330
1 32
1 322
1 228
1 196
2 461
1 97
1 400
1 479
1 64
1 295
2 135
1 214
2 390
2 464
2 490
1 173
1 305
1 417
2 465
1 95
1 157
2 423
1 44
2 192
1 391
1 46
2 25
1 63
1 260
2 29
1 172
2 327
1 398
2 212
2 58
1 140
1 200
1 270
1 167
2 55
2 150
1 137
1 63
1 440
2 430
1 128
2 372
1 280
2 48
1 483
2 149
1 170
2 184
2 444
1 103
1 110
1 301
1 130
1 297
2 242
1 388
2 178
2 174
1 379
2 449
1 29
2 483
1 297
1 489
1 71
2 441
1 47
1 426
1 309
1 448
1 300
2 122
2 297
2 434
2 367
1 388
2 183
2 444
2 92
1 71
2 79
2 342
2 456
2 4
1 341
2 17
1 137
1 468
2 284
1 459
1 487
2 248
2 421
1 500
1 327
1 26
2 432
1 233
1 486
1 355
1 38
1 169
1 361
2 310
2 242
2 146
1 319
1 249
2 437
1 102
2 169
1 372
1 347
1 191
1 44
1 362
2 417
1 459
2 370
1 273
2 240
2 191
1 312
2 500
1 38
1 214
1 81
2 9
2 393
1 110
1 245
2 368
2 205
1 141
1 298
1 389
2 184
2 299
2 221
1 446
1 399
2 167
2 448
2 257
1 226
2 127
1 41
1 334
2 24
2 375
2 240
2 61
2 45
2 269
2 157
1 78
2 76
1 90
2 270
1 66
1 416
1 317
2 242
2 257
2 477
2 289
1 97
2 490
2 60
1 109
1 27
1 474
1 133
2 329
2 261
1 102
1 142
1 188
2 420
2 351
1 427
2 315
1 339
1 368
1 117
2 465
2 14
2 97
2 205
2 253
2 374
1 197
2 123
1 101
2 180
2 142
2 441
2 482
1 464
2 177
2 177
1 75
2 136
2 41
1 151
2 9
2 498
2 243
1 88
1 366
1 146
1 226
2 168
2 218
2 259
1 415
1 91
1 182
1 364
1 418
2 218
1 243
2 130
2 38
2 32
1 188
1 115
2 468
1 323
2 468
1 282
2 73
2 76
1 98
2 327
2 157
1 292
2 110
2 88
2 342
2 254
2 148
1 146
2 353
1 3
2 253
2 407
2 9
1 430
1 124
1 325
2 3
1 383
1 241
1 463
1 441
1 462
1 436
2 407
1 427
2 164
2 45
1 208
2 255
2 363
2 97
2 363
2 154
2 415
1 67
2 327
2 92
2 298
2 247
1 371
2 465
1 408
2 104
2 414
1 455
1 88
2 314
1 354
2 47
1 213
2 144
2 471
2 179
1 466
1 324
1 154
1 369
2 148
1 27
2 34
1 188
2 384
2 423
2 320
2 4
1 433
2 422
2 86
2 22
2 230
2 238
2 484
1 296
1 282
1 44
2 303
1 139
2 436
2 275
2 233
2 138
2 129
1 271
1 364
2 468
2 489
2 179
2 163
1 104
1 296
2 462
1 82
1 136
1 365
2 124
2 393
1 466
2 25
1 439
1 380
1 332
2 463
1 341
2 336
1 272
2 294
2 80
1 184
1 245
1 478
1 349
1 333
1 94
2 401
1 96
2 290
2 149
1 141
2 228
1 136
2 458
2 231
2 8
1 104
1 18
2 324
1 154
1 31
1 365
2 131
1 63
1 443
2 23
2 51
1 410
1 248
2 319
1 255
1 448
2 78
2 291
2 182
2 408
1 192
1 346
1 436
2 94
1 471
1 312
1 218
2 411
2 291
2 147
2 55
1 255
1 410
1 236
2 342
2 6
2 119
2 206
1 111
2 135
1 119
1 307
1 222
2 4
1 298
1 260
1 447
2 335
1 412
1 150
2 416
2 137
1 210
1 291
1 197
2 253
2 426
2 354
2 128
2 10
2 63
1 128
2 488
1 421
2 235
1 355
1 429
2 36
1 388
1 309
1 307
1 250
1 324
2 231
2 16
1 227
1 213
1 290
1 167
1 302
2 132
1 403
1 350
1 49
1 319
2 173
2 122
2 209
1 229
2 100
1 382
2 173
2 32
2 498
2 24
1 303
2 159
2 418
2 198
1 98
2 27
1 345
1 44
2 297
2 195
2 368
2 75
2 375
1 207
1 8
1 23
2 89
1 219
1 42
2 324
2 285
1 112
2 201
1 34
1 280
1 246
2 156
1 391
1 129
2 402
2 31
1 299
2 309
2 328
1 285
2 192
2 56
1 198
2 459
2 106
1 458
2 236
1 374
2 495
1 427
1 342
2 172
1 131
1 9
2 182
2 313
2 214
2 28
2 477
1 493
1 427
1 488
2 267
2 141
1 66
2 9
1 228
1 399
1 12
2 168
2 404
2 417
2 53
2 379
2 134
2 314
2 376
2 75
2 13
2 108
1 485
1 337
1 148
1 274
2 346
2 203
2 125
2 217
2 267
2 409
2 21
1 313
2 374
2 243
1 453
1 168
2 317
1 353
1 443
1 474
2 418
1 389
2 499
1 71
2 52
1 17
2 53
2 321
2 67
2 16
2 264
2 308
1 391
1 396
2 137
2 473
1 45
1 448
2 467
2 159
1 350
1 294
1 356
1 32
2 380
1 293
2 434
1 75
1 463
1 9
2 190
2 5
1 342
1 128
1 322
2 30
2 166
2 425
2 141
1 147
1 355
1 367
2 243
2 464
1 262
1 8
2 453
1 37
1 316
1 158
2 154
2 160
2 213
1 44
2 391
1 77
1 481
2 238
1 235
2 485
1 25
1 150
2 356
1 474
2 54
2 159
2 169
1 230
1 253
2 438
1 314
1 93
2 308
1 74
1 382
1 241
1 49
2 86
1 280
1 278
2 394
2 96
2 106
2 148
2 301
2 354
1 451
1 112
1 479
2 4
1 242
1 470
2 486
2 250
1 466
1 302
1 316
2 126
2 73
2 279
2 209
1 339
2 429
1 121
2 339
1 471
1 219
1 74
2 494
1 174
1 203
2 23
1 224
1 290
1 124
2 373
1 52
2 47
2 216
2 91
1 142
2 486
1 352
2 268
1 86
2 9
1 268
2 9
2 234
2 342
2 219
1 40
1 480
1 454
1 104
2 249
2 457
1 309
2 497
1 358
1 369
1 74
1 100
1 182
2 232
2 41
1 441
1 220
1 370
2 467
2 69
1 422
1 153
1 38
2 9
2 83
2 112
1 216
2 89
2 247
2 272
2 122
1 70
2 483
2 218
1 264
1 17
2 15
2 266
1 170
1 298
1 3
2 463
1 323
2 467
2 75
1 59
2 153
2 389
2 271
1 436
1 96
1 70
1 325
2 366
1 461
2 449
2 128
2 32
1 313
1 223
1 439
2 436
2 113
1 430
1 134
2 269
2 21
2 190
2 25
2 190
2 274
1 299
2 252
2 202
1 180
1 155
2 57
1 265
2 266
1 256
2 263
2 127
2 215
1 331
2 75
1 76
1 213
1 248
1 56
2 379
1 225
1 58
2 475
1 5
1 220
2 490
1 489
1 468
2 136
1 145
1 373
1 409
2 446
1 400
2 308
1 88
1 163
2 368
1 171
2 81
1 485
2 223
2 38
1 27
2 191
2 234
2 243
1 147
1 353
1 40
2 175
1 396
1 124
1 179
1 488
2 35
1 329
2 296
2 298
1 391
1 196
2 50
1 322
1 477
2 445
2 187
1 348
1 161
2 49
2 117
1 449
2 211
1 408
1 348
2 31
1 45
2 66
1 368
1 494
2 414
1 65
1 409
1 237
2 234
1 407
1 25
1 353
1 337
1 445
1 20
1 477
1 258
2 10
2 134
2 173
2 144
2 350
2 500
1 121
1 75
1 287
1 87
2 39
2 454
2 162
1 14
1 389
2 32
1 396
2 104
1 63
1 157
1 300
1 202
1 445
1 151
1 431
2 74
2 215
1 156
1 205
2 366
2 440
2 343
2 62
1 254
1 397
1 240
1 270
2 320
1 420
1 297
2 263
2 171
2 454
1 205
1 495
1 102
1 466
1 472
2 446
2 355
1 339
1 390
1 386
2 173
2 382
1 155
1 396
1 473
2 3
2 358
2 98
2 134
2 107
2 294
1 182
1 245
1 445
1 479
1 46
2 486
1 324
2 275
2 318
2 419
1 479
1 169
1 439
1 343
2 259
1 448
1 339
1 459
2 30
2 464
2 291
2 58
2 441
2 185
1 283
1 282
1 83
1 189
2 455
2 417
2 222
1 4
1 260
1 342
2 250
2 419
2 106
2 7
1 309
2 8
2 498
2 56
2 442
2 453
1 331
1 461
2 437
1 112
1 278
1 40
2 110
2 271
2 435
2 113
2 172
1 37
2 260
2 101
2 41
1 448
2 127
1 275
2 372
2 463
2 192
1 379
2 312
1 220
1 278
1 340
2 303
2 470
1 173
1 262
2 179
2 287
2 469
1 72
1 152
1 192
2 387
1 347
2 423
1 296
2 249
1 1
2 216
1 464
1 96
2 156
1 138
1 431
1 207
1 297
1 239
1 52
2 261
2 27
1 316
2 236
2 310
1 467
2 410
2 116
2 359
2 130
1 416
1 101
2 413
2 332
2 440
1 128
2 134
1 88
2 328
2 217
2 410
1 217
2 318
1 175
1 306
2 24
1 216
1 196
2 225
2 483
1 114
1 68
2 468
2 252
2 329
1 488
2 355
1 409
1 388
1 200
2 92
2 266
2 198
2 139
1 192
1 290
2 435
2 108
1 364
2 401
1 326
1 282
2 443
2 204
1 478
2 23
2 477
1 227
2 453
1 300
1 339
2 152
2 150
2 27
2 469
2 56
2 18
1 179
1 380
1 290
2 137
1 277
2 303
2 491
2 368
2 250
1 231
1 331
1 364
2 244
2 339
1 479
1 341
2 167
1 390
1 428
1 471
1 343
1 58
2 380
1 475
1 483
1 87
2 289
1 225
2 134
2 36
1 418
1 120
2 447
1 392
1 387
2 133
2 340
1 414
2 467
1 52
1 297
1 318
1 292
2 322
2 105
2 37
2 436
1 311
1 17
1 311
1 268
2 336
2 132
2 178
2 341
2 252
2 423
2 426
1 463
2 138
1 307
1 442
1 34
1 327
1 157
2 157
2 431
2 383
2 445
1 217
2 345
1 274
2 388
2 332
2 150
2 270
1 347
2 402
1 166
1 133
1 69
1 450
2 134
2 117
1 96
2 215
1 152
1 410
1 242
2 94
2 210
2 51
1 277
1 139
1 383
2 467
2 412
2 6
2 101
1 327
1 455
2 340
1 232
2 349
2 342
1 216
2 156
1 310
1 69
1 77
2 218
1 458
1 164
2 26
1 84
1 163
1 244
1 348
2 455
1 300
1 490
2 198
2 484
2 281
1 454
2 206
2 104
2 152
2 477
1 382
2 233
2 302
2 250
2 155
1 49
1 351
1 172
1 386
2 54
1 410
2 227
1 382
1 482
2 301
2 414
1 223
2 430
1 475
1 377
2 235
2 287
1 314
1 133
2 317
2 69
1 397
2 193
1 180
2 311
1 337
1 14
2 222
2 434
1 474
1 29
2 234
2 146
2 124
1 450
1 168
1 166
2 368
1 342
2 236
1 27
1 80
1 482
2 334
1 201
1 225
2 16
2 395
2 209
1 290
1 310
1 379
2 374
1 36
2 293
1 219
2 47
1 62
2 302
2 296
1 54
1 434
2 182
1 81
2 198
2 400
2 32
2 333
2 376
1 471
1 195
2 190
1 190
2 122
1 498
2 197
2 288
2 472
1 310
1 212
2 478
2 217
2 93
2 265
2 121
1 488
2 276
1 408
1 280
2 161
2 297
2 180
2 191
2 406
2 406
2 211
1 431
1 244
1 328
2 344
1 96
2 467
2 360
1 40
1 255
1 268
2 409
2 339
2 449
1 303
2 416
1 442
2 145
2 222
1 397
2 272
1 247
1 419
2 463
1 246
2 10
2 324
1 312
1 220
1 110
2 318
2 240
2 223
1 148
1 207
1 212
1 92
2 419
1 65
1 467
1 302
1 26
2 245
2 491
2 449
1 191
1 476
1 229
2 165
1 346
2 475
1 201
1 368
2 427
1 352
1 445
1 73
1 334
1 159
1 486
2 275
1 76
2 457
1 153
2 383
1 491
1 407
2 275
1 162
1 409
2 151
2 222
2 175
1 392
2 231
2 291
1 404
1 256
1 22
1 332
1 257
2 113
1 217
1 141
1 145
1 447
2 254
1 17
1 75
2 112
1 489
1 163
2 268
1 456
2 29
1 44
2 314
2 4
1 248
2 112
1 46
1 38
2 77
1 431
1 166
1 161
2 444
2 251
2 444
1 203
1 197
1 108
1 254
1 244
2 108
2 96
2 116
2 7
1 39
2 47
1 331
2 210
1 233
1 188
1 18
1 499
1 487
2 428
2 422
2 445
2 229
2 385
1 377
2 387
2 180
1 471
1 344
1 487
2 492
1 456
2 63
2 74
2 265
2 493
1 375
1 66
2 182
1 298
1 44
2 177
2 322
2 436
2 30
1 445
2 447
2 233
2 59
2 262
2 11
1 8
1 43
2 340
1 78
1 338
2 174
1 48
2 364
2 11
2 109
1 118
2 208
1 268
1 8
2 440
2 282
2 256
2 223
2 252
1 84
2 272
2 454
2 103
2 6
1 414
1 421
2 20
1 232
2 97
1 315
1 462
2 334
2 125
1 15
1 59
2 169
1 207
1 1
1 495
1 275
1 119
2 142
1 26
2 277
1 316
2 9
2 391
1 345
2 101
1 95
2 310
2 488
1 440
1 29
1 345
2 193
2 349
1 305
1 59
2 199
1 23
2 3
1 400
2 280
1 58
1 158
2 192
1 87
1 337
2 417
1 270
1 200
1 295
1 196
2 436
1 431
2 101
2 76
1 131
2 352
2 433
2 407
1 358
2 107
2 460
1 80
2 337
2 198
2 135
2 188
1 491
1 232
2 50
2 294
1 14
2 220
1 6
2 421
2 323
1 409
1 255
1 362
2 119
1 73
2 156
1 174
1 229
1 440
1 64
1 162
2 230
2 374
2 63
2 450
1 174
1 19
1 50
2 370
1 292
1 420
2 54
2 445
1 202
1 264
1 469
2 194
2 361
1 285
1 214
1 161
2 296
2 18
2 59
2 12
1 180
2 149
2 227
2 219
2 180
1 194
2 462
2 199
1 306
2 97
2 421
-1
