2 380
1 71
1 101
2 491
2 354
1 162
2 384
1 148
1 406
2 354
1 448
2 431
2 244
1 361
1 409
1 360
1 186
1 238
1 54
1 474
2 255
2 139
1 341
1 363
1 243
1 37
1 355
2 283
1 236
2 315
1 400
1 136
2 307
2 370
1 452
2 322
1 330
1 399
1 449
2 415
2 329
2 85
2 270
2 484
2 361
1 1
1 175
1 345
2 212
1 44
2 261
2 424
1 176
1 111
1 434
2 167
1 179
2 148
1 469
2 157
2 132
2 88
1 496
1 490
2 202
2 73
1 249
1 107
1 21
2 252
1 445
1 420
2 372
2 275
1 402
2 20
2 439
2 191
1 95
1 344
1 65
1 461
2 115
2 293
2 135
1 292
2 165
2 405
1 130
2 227
2 461
1 415
2 204
2 184
1 489
2 445
2 146
2 69
1 323
2 98
2 256
1 239
1 100
1 307
2 174
2 111
2 130
1 385
1 482
2 483
1 299
1 374
2 36
2 408
2 155
1 371
2 395
1 34
1 105
2 427
1 225
2 116
2 266
2 40
1 421
1 69
2 5
2 367
2 237
1 103
2 132
1 5
1 434
2 75
1 231
2 20
2 242
1 161
2 487
1 106
2 426
1 330
1 117
1 322
2 322
1 447
2 249
1 330
1 194
2 424
1 257
2 230
1 429
2 209
1 442
1 174
2 488
2 149
1 51
1 160
1 246
2 325
1 262
1 379
2 262
1 82
2 244
2 220
2 405
1 440
2 94
2 417
2 320
2 37
1 239
1 241
1 154
2 181
2 275
2 425
1 213
1 406
1 21
1 332
2 257
2 123
1 88
1 283
2 308
2 128
1 366
1 233
1 137
2 138
2 176
2 446
1 420
1 195
1 33
2 217
2 1
2 343
1 82
2 346
1 295
2 139
1 45
1 31
2 488
2 91
2 435
1 50
1 443
2 498
2 123
1 468
2 404
1 63
1 138
1 79
1 85
2 443
2 440
1 161
1 198
2 442
1 342
1 189
2 440
1 463
1 251
1 388
2 443
1 492
1 62
1 215
1 138
1 478
1 187
1 209
1 92
1 219
2 493
2 421
1 297
1 197
2 165
2 53
1 386
1 391
2 465
1 296
2 467
2 384
2 114
1 240
2 241
1 194
1 420
1 221
1 497
1 115
1 354
2 473
2 415
2 390
2 172
2 185
1 14
1 494
2 159
2 36
1 394
2 189
1 194
2 381
2 178
2 204
2 366
1 474
1 242
2 362
1 103
2 403
1 114
2 95
2 481
1 376
2 62
1 40
2 324
1 297
1 119
1 236
1 379
2 467
2 423
1 386
1 374
1 493
1 36
2 464
2 420
2 95
2 106
1 88
2 257
1 282
2 88
1 210
1 78
1 438
2 356
2 230
2 463
1 68
1 161
2 218
1 73
1 413
1 149
1 459
1 87
1 484
1 109
1 492
2 73
2 391
1 456
1 157
1 193
1 119
2 459
2 137
2 352
2 209
2 400
2 462
1 258
2 12
2 490
2 109
2 135
2 490
1 322
1 359
1 74
1 71
1 18
2 62
2 255
1 73
1 288
1 491
1 331
1 116
1 356
1 382
2 74
1 80
2 221
2 260
1 120
1 177
2 388
2 357
1 360
1 147
1 167
1 45
2 343
1 317
2 87
1 41
1 125
1 406
1 262
2 491
2 199
1 17
1 258
1 80
2 7
1 116
2 67
1 170
1 375
1 460
2 387
1 472
1 471
2 209
2 98
2 465
1 218
1 381
2 207
1 444
2 38
2 385
1 423
1 217
2 243
1 258
1 379
2 493
1 162
2 434
2 251
1 54
2 231
1 295
2 246
1 353
2 1
1 442
2 495
2 71
1 186
1 219
2 261
2 266
1 411
2 32
2 300
2 333
2 370
1 23
2 69
1 453
2 465
2 343
2 405
1 48
1 445
1 6
2 328
2 478
1 173
2 103
2 445
2 59
2 414
2 133
2 456
1 255
1 332
1 83
1 363
1 177
2 100
2 364
2 157
2 369
1 54
2 358
1 109
1 16
2 496
2 209
1 438
2 75
2 412
2 356
1 491
1 285
1 418
1 220
2 192
1 108
2 262
2 447
2 380
1 449
2 314
2 382
2 471
2 371
2 317
1 212
2 462
1 100
2 495
1 157
2 259
1 487
2 80
2 95
2 247
2 38
1 51
2 163
2 79
2 107
1 463
2 54
1 166
1 358
2 473
2 51
2 130
2 103
1 322
2 20
1 91
2 331
2 328
2 366
1 230
1 153
1 494
2 171
1 212
1 24
1 394
1 118
1 314
2 233
2 121
1 406
1 161
2 204
1 285
2 97
1 245
1 409
1 308
2 249
2 459
1 54
1 197
2 227
2 95
2 349
1 415
2 279
2 195
1 266
2 255
1 345
2 463
2 88
1 36
2 140
1 460
2 49
2 216
1 371
1 438
2 377
1 325
2 130
2 489
2 202
2 461
1 93
2 2
1 397
2 368
1 382
1 81
2 336
1 58
1 309
2 276
1 199
2 192
1 175
1 427
1 126
2 273
1 365
2 102
2 311
2 297
2 148
2 123
2 228
1 392
1 26
1 73
1 324
2 108
1 148
1 374
1 124
1 47
1 272
1 101
2 321
2 127
1 477
2 155
1 132
1 91
2 269
1 437
1 132
1 90
2 429
2 256
1 460
2 243
1 302
2 166
1 91
1 442
2 244
1 474
2 345
2 235
1 432
2 57
2 66
1 193
1 460
2 249
1 103
1 355
1 186
1 378
2 15
2 399
1 118
2 336
1 141
1 279
1 297
1 486
1 333
1 60
2 478
1 64
1 3
1 188
2 289
2 21
2 87
2 264
1 495
2 221
2 372
1 58
1 187
2 382
2 425
2 163
1 452
1 186
2 143
2 347
2 141
2 85
2 137
1 134
1 298
1 118
1 205
1 41
2 422
1 114
1 66
1 452
1 354
2 324
1 213
1 279
2 388
2 431
1 63
1 7
1 417
2 233
1 4
1 216
2 399
2 123
2 309
1 334
1 266
2 9
1 30
2 182
2 354
1 144
1 175
2 479
2 479
1 416
1 337
1 406
2 164
1 51
1 157
1 337
1 244
1 251
2 484
1 393
2 395
2 456
2 391
2 364
2 498
2 350
1 114
2 272
1 487
2 453
2 410
1 269
1 487
2 482
1 155
2 11
2 115
1 322
2 252
2 373
2 315
1 286
2 180
1 410
1 232
1 13
2 3
2 350
2 3
1 163
2 58
2 58
1 342
2 28
1 63
1 194
2 325
1 9
1 241
1 374
1 484
1 316
1 370
1 179
1 349
2 29
1 365
1 429
1 316
1 151
1 207
2 310
2 28
2 386
1 440
2 91
2 496
1 261
2 275
2 89
2 131
2 380
2 406
1 52
2 115
2 450
2 399
2 55
1 429
2 397
2 403
2 143
2 96
2 115
2 193
2 345
2 171
2 169
1 384
2 148
2 423
2 171
2 208
1 302
1 222
1 208
1 388
2 374
2 105
2 205
1 395
1 472
1 126
2 345
2 361
2 7
2 441
1 159
1 459
1 340
1 9
2 155
1 249
2 82
1 221
2 3
2 40
1 32
2 466
2 25
1 221
1 312
2 265
1 13
2 429
1 254
2 250
1 36
2 288
1 204
1 108
1 123
2 179
1 163
2 234
2 322
1 422
1 467
1 455
2 260
1 34
2 24
2 421
1 133
1 381
1 68
1 41
1 338
1 47
1 68
2 390
2 234
1 226
1 497
2 234
2 268
2 121
2 402
2 54
1 453
1 222
1 125
1 61
1 37
2 313
1 387
2 49
2 14
1 376
1 158
1 322
2 228
2 68
2 187
2 367
2 259
1 362
2 405
1 197
1 381
2 397
2 63
2 443
1 423
2 142
1 280
2 5
2 257
1 192
1 44
1 286
1 349
1 37
2 421
2 194
2 93
2 272
1 239
1 435
2 236
1 93
2 39
2 78
2 20
2 90
2 178
1 69
1 375
2 278
2 41
1 300
2 118
2 492
1 488
2 221
1 354
2 442
1 409
2 243
1 139
1 46
1 411
1 193
2 422
2 284
1 146
2 151
2 357
1 322
1 272
1 271
1 354
2 73
1 435
2 245
1 499
2 241
2 256
1 46
1 256
2 343
2 263
2 367
2 339
1 314
1 82
2 87
2 1
1 401
2 326
2 212
1 287
2 85
2 238
1 276
2 310
1 97
1 463
2 42
2 2
2 262
2 291
2 370
2 212
1 430
2 118
2 213
2 445
2 3
1 130
1 230
2 395
1 362
2 140
2 361
1 461
2 76
1 175
2 246
1 66
2 274
1 168
1 292
1 486
1 350
2 71
2 405
2 257
1 378
1 372
1 389
2 64
2 436
1 261
2 475
2 208
2 362
2 290
2 42
1 298
2 242
1 322
2 184
1 116
2 325
1 3
1 320
1 382
2 156
1 287
1 468
1 434
2 72
1 185
1 351
1 208
1 349
2 442
2 458
1 149
2 397
2 200
1 217
2 174
1 74
1 57
1 158
2 74
2 66
2 46
1 240
1 211
2 134
2 177
1 62
2 226
1 476
2 377
1 209
1 267
1 361
2 175
1 165
2 451
1 7
1 497
1 101
1 38
2 212
1 178
2 39
2 434
1 31
1 409
2 63
2 372
2 349
2 145
1 147
2 95
2 442
1 102
2 151
1 129
1 205
1 338
2 412
2 108
1 432
1 236
1 42
2 120
2 5
1 108
2 210
1 7
1 497
2 398
2 100
1 212
1 35
2 399
1 319
1 443
1 374
1 447
2 136
2 9
2 182
1 495
1 374
1 99
1 462
1 221
2 225
1 216
2 481
1 408
2 472
1 105
2 379
2 111
1 321
1 6
2 439
2 98
1 354
1 34
2 43
1 227
2 37
1 377
2 408
1 20
2 337
1 75
2 26
2 228
2 156
1 53
2 234
1 258
2 197
2 253
2 248
2 209
2 124
2 153
2 72
1 261
1 147
2 474
2 20
2 223
2 286
2 473
2 276
2 309
1 225
2 414
2 243
1 109
2 410
2 397
2 285
1 92
2 344
2 307
2 117
2 242
2 155
1 125
1 296
1 253
2 198
1 197
2 139
2 307
1 417
2 380
2 212
2 336
1 239
1 122
1 23
2 462
2 429
1 107
1 223
2 448
2 377
1 213
2 300
2 415
1 425
1 121
2 321
1 396
2 450
2 266
1 232
2 352
1 17
1 235
2 21
2 363
1 30
2 263
1 297
2 250
1 27
1 62
2 178
2 405
1 325
2 302
1 249
2 215
1 315
1 208
2 336
1 83
2 497
2 398
1 78
2 366
1 369
2 302
1 235
1 376
1 80
2 319
2 33
1 297
2 187
1 385
1 74
2 90
1 16
1 66
2 486
1 400
1 62
2 251
2 462
1 60
1 6
1 74
2 263
1 237
2 226
1 174
2 440
1 72
2 251
2 251
1 420
1 442
1 54
1 130
1 170
2 409
2 418
1 65
2 203
1 481
1 127
2 430
1 270
2 225
1 490
2 459
2 477
1 94
1 444
2 249
2 115
2 343
2 490
1 65
2 413
2 324
2 403
1 456
1 106
1 395
2 155
1 60
2 105
2 216
1 228
2 216
1 473
2 78
2 318
1 359
1 243
1 268
2 287
2 169
2 403
2 191
2 268
1 243
2 255
1 124
1 422
1 27
2 250
2 61
2 98
2 296
1 100
2 337
1 137
2 131
1 271
2 447
1 423
2 115
1 499
1 362
1 281
1 18
1 344
1 448
1 496
2 133
1 157
2 186
1 29
1 184
1 340
2 42
1 23
1 142
2 449
2 293
1 391
1 111
1 240
2 379
2 5
1 182
1 184
2 307
2 386
1 216
1 324
2 191
2 116
2 219
1 187
2 497
2 25
1 15
1 370
2 498
1 256
1 387
1 250
2 356
1 387
2 65
1 179
2 260
1 291
2 413
1 193
1 258
2 369
1 332
1 369
1 315
1 213
1 267
1 98
1 153
1 396
2 398
1 324
2 71
1 339
1 443
1 245
2 100
2 176
1 406
1 465
1 20
2 273
1 194
2 112
2 58
2 63
2 433
1 316
2 204
1 190
1 37
1 50
2 102
1 272
2 269
1 79
1 264
2 426
2 425
2 155
2 395
1 141
2 307
1 182
1 110
2 360
1 361
2 134
1 486
2 321
2 492
2 394
2 101
2 416
1 207
1 212
1 491
1 280
1 160
2 11
2 36
1 266
1 131
1 209
1 8
2 222
1 427
1 458
1 138
2 109
2 295
1 150
2 375
2 434
1 242
2 154
2 18
1 376
1 23
1 468
1 465
2 233
2 8
2 122
1 267
1 194
2 253
2 50
1 271
2 13
1 131
2 344
2 290
2 500
1 7
2 45
2 212
1 213
2 172
2 68
1 268
2 203
2 103
1 352
1 86
1 441
2 86
2 69
2 207
1 390
2 239
2 35
1 416
1 372
2 434
1 228
2 52
1 425
2 181
1 84
2 196
1 335
2 12
2 156
2 322
2 283
1 183
1 213
1 417
2 36
1 376
1 106
2 45
2 285
1 10
1 344
2 244
1 338
2 432
2 325
2 241
1 369
1 129
2 21
2 369
2 98
1 24
2 375
1 437
2 293
2 379
1 3
1 165
1 376
1 36
2 53
2 12
2 52
1 353
1 36
1 332
2 169
2 39
2 275
1 54
2 274
1 407
1 53
2 320
1 371
2 332
2 483
2 195
1 186
2 310
2 472
2 57
2 200
1 35
1 423
1 392
1 371
1 27
2 73
1 55
2 53
1 217
2 285
2 125
1 13
1 43
2 426
2 329
2 398
2 450
1 155
1 219
2 343
1 152
2 443
1 357
2 147
2 86
2 39
1 401
1 143
2 240
1 393
1 397
2 134
1 462
1 39
2 17
1 278
1 296
1 77
2 419
2 281
1 6
1 213
1 223
2 200
1 478
1 381
1 382
1 220
1 6
1 376
1 491
2 393
2 76
2 495
1 43
2 497
1 446
2 305
1 119
1 333
2 96
2 470
2 431
2 24
1 151
2 161
2 107
2 279
2 373
2 176
2 400
2 167
2 85
2 365
1 327
2 152
1 114
2 102
1 14
1 331
1 80
2 156
2 395
2 221
2 59
1 385
1 272
2 155
2 374
2 264
1 419
2 473
1 239
1 75
1 255
2 267
2 99
2 225
2 209
2 315
2 192
1 77
1 454
2 24
2 453
2 378
2 405
1 403
2 128
2 99
1 438
2 420
1 139
1 85
2 440
2 318
1 450
1 299
1 328
1 82
1 460
1 2
1 13
1 358
1 437
1 226
1 173
2 113
2 493
2 362
1 448
2 415
2 424
2 4
2 238
1 382
2 249
2 412
2 491
1 105
2 77
1 152
2 178
1 264
1 313
2 454
1 155
1 8
1 285
1 32
1 449
2 71
2 499
1 309
2 103
2 267
1 446
1 132
1 34
2 497
1 223
1 105
2 170
1 158
1 327
2 327
2 305
2 323
1 83
1 144
2 248
2 68
1 180
1 21
2 298
2 58
2 467
1 101
1 478
2 145
1 299
2 431
1 72
2 259
1 88
1 190
1 164
1 233
1 161
2 408
1 121
1 330
2 331
2 426
1 41
1 316
2 393
1 146
1 350
1 469
1 10
1 477
2 267
2 368
2 313
1 237
2 445
1 224
2 200
2 287
1 71
1 283
2 199
1 130
1 36
1 337
2 107
2 421
1 373
2 152
2 268
1 322
1 306
2 338
2 45
1 449
2 77
2 281
2 362
1 323
2 211
2 293
1 176
1 395
1 354
1 289
2 286
1 36
2 6
2 299
1 349
2 17
2 329
2 52
2 411
1 439
2 88
1 142
2 149
1 15
1 286
2 326
2 116
2 365
2 85
2 22
2 262
1 62
1 187
2 484
2 190
2 421
2 358
2 392
1 302
1 211
2 412
1 361
2 100
2 499
1 240
1 173
2 410
1 294
1 198
1 396
2 52
1 163
2 82
1 118
1 311
1 26
1 419
2 452
1 111
1 257
1 322
2 54
2 14
1 178
2 477
2 449
1 240
1 140
1 369
2 409
1 140
1 105
1 172
2 131
2 358
2 336
2 168
1 409
2 441
1 96
2 10
1 148
1 7
2 275
1 99
2 407
1 468
2 499
1 271
2 126
2 367
2 159
1 54
1 67
1 357
1 262
2 57
2 468
1 251
1 291
2 276
2 438
2 263
1 86
1 416
2 14
2 376
1 316
2 443
1 275
1 395
1 18
1 1
2 367
2 430
2 452
2 57
2 151
2 177
2 204
1 151
2 374
1 241
1 159
2 275
2 186
1 24
2 473
1 391
2 127
1 199
1 376
2 318
2 425
1 467
2 86
2 197
2 495
2 352
2 324
2 289
2 500
1 416
1 188
1 14
1 478
1 243
2 318
1 83
1 406
2 74
2 166
2 153
1 59
2 368
1 335
1 95
1 319
1 9
1 19
1 23
1 437
2 53
1 177
2 199
1 184
2 424
2 395
1 64
2 284
2 39
1 438
2 7
1 346
2 466
1 240
1 64
1 105
1 133
2 102
1 66
2 456
2 337
1 268
1 154
1 182
1 225
2 28
1 227
2 98
1 89
1 179
1 217
2 119
1 267
1 181
1 357
1 24
2 337
1 297
1 195
1 34
2 97
2 2
2 286
1 14
1 289
1 377
2 179
2 206
2 66
1 333
1 225
1 171
2 147
2 403
2 444
1 464
1 348
2 214
2 416
2 358
1 123
1 413
2 80
1 301
1 208
2 123
1 489
2 345
2 259
2 32
2 34
2 446
2 311
1 366
2 238
2 134
1 457
1 364
1 16
2 385
2 149
1 358
2 300
1 476
2 300
2 465
2 353
1 66
2 421
2 241
2 153
2 222
2 272
1 349
2 454
2 213
1 240
2 443
1 124
1 302
1 128
1 256
1 27
2 142
1 103
2 458
1 109
2 216
1 468
1 19
2 149
2 227
1 153
2 131
2 438
1 200
2 401
2 396
1 480
2 227
1 123
1 189
2 66
2 463
1 172
2 158
1 415
1 60
1 52
1 196
2 326
2 257
1 53
1 357
1 41
2 318
2 470
1 246
1 114
1 125
1 392
1 457
1 166
1 77
2 410
1 410
2 18
1 312
2 318
2 158
1 455
2 224
2 37
2 16
1 380
1 287
2 421
1 281
1 463
2 155
1 481
1 106
1 81
1 124
1 290
1 311
1 460
2 372
1 355
2 498
2 26
1 357
2 231
2 384
1 346
1 417
1 305
2 175
1 144
2 487
2 432
1 380
2 184
1 239
1 490
1 272
1 223
2 314
1 117
2 351
1 87
2 287
2 141
1 480
1 464
2 420
2 116
1 137
2 255
2 336
1 462
1 111
2 88
1 490
1 473
1 18
2 458
1 153
2 321
2 86
1 451
1 178
1 9
2 68
2 41
2 358
2 214
2 391
2 244
1 209
1 423
1 126
1 233
2 330
1 263
1 337
2 273
2 482
2 33
2 99
2 303
1 279
2 276
2 21
1 400
2 87
1 306
2 54
2 195
2 444
2 150
1 373
1 350
1 258
1 254
1 159
1 164
2 276
2 310
2 162
2 377
2 383
2 313
1 73
2 22
1 315
1 499
2 445
2 392
2 82
2 410
1 52
2 381
1 216
1 328
2 102
1 125
1 238
2 123
1 147
2 29
2 168
1 147
1 80
1 18
2 34
1 457
1 352
2 117
2 230
1 296
2 499
1 167
2 61
2 250
2 285
2 168
1 362
1 416
2 56
2 305
2 212
2 26
1 301
1 334
1 289
2 361
1 253
2 228
2 19
2 371
1 311
1 107
1 56
1 464
2 307
2 403
1 233
2 285
1 274
2 415
2 451
2 406
2 5
2 15
1 313
1 179
1 127
2 147
1 159
2 496
2 83
2 334
2 31
2 200
1 441
2 70
2 241
2 446
1 459
1 121
1 49
2 99
1 83
2 61
2 207
2 57
2 159
2 308
2 213
2 344
2 325
1 99
1 92
1 163
2 208
2 26
1 433
1 135
2 220
1 108
2 456
1 419
1 258
1 154
1 437
2 178
2 466
2 30
1 172
1 312
2 178
2 487
1 164
2 477
2 20
1 365
2 451
1 292
2 213
2 382
2 498
1 114
2 188
2 372
2 39
2 90
1 223
1 178
1 400
1 325
1 441
2 98
2 324
1 451
2 38
2 389
2 96
1 350
2 349
2 345
2 108
1 306
1 213
2 420
2 340
1 236
1 432
2 23
1 74
2 496
1 361
1 498
1 90
2 442
1 420
2 380
2 72
2 208
2 372
2 249
1 370
1 195
1 168
2 261
1 245
1 57
1 343
1 265
1 401
2 73
1 345
1 198
1 341
2 52
1 384
1 126
2 487
1 258
2 240
1 452
2 477
1 442
1 61
1 455
2 264
1 484
1 183
2 376
2 438
2 86
2 431
1 425
2 383
2 127
2 404
1 107
2 437
1 404
1 105
1 162
2 89
1 328
1 178
2 294
2 482
1 139
1 443
1 384
2 450
2 447
2 440
2 289
2 304
1 226
2 254
2 481
1 384
1 465
1 363
2 232
1 490
2 459
1 138
1 108
2 204
2 495
1 311
1 372
2 179
2 227
1 335
2 126
2 366
1 336
1 200
2 423
2 289
2 324
1 427
1 364
1 338
2 477
1 494
1 466
1 148
1 456
2 102
2 257
1 374
1 47
1 158
1 466
2 406
1 224
1 73
1 166
1 150
1 113
2 194
2 18
2 474
2 27
1 257
2 247
2 374
2 56
1 318
2 182
1 14
2 407
1 196
1 199
2 66
1 191
2 94
2 451
2 33
1 346
1 464
1 420
1 89
2 73
1 199
1 481
2 362
1 150
1 459
2 106
1 364
2 134
2 209
2 227
2 266
2 382
2 368
2 418
1 479
1 66
1 447
1 390
2 285
2 70
1 91
2 119
1 175
2 114
2 189
2 476
1 117
2 34
1 362
1 144
1 145
2 369
1 106
1 104
2 1
2 486
2 51
1 397
1 208
1 312
1 54
2 201
1 348
2 358
2 390
2 400
1 413
2 329
1 230
1 112
1 160
2 173
2 53
2 288
1 134
2 8
1 238
1 209
2 146
1 145
2 418
1 421
1 16
2 200
1 237
2 179
1 260
2 458
1 123
2 423
2 196
1 296
2 342
1 369
2 422
2 374
2 260
1 21
1 98
1 373
1 234
2 82
2 106
2 156
1 136
2 188
2 64
2 115
2 339
2 244
1 51
2 302
1 114
1 437
2 245
2 397
2 64
1 323
2 16
2 248
2 261
1 333
1 270
2 81
1 133
1 71
2 292
2 345
2 398
2 467
2 146
2 325
2 192
2 229
1 477
1 210
2 263
2 413
1 341
2 344
1 20
2 360
1 491
1 419
1 189
2 86
1 452
1 394
2 261
1 54
2 301
1 178
1 10
1 300
1 286
2 27
2 261
2 467
2 294
2 195
1 325
1 167
1 394
1 271
1 385
1 242
1 291
2 453
1 360
1 2
2 450
1 153
2 118
2 165
1 207
2 97
1 343
1 159
1 27
2 389
1 457
1 301
2 49
2 399
1 208
1 109
2 131
2 219
2 84
1 364
1 94
1 173
1 75
1 23
1 464
2 365
1 41
2 371
2 269
2 52
1 372
1 132
1 273
2 454
1 86
2 497
2 277
1 319
2 205
2 304
1 252
1 144
1 332
1 436
1 134
2 75
2 499
2 358
2 261
1 478
1 480
1 376
1 347
1 459
2 387
1 423
1 282
1 133
2 431
1 65
1 406
2 420
1 49
2 378
2 292
2 6
1 33
1 379
2 279
2 134
2 451
1 154
1 325
1 196
2 205
1 170
2 103
2 366
2 421
1 164
2 302
2 336
1 402
1 65
2 255
1 197
2 457
2 140
2 488
2 387
2 299
1 155
2 348
1 403
1 467
1 184
2 87
2 306
1 437
1 372
2 271
2 99
2 123
1 359
1 128
2 154
1 152
1 178
2 32
2 471
1 350
1 322
1 25
1 128
2 349
2 3
1 271
2 198
2 42
2 355
2 153
1 447
2 20
1 155
2 408
2 104
1 131
1 45
2 405
1 115
2 23
2 224
2 421
1 38
1 330
1 186
1 455
1 138
1 108
2 80
2 121
1 272
2 461
2 257
2 340
2 321
1 191
2 7
2 170
1 128
2 139
1 184
2 297
1 271
1 318
1 271
1 385
1 41
2 62
2 265
1 20
1 115
1 334
2 25
2 368
1 205
1 317
1 303
1 61
2 369
1 274
2 168
2 385
1 207
1 356
1 199
2 57
1 289
1 286
2 244
1 168
1 11
2 39
2 302
1 237
1 181
2 13
1 21
2 259
2 194
2 198
2 193
1 410
2 199
2 145
1 200
2 93
2 1
1 375
1 83
1 175
2 474
2 315
1 287
2 220
2 243
1 77
1 227
1 268
1 32
2 219
1 429
1 442
2 147
1 286
2 279
1 195
1 351
2 97
2 138
2 469
1 438
2 315
1 382
2 293
1 199
1 497
2 27
1 111
2 457
1 105
1 207
2 339
2 12
1 46
2 104
1 28
2 263
2 260
1 129
2 261
2 268
2 9
1 46
2 170
2 366
1 90
1 424
1 481
2 215
1 83
1 243
2 62
2 157
1 205
2 226
2 315
2 74
2 490
2 441
2 325
1 284
1 229
2 46
2 494
1 86
1 430
2 390
2 185
1 312
2 182
2 206
1 381
2 170
1 453
1 380
1 119
2 247
1 74
1 408
2 404
1 346
2 174
1 27
1 133
2 451
2 227
1 162
1 138
1 181
1 145
2 71
1 279
1 111
1 461
1 122
1 363
1 400
1 55
2 98
2 117
1 353
2 55
2 6
1 50
2 337
1 99
1 309
2 429
2 81
2 141
1 457
2 21
1 243
2 486
1 466
1 239
1 1
2 36
1 40
2 192
1 483
1 135
2 371
2 62
2 304
1 356
1 56
2 171
1 155
2 489
1 462
2 290
1 75
2 468
1 114
2 342
1 5
1 238
2 391
2 29
1 352
1 9
1 464
2 57
2 187
1 90
2 476
2 314
2 408
2 164
2 144
2 172
1 185
2 226
2 412
1 472
2 341
1 22
2 10
2 479
2 476
1 49
2 151
1 353
1 495
2 134
1 225
2 489
2 65
1 335
1 171
1 91
2 489
1 19
2 394
2 399
2 417
2 24
2 12
1 328
1 96
2 347
2 117
2 81
2 252
1 361
1 425
2 285
1 266
2 264
1 152
1 232
1 312
2 338
2 335
2 181
1 329
2 454
2 418
2 477
2 154
2 443
1 491
2 195
2 233
1 268
1 323
2 155
1 458
1 309
1 360
2 73
1 71
2 484
1 265
2 157
1 1
2 199
1 29
1 100
2 203
2 497
1 69
2 11
1 347
2 21
1 11
1 246
1 324
2 69
1 41
2 357
1 27
2 385
2 448
1 168
2 202
1 28
1 18
1 500
1 61
1 274
2 317
2 356
1 451
2 79
1 353
2 385
1 342
2 286
2 252
2 143
2 320
1 426
1 412
2 405
1 149
1 246
2 252
1 309
2 378
2 46
1 26
1 461
2 50
2 359
2 403
1 457
2 375
1 264
1 11
1 461
2 402
2 327
2 160
2 207
2 226
1 470
2 33
2 469
1 381
2 234
2 32
1 61
2 424
1 396
1 196
2 444
2 415
1 101
1 257
1 314
1 263
2 232
1 65
1 229
2 82
2 284
1 4
1 224
2 20
2 360
2 475
2 311
2 425
2 166
2 422
2 14
2 466
2 332
1 500
1 179
2 374
1 46
1 157
2 156
1 240
1 390
1 22
1 307
1 315
1 330
1 7
2 124
1 291
2 353
1 219
2 223
1 344
1 173
2 389
2 28
1 48
1 45
2 321
2 219
2 27
1 427
2 243
1 356
2 209
1 175
2 91
2 222
1 16
2 138
1 427
1 383
1 287
1 394
2 130
1 446
1 364
1 40
1 273
2 342
2 455
1 111
2 264
2 34
1 431
1 35
2 41
1 182
2 197
2 137
1 391
1 186
1 305
2 63
1 324
1 262
1 124
2 378
2 409
2 18
2 434
2 399
1 174
1 4
1 358
2 399
1 426
1 205
2 13
2 160
1 375
2 317
1 497
1 236
2 456
1 447
1 158
2 67
2 276
2 52
1 415
1 233
1 386
1 422
1 56
2 85
1 58
2 279
1 446
2 311
2 268
2 142
2 454
2 107
2 335
1 66
2 107
2 440
1 440
1 241
2 498
2 129
2 77
2 109
1 273
2 275
1 231
1 316
1 328
1 117
1 431
1 262
1 332
1 233
2 119
1 470
1 150
1 171
2 356
2 452
2 253
1 20
2 494
1 19
2 461
2 187
1 168
1 133
1 353
2 474
2 190
2 439
1 392
2 122
1 91
2 376
2 299
2 325
1 82
2 168
2 181
1 286
2 6
1 404
1 134
2 181
1 24
2 219
2 431
1 14
2 412
2 363
1 136
2 205
2 86
2 111
1 78
1 466
2 165
2 293
2 450
2 474
2 295
1 387
2 383
2 97
1 141
2 356
1 201
1 345
1 136
2 404
1 55
2 500
2 442
1 369
2 320
1 363
1 237
2 190
2 353
1 413
1 448
1 121
2 383
2 434
2 124
2 288
1 410
2 248
2 283
2 93
1 310
2 68
2 407
2 165
1 247
2 105
1 400
2 194
2 246
1 5
2 168
1 250
2 430
2 279
1 113
2 18
2 177
1 173
1 397
2 195
2 118
1 41
2 79
1 3
1 65
2 44
2 150
1 13
1 290
1 495
1 14
1 380
2 152
1 126
2 93
1 395
1 322
2 430
1 21
2 76
2 439
2 21
2 264
1 372
2 325
1 158
1 82
1 232
2 293
2 133
2 380
1 446
2 314
1 453
1 308
1 123
1 498
2 38
2 176
2 165
1 479
2 42
1 64
2 496
1 482
2 241
2 8
1 414
2 413
1 7
1 245
2 170
1 271
2 355
2 320
2 150
1 193
2 209
1 168
1 316
2 184
1 213
2 445
1 364
1 343
1 429
2 350
1 33
1 157
2 122
1 257
1 273
1 166
2 409
2 388
1 185
1 131
1 466
1 375
2 285
1 402
2 360
2 163
1 75
2 130
1 146
2 319
1 40
2 102
1 21
2 376
1 264
1 307
1 285
2 262
2 102
1 134
1 266
1 57
1 466
2 240
2 277
1 232
1 246
2 319
2 25
1 176
2 52
1 370
1 366
2 257
1 146
1 133
1 389
2 455
1 79
1 316
2 104
2 226
2 231
2 319
2 90
1 247
2 179
1 181
2 451
2 216
1 30
1 359
1 92
1 123
2 359
1 229
1 188
2 15
1 203
2 376
1 31
2 285
2 90
2 457
1 253
1 488
1 75
1 403
2 363
2 189
1 166
2 387
2 427
2 474
2 86
2 273
1 323
2 176
2 373
2 156
2 360
2 462
2 193
1 453
2 240
2 128
2 113
2 109
1 415
1 168
1 134
1 467
2 200
2 221
1 479
1 400
1 223
2 124
2 76
1 469
2 68
2 423
2 463
2 72
2 316
2 229
1 383
2 406
1 41
1 6
2 205
2 209
1 470
1 193
2 408
1 64
2 110
1 359
1 369
1 300
1 21
1 485
2 427
1 336
2 219
2 338
1 98
1 54
2 229
2 315
1 260
1 315
2 216
2 292
1 455
2 119
2 323
1 81
2 345
1 67
1 109
1 191
1 449
1 476
1 194
1 165
2 20
2 25
2 356
1 170
1 111
1 488
2 243
1 33
1 335
2 355
2 3
2 352
2 140
2 332
1 469
2 138
1 31
2 74
1 330
2 399
1 234
1 76
2 157
1 268
1 59
1 138
2 18
1 215
2 168
2 194
1 247
1 475
2 198
1 15
2 346
2 171
1 151
1 260
2 206
2 354
1 352
1 324
2 333
1 81
1 288
2 340
1 162
1 311
2 418
2 237
2 89
2 194
2 5
2 102
1 183
2 325
1 298
1 458
1 389
2 334
2 165
2 62
1 190
1 36
2 48
1 370
2 383
2 79
2 72
1 300
1 135
1 492
1 123
2 266
2 339
2 391
2 475
2 32
1 176
2 271
1 43
1 64
2 258
1 15
2 174
1 435
1 289
1 443
2 226
1 477
2 158
1 271
1 172
2 148
2 221
1 274
2 261
2 39
1 331
2 199
1 70
2 163
1 410
2 324
2 165
2 255
1 20
1 158
2 32
2 389
1 222
2 219
1 351
2 351
2 14
2 184
2 33
1 293
1 155
1 281
2 268
2 344
2 264
2 329
1 157
1 399
1 232
2 63
1 225
1 115
1 166
1 173
2 348
2 344
1 432
1 24
1 363
2 190
1 72
2 421
1 440
2 458
2 435
1 104
2 285
1 249
2 220
2 1
2 237
1 272
1 172
2 423
1 365
2 159
1 335
2 16
1 397
2 296
2 344
2 46
2 321
1 431
1 66
2 310
1 478
2 25
2 227
1 182
2 412
2 231
1 271
1 19
1 70
1 54
2 416
2 393
1 244
2 479
2 457
1 314
2 220
2 287
1 138
2 241
1 13
2 146
1 68
1 154
2 33
1 401
1 10
1 388
1 320
1 414
2 6
1 415
2 122
2 23
2 373
2 11
2 85
1 372
1 375
2 492
2 436
1 206
1 37
2 51
2 459
1 337
1 247
2 40
1 155
1 478
1 176
1 116
1 347
2 115
2 364
1 479
2 350
2 96
1 277
1 446
2 314
1 402
1 236
1 428
2 355
2 270
2 97
2 142
2 224
2 368
2 214
1 89
2 30
2 5
1 34
1 393
2 436
2 259
1 88
1 61
1 294
1 324
1 67
1 37
1 74
1 228
2 249
1 54
2 352
1 437
1 211
2 84
1 327
1 169
1 379
2 60
2 263
2 414
2 52
1 322
2 353
2 116
1 216
2 232
1 430
1 157
1 200
1 138
2 286
1 292
1 386
2 188
1 86
1 180
2 403
2 466
1 401
2 61
2 453
1 388
1 163
1 225
1 487
1 388
1 167
1 436
2 382
2 404
2 76
1 308
2 84
2 438
2 57
1 453
2 493
1 94
2 235
1 368
2 180
1 345
1 139
1 454
1 106
1 191
1 441
1 12
1 326
2 212
1 150
1 242
1 207
2 148
2 4
2 366
2 474
1 85
1 341
1 484
1 247
1 479
2 227
1 415
1 142
1 433
2 494
1 284
1 212
2 345
2 150
1 102
2 419
1 235
2 75
1 408
1 95
2 360
2 80
1 372
1 104
1 216
2 33
1 500
1 134
1 162
2 53
2 406
2 152
1 433
2 209
2 252
2 79
2 475
1 89
1 83
1 353
2 344
2 2
2 332
2 187
2 418
2 108
2 414
2 166
1 189
1 390
1 28
1 403
1 330
2 51
1 238
2 62
2 491
2 275
1 198
2 314
2 404
2 141
2 384
1 218
1 31
1 216
1 427
1 115
1 312
2 20
2 419
2 481
2 144
2 230
2 68
2 159
2 20
2 491
2 308
1 178
1 167
2 451
1 362
2 53
2 229
1 425
2 5
2 407
1 12
1 192
2 234
1 253
2 204
2 7
2 302
2 52
2 429
1 414
2 418
1 315
1 390
1 496
1 348
1 393
2 93
1 141
1 489
2 431
1 487
2 54
2 473
2 109
1 458
1 192
2 43
1 372
1 449
2 177
2 120
2 359
1 356
1 389
1 244
2 387
2 256
1 223
1 396
2 481
2 408
1 79
1 234
1 382
1 168
1 182
2 331
2 350
1 392
2 234
2 409
1 69
1 412
2 96
2 473
1 364
1 452
1 330
2 96
2 70
2 472
1 402
1 144
2 44
2 193
2 373
1 248
1 117
2 84
1 170
2 492
2 288
2 326
2 331
2 383
1 36
2 151
2 212
1 243
2 32
1 31
2 389
2 198
2 141
2 421
1 189
1 194
2 58
1 149
1 144
1 287
2 90
1 319
2 435
1 56
2 349
1 75
2 68
1 445
2 256
2 222
2 128
1 125
2 139
2 72
1 8
2 165
2 500
2 398
1 248
2 104
1 242
1 36
1 301
2 222
2 345
2 353
2 210
2 9
1 453
2 334
2 495
1 409
1 184
1 279
1 462
2 379
1 412
2 69
2 247
1 121
2 436
2 267
1 5
1 197
2 412
1 121
1 231
1 399
2 39
2 198
2 263
1 408
2 194
1 239
1 469
2 383
1 387
2 401
2 128
1 51
2 331
1 444
1 53
1 476
2 223
2 443
2 452
1 159
1 29
2 437
2 311
2 105
2 172
2 439
1 306
1 190
2 365
2 50
1 327
2 7
1 401
1 385
1 3
1 201
1 144
1 84
2 12
1 3
2 397
1 334
1 487
2 42
2 7
2 267
2 319
2 233
2 426
1 275
2 365
2 16
1 316
2 314
1 139
2 362
1 314
2 88
1 69
1 150
1 72
1 260
2 392
2 461
1 314
2 450
1 414
2 185
2 415
2 260
1 371
1 439
1 168
2 483
2 8
1 164
2 399
2 321
1 119
1 311
1 72
1 109
2 428
1 418
2 496
2 247
1 298
1 49
1 64
2 406
2 366
2 353
1 343
1 257
1 11
1 393
1 31
1 419
2 147
1 5
1 12
2 359
1 140
2 479
2 493
1 477
1 304
1 325
1 355
2 459
2 352
1 298
2 57
1 45
2 51
2 48
2 3
1 76
2 368
1 49
1 141
1 69
1 207
2 293
2 325
1 277
2 307
1 263
2 142
2 269
1 59
1 458
2 277
2 407
1 142
1 355
1 333
2 429
2 19
1 451
2 325
2 223
2 4
2 197
2 143
2 189
2 336
1 466
1 383
1 107
1 31
2 158
2 439
1 253
2 307
2 151
2 281
1 465
2 210
2 281
2 181
2 257
1 467
1 479
2 298
2 372
1 101
2 43
1 467
2 495
1 498
1 108
1 223
1 414
1 437
2 136
2 15
2 337
2 318
2 181
1 104
2 295
1 433
2 95
1 131
2 376
1 290
2 110
1 406
2 296
1 421
2 163
1 27
2 268
1 165
2 311
1 353
2 176
1 293
1 388
1 414
2 255
1 245
1 215
1 91
1 344
2 145
1 298
2 356
1 367
1 218
1 492
1 134
2 58
2 140
2 202
2 59
1 256
2 172
2 157
1 184
1 476
1 209
1 351
1 43
2 83
1 394
1 329
1 444
1 306
2 183
2 136
2 166
2 248
2 65
1 302
2 255
1 428
2 403
1 378
2 495
1 204
1 238
1 119
2 121
1 264
2 282
2 396
1 493
2 136
1 398
1 158
1 67
2 318
2 67
2 413
2 6
1 152
2 351
2 424
2 46
2 126
1 289
2 479
2 15
1 190
1 255
2 267
2 488
1 289
1 130
2 466
2 20
2 230
1 91
2 341
2 43
1 168
2 338
1 315
1 463
2 467
1 55
2 390
1 168
2 447
2 83
1 283
2 85
1 324
2 16
1 15
1 481
1 92
1 31
2 373
1 115
2 415
2 423
1 63
1 186
2 238
2 477
2 75
2 384
1 235
1 414
1 161
1 135
2 416
1 363
1 11
2 479
2 497
2 432
2 195
1 272
1 90
1 304
1 160
1 61
1 291
1 347
2 220
1 259
2 147
2 274
2 449
1 137
1 357
1 356
2 389
2 334
1 78
1 493
2 29
1 483
2 231
2 325
1 162
1 436
1 408
1 20
2 17
1 154
2 76
2 275
1 340
2 294
2 450
1 358
1 191
1 352
1 372
1 223
1 463
2 45
2 424
2 227
1 72
1 17
2 92
2 463
2 103
1 52
1 245
2 85
1 100
1 61
2 464
2 356
1 145
2 148
1 169
1 212
1 457
1 239
2 370
2 331
2 160
1 228
1 142
2 43
2 248
2 64
2 238
2 193
1 375
1 154
2 418
2 283
1 444
2 274
2 277
2 137
1 190
2 43
1 29
1 424
1 188
2 191
2 462
2 11
1 74
1 379
2 380
2 69
2 237
1 487
2 150
1 300
1 340
1 23
1 279
1 495
2 137
2 243
1 271
2 433
2 268
2 39
2 27
2 321
2 301
1 275
1 135
1 493
1 120
2 193
1 461
2 364
2 76
2 46
1 63
1 394
2 345
2 329
2 391
1 134
2 161
1 197
2 38
2 472
2 204
1 54
1 54
1 464
2 80
2 179
1 190
1 324
1 356
2 257
2 358
1 493
1 1
2 16
1 378
2 46
2 2
1 448
2 221
2 388
1 123
1 441
1 489
2 198
2 473
1 147
1 47
2 199
2 180
1 289
2 52
1 489
2 285
1 459
2 50
1 304
1 263
2 335
1 65
1 152
2 189
1 366
2 288
1 134
2 481
1 375
1 107
2 288
1 2
1 248
2 296
1 426
1 500
2 13
1 496
1 100
2 165
2 271
2 84
1 123
1 29
1 299
1 64
1 379
1 35
1 172
1 29
1 92
1 210
1 443
2 472
1 241
1 210
1 144
2 119
2 60
1 116
1 135
2 499
2 300
1 490
1 67
2 69
1 250
1 114
2 186
2 86
2 424
1 290
1 292
1 186
1 407
2 265
2 35
1 405
2 149
2 306
2 469
1 225
1 355
1 410
1 274
1 318
2 495
2 468
1 367
2 341
2 9
1 314
1 221
1 378
2 168
2 435
1 260
2 354
1 348
2 357
2 462
2 374
1 133
2 446
2 198
1 272
1 243
2 101
2 358
1 183
1 364
1 161
2 480
1 292
1 333
2 152
1 323
2 454
2 218
2 306
2 36
2 324
2 365
2 93
1 106
1 99
1 449
1 296
1 477
1 107
2 88
2 159
1 135
1 216
1 214
2 322
2 301
1 231
2 422
1 239
2 303
2 200
2 300
1 30
2 435
2 289
1 99
2 283
2 262
1 289
2 223
1 428
2 107
1 392
1 333
1 259
2 170
1 89
1 305
2 450
2 107
1 112
2 389
1 289
1 96
2 477
1 391
1 44
2 413
2 81
1 120
2 84
1 148
2 111
2 143
1 191
2 1
2 305
2 400
2 243
2 226
2 164
1 326
1 168
1 198
1 187
1 438
2 459
1 147
2 38
2 332
1 241
1 234
2 425
1 341
2 480
1 89
1 385
1 407
2 355
1 300
1 421
1 16
2 175
1 299
1 154
1 143
1 166
2 290
1 214
1 460
2 48
1 40
1 165
1 336
2 402
1 412
1 77
2 53
2 440
2 166
2 37
1 338
1 388
2 143
2 257
1 498
1 1
2 87
2 335
2 183
1 262
2 261
1 225
2 440
2 368
2 109
1 264
2 457
1 425
2 456
2 52
2 336
1 342
2 68
1 49
1 115
1 400
2 147
2 40
1 141
2 42
2 14
2 399
1 308
1 272
1 356
2 68
1 78
2 318
2 288
1 450
1 175
1 129
2 474
1 110
1 130
2 66
2 307
2 316
2 140
2 82
2 261
2 38
1 262
2 186
2 72
2 155
1 484
2 270
2 154
2 274
2 381
1 277
1 8
1 358
2 30
2 345
1 291
2 331
1 441
1 157
2 2
2 110
1 297
1 498
1 462
1 84
2 315
1 86
1 7
2 172
1 233
1 29
2 250
2 131
2 430
2 55
2 449
1 472
2 247
1 46
2 93
2 255
2 44
1 284
1 134
2 437
1 322
2 92
1 379
1 114
1 360
1 90
1 35
1 404
1 383
2 194
2 281
1 437
1 491
1 225
1 174
2 341
2 181
1 270
2 6
2 218
2 254
1 25
2 73
1 126
2 229
2 133
2 470
2 185
1 288
2 435
2 274
2 11
1 58
2 365
2 367
1 132
2 93
1 113
2 83
1 323
2 408
2 172
2 375
1 40
1 468
1 178
2 100
2 47
2 321
2 424
2 344
2 159
2 62
2 305
1 360
1 159
2 434
1 347
2 241
1 322
1 211
1 301
1 40
2 171
1 257
1 46
1 352
2 240
2 327
2 260
2 24
1 157
2 303
1 117
2 93
2 103
1 142
2 169
2 249
2 244
2 136
2 308
2 197
1 455
1 296
2 414
2 336
1 479
2 277
1 33
1 90
2 229
2 389
2 115
2 88
1 345
2 498
2 266
1 256
1 70
2 286
2 73
1 256
2 316
1 202
1 106
2 335
1 373
2 82
2 64
1 196
1 96
1 264
2 240
2 432
2 421
1 347
2 395
1 248
1 338
2 409
2 240
1 480
1 170
1 451
2 434
1 492
2 191
1 241
1 274
2 294
2 94
1 39
1 94
1 197
2 87
2 226
1 52
2 289
2 118
2 453
1 89
1 432
2 51
2 413
2 49
1 19
1 198
2 333
2 195
1 73
2 337
1 458
1 355
1 108
1 189
1 227
2 208
2 407
1 35
2 434
2 229
1 428
1 213
1 420
2 140
1 391
1 142
1 216
1 297
2 171
2 87
1 465
1 408
1 255
1 246
2 376
1 344
2 251
1 414
1 18
2 14
1 232
2 459
2 354
1 122
1 444
1 125
2 57
1 336
2 325
2 351
1 55
2 206
2 306
2 31
1 375
1 83
2 402
1 257
2 149
1 334
1 289
2 56
2 342
2 8
2 472
1 218
1 108
1 386
1 394
1 237
2 311
2 79
1 212
2 170
1 65
1 8
2 462
2 402
2 454
2 321
2 470
2 154
1 314
2 343
2 307
2 327
2 249
2 181
2 240
1 376
1 205
2 360
1 298
2 173
2 373
2 231
1 383
1 124
1 126
1 255
1 396
2 401
1 190
2 308
2 134
1 436
2 270
2 208
2 112
1 373
1 77
2 178
2 338
2 359
1 118
2 395
1 397
2 9
1 227
1 218
2 55
2 403
1 152
1 95
2 194
1 98
1 70
1 80
1 280
1 371
1 402
2 262
2 264
1 236
1 142
1 54
1 310
1 372
2 418
2 75
2 434
2 232
2 4
2 262
2 249
1 384
1 101
1 152
1 119
1 57
1 45
2 308
1 418
2 167
2 145
2 149
1 469
1 433
1 43
1 107
2 30
1 144
1 487
1 49
1 387
2 217
2 419
1 136
2 203
1 375
2 247
1 129
2 107
2 39
2 458
2 143
2 486
2 320
2 286
1 430
1 177
1 454
2 22
2 283
1 95
1 274
2 385
1 259
2 314
2 492
1 293
1 110
2 476
1 103
2 353
1 284
2 177
2 124
1 30
1 273
1 415
2 168
2 448
1 142
1 75
2 385
2 322
1 497
1 479
2 58
1 482
1 360
2 134
2 208
2 241
2 490
2 231
2 306
1 287
2 143
2 283
2 431
1 225
1 253
2 230
2 238
1 356
1 222
2 432
2 356
1 465
2 31
2 206
1 225
1 134
2 204
1 98
1 223
1 265
1 228
2 138
1 206
2 415
2 185
1 59
1 222
1 237
1 218
1 87
1 285
1 13
1 339
1 473
2 283
1 388
1 84
2 475
2 221
2 67
1 439
2 149
1 500
2 263
1 178
2 363
1 272
2 301
1 484
1 374
1 215
1 276
1 490
1 438
2 195
1 172
2 332
1 144
1 205
1 401
1 106
2 196
2 490
1 190
2 473
2 91
2 28
1 188
1 319
2 284
2 332
2 497
1 126
1 347
1 397
2 416
1 213
2 230
1 310
2 27
2 186
2 173
2 334
2 286
1 189
2 369
2 375
2 388
2 357
1 182
2 184
2 255
1 59
1 302
2 107
1 355
1 296
2 356
2 91
1 484
1 414
1 4
2 69
2 141
2 476
1 29
2 123
2 110
2 471
2 253
2 442
2 220
2 486
2 69
1 420
2 59
1 108
1 474
1 156
1 452
2 139
2 493
2 115
2 146
2 217
1 13
2 357
1 247
1 159
1 121
1 72
1 263
2 297
1 207
2 53
1 435
1 138
1 304
2 234
2 189
1 199
1 460
2 285
2 100
2 226
1 373
2 103
2 327
1 75
2 352
2 191
1 170
1 417
1 284
1 274
2 452
1 26
2 230
1 469
2 105
1 401
2 342
2 315
2 254
2 53
2 368
2 447
2 423
2 362
1 365
1 30
1 311
2 78
2 69
2 369
1 444
2 353
1 476
2 158
1 408
1 390
2 305
1 163
2 198
2 284
1 12
1 229
1 424
2 214
1 57
2 16
1 55
1 489
1 387
1 463
1 208
1 420
1 39
1 238
1 106
2 2
2 390
1 291
1 388
1 157
1 290
2 148
2 392
1 78
1 134
1 423
2 95
1 352
2 424
2 221
2 313
1 350
2 303
1 220
2 347
1 338
2 400
2 333
1 325
1 69
1 154
1 150
1 185
2 381
1 441
2 341
2 26
1 11
1 33
1 222
2 106
1 15
2 248
2 296
1 461
2 381
1 60
1 213
1 30
2 56
1 249
1 279
1 289
2 454
2 19
2 199
1 438
1 480
1 264
1 109
1 196
1 41
2 371
1 202
2 50
2 426
2 356
1 424
1 345
2 316
2 404
2 190
2 80
2 230
2 500
2 271
2 180
2 153
1 416
2 154
1 315
1 264
2 135
2 166
2 416
1 193
2 200
1 363
2 107
2 325
1 283
2 153
1 258
2 215
2 11
2 138
1 300
2 348
1 292
2 265
2 198
2 229
2 43
2 27
2 183
1 106
2 298
1 278
2 415
2 80
2 65
2 454
1 470
2 1
1 18
2 319
1 426
2 316
1 489
1 320
1 397
2 488
2 35
1 453
2 314
1 77
1 249
2 93
1 35
2 182
1 62
1 323
2 250
1 306
1 331
2 113
1 401
2 126
2 422
1 87
2 110
1 464
1 250
1 131
1 352
1 40
2 15
1 399
1 351
1 57
2 32
1 260
2 474
2 423
2 315
1 481
1 377
1 133
1 351
2 261
1 426
1 115
1 365
2 259
2 421
2 248
1 336
2 440
2 96
2 55
1 224
2 185
1 478
2 77
1 283
2 382
1 341
1 203
2 360
2 272
1 127
2 288
2 229
2 271
1 293
1 437
1 212
2 467
1 141
2 369
2 84
1 482
1 97
1 332
2 496
2 292
2 473
2 437
1 10
2 81
1 236
1 170
1 490
1 489
2 383
2 405
1 459
2 445
2 274
1 215
1 379
2 244
2 437
1 108
1 90
2 100
1 58
2 125
2 256
2 29
1 173
1 159
2 172
2 390
2 231
1 66
2 462
2 163
2 192
2 48
1 311
2 311
1 267
2 266
2 399
2 216
1 80
2 54
1 181
2 47
1 250
2 371
1 477
1 314
2 8
2 154
1 212
1 241
1 102
1 56
1 4
1 274
2 202
2 185
1 473
1 145
2 400
2 286
1 252
2 248
2 15
2 132
1 68
1 260
2 230
2 20
2 290
1 168
2 472
1 373
2 139
2 19
1 235
1 266
2 106
2 449
1 266
2 50
1 156
2 354
1 475
2 322
1 18
2 107
1 44
2 138
1 199
1 424
1 311
2 124
1 406
1 91
2 356
1 207
1 152
1 100
2 285
2 95
1 261
2 495
2 384
1 191
1 139
1 219
2 7
1 420
1 118
2 434
2 2
1 336
1 52
1 484
1 208
1 341
2 130
1 125
2 319
2 299
1 132
2 258
1 63
1 401
1 40
1 4
2 326
1 398
2 479
2 416
1 310
1 6
1 91
1 8
1 500
1 219
1 27
1 121
2 5
1 472
1 207
2 289
1 18
1 260
1 271
2 386
1 431
2 223
2 77
2 134
1 240
1 411
1 180
1 58
1 405
2 432
2 208
1 143
2 109
1 425
2 281
1 311
2 256
2 287
1 115
2 112
2 124
1 324
2 405
1 191
2 262
1 420
2 45
1 398
2 19
1 384
2 187
1 361
1 78
1 478
2 420
2 251
2 314
1 50
2 307
1 379
2 417
1 241
2 415
1 317
1 163
1 84
2 245
2 143
2 296
1 219
2 60
2 461
2 394
1 295
2 453
1 473
2 27
2 33
1 203
1 227
2 401
1 214
1 106
1 320
2 327
1 467
1 358
1 462
2 289
2 303
1 134
2 462
1 488
2 453
1 196
2 258
1 341
2 93
1 178
1 199
1 153
2 93
1 444
2 113
2 15
2 326
1 190
2 11
2 133
1 70
1 494
2 424
1 150
1 280
2 132
1 35
1 494
2 146
1 33
1 22
2 24
2 398
2 485
2 241
1 372
1 445
2 489
1 199
1 88
1 168
2 159
1 206
1 181
2 293
2 460
1 464
1 12
2 48
2 269
2 466
1 302
1 357
1 482
2 131
2 88
2 491
1 204
1 101
1 399
1 449
1 59
1 193
2 124
2 271
2 233
1 384
1 201
1 176
1 350
1 454
2 308
1 34
1 492
2 395
1 380
2 451
1 458
1 64
1 88
1 326
1 125
2 353
1 153
1 359
1 38
2 291
2 460
1 356
2 310
2 44
2 149
2 183
2 342
1 40
2 284
2 100
1 425
1 233
2 184
1 431
2 460
2 65
2 396
2 74
1 375
2 98
2 315
1 481
1 230
1 436
2 88
2 272
2 43
2 293
1 152
2 298
2 295
1 381
2 338
1 100
1 423
2 87
2 181
2 97
1 439
1 274
1 271
2 390
2 253
2 390
1 257
2 14
1 252
2 94
1 200
2 153
1 93
2 63
2 158
2 34
1 42
2 473
1 408
2 476
1 397
2 416
2 403
2 56
2 175
2 448
2 45
1 52
1 191
1 262
1 476
1 295
1 158
2 33
2 129
2 225
2 225
1 30
1 420
2 338
2 290
2 25
1 236
1 323
1 42
2 125
2 84
2 238
2 186
2 306
1 131
1 191
2 21
1 38
1 8
2 90
2 11
1 483
2 42
2 24
2 241
2 303
1 419
2 65
1 163
1 270
2 103
1 203
2 235
2 266
1 467
1 243
1 321
2 76
1 381
2 148
1 99
2 149
1 343
2 121
2 286
1 353
1 53
2 362
2 499
1 381
1 335
2 295
2 199
1 369
2 320
1 404
2 318
2 288
1 469
1 220
2 2
1 494
1 331
1 193
2 187
2 146
2 399
1 27
2 161
2 379
2 115
2 251
1 39
1 296
2 149
2 113
1 291
2 56
2 166
1 153
1 376
2 76
1 90
1 74
2 201
1 435
2 86
2 450
1 426
2 483
1 316
2 76
1 405
2 430
1 82
1 125
2 232
1 434
1 6
2 128
1 310
1 224
1 302
2 371
2 474
2 152
2 152
2 98
1 61
2 182
1 460
1 302
1 210
2 217
2 93
1 272
2 257
2 150
1 223
1 136
1 77
2 336
1 70
2 487
1 311
1 124
2 326
2 314
2 364
1 101
1 373
1 358
2 70
2 38
1 379
2 192
2 163
2 34
1 164
1 214
1 40
2 244
2 465
2 103
1 86
2 136
1 278
2 438
2 204
2 342
1 351
2 388
1 412
2 449
2 496
1 400
2 350
1 103
2 404
2 346
1 111
2 151
1 178
2 86
2 267
1 314
1 312
2 335
2 177
2 149
1 445
2 59
1 396
2 164
2 70
1 140
1 194
2 68
2 231
2 251
2 432
1 466
1 468
1 318
1 435
2 316
2 219
1 376
1 238
1 264
2 253
1 339
1 46
1 317
1 262
2 124
1 335
1 289
1 93
1 446
2 276
2 257
1 338
2 311
2 376
2 234
1 182
1 425
2 181
2 206
1 160
2 135
1 474
2 147
2 381
1 445
1 204
1 2
2 38
1 468
2 90
2 244
2 124
1 53
1 409
1 245
1 291
1 265
1 6
2 182
1 355
2 394
1 32
2 451
2 410
1 333
1 470
1 326
2 243
2 396
2 488
1 422
1 75
1 246
2 449
2 318
2 405
2 212
1 309
1 356
2 431
1 422
1 467
2 492
1 329
2 64
2 83
1 298
2 375
2 89
2 174
2 477
1 469
2 218
1 54
2 200
2 465
2 236
2 71
1 492
1 170
1 420
1 245
2 261
2 464
2 146
2 107
1 418
1 162
2 205
1 60
1 52
1 376
2 158
1 218
1 197
1 409
1 491
2 185
2 475
1 452
1 136
1 94
2 485
2 40
2 174
2 296
2 326
2 216
2 321
2 484
2 172
1 337
2 396
2 265
2 372
1 342
2 126
2 263
1 394
1 151
2 104
1 144
2 321
2 264
2 495
2 361
2 491
1 181
1 69
2 460
1 365
1 150
1 440
2 451
2 418
2 400
1 251
2 302
2 105
1 63
2 16
1 117
1 120
2 95
1 446
2 332
1 208
2 3
2 97
1 480
2 258
1 388
1 477
2 430
2 458
1 31
2 414
1 478
2 296
1 425
2 478
1 254
2 440
1 36
2 413
1 403
1 97
1 29
2 330
1 5
2 301
2 259
1 182
1 451
1 12
2 422
2 334
1 378
2 135
2 13
2 279
1 216
2 204
1 299
1 53
2 320
2 189
1 419
2 18
1 52
2 447
1 370
1 352
2 256
2 159
1 385
2 183
1 311
2 48
1 272
2 115
1 453
2 373
1 377
2 443
1 419
2 457
1 20
1 386
1 498
1 396
2 480
1 187
1 168
1 454
2 186
1 234
2 223
1 213
2 348
1 83
2 396
2 258
1 198
1 43
1 39
1 78
2 219
1 12
2 349
1 29
2 33
1 377
2 72
2 410
2 96
1 389
1 382
2 259
2 494
2 274
1 442
2 402
1 318
1 398
2 379
2 405
2 392
2 370
2 221
2 234
1 474
1 160
2 472
1 285
2 218
2 349
1 113
1 170
2 15
1 301
2 198
2 156
1 337
2 404
1 359
2 77
1 110
1 38
1 153
1 102
1 232
1 232
2 404
1 275
1 173
2 163
1 131
1 162
2 46
2 227
1 53
1 87
2 391
1 448
1 149
2 117
2 203
2 225
1 102
2 23
1 277
2 199
2 354
1 429
2 277
2 6
2 162
1 195
2 271
1 448
1 395
1 300
2 412
1 202
2 226
1 342
1 113
1 260
1 252
1 69
1 194
1 60
1 370
2 260
1 100
2 59
1 270
1 90
1 233
2 398
1 219
1 311
2 131
1 148
1 109
1 113
2 142
2 362
2 279
2 2
1 327
2 372
1 270
2 481
2 456
2 312
1 470
2 356
1 44
2 186
2 71
1 159
1 322
1 74
1 492
2 478
1 487
2 117
2 13
1 463
1 328
1 345
2 100
1 452
1 407
2 148
2 287
1 392
1 29
2 208
1 243
2 41
1 237
2 338
2 106
1 69
2 277
2 285
2 317
2 372
2 225
2 51
2 28
1 119
1 110
1 279
1 362
2 433
1 327
1 198
2 273
1 69
1 383
1 426
2 294
2 273
1 167
2 29
1 468
2 453
2 324
2 280
2 401
2 486
2 334
2 363
2 153
1 8
2 341
2 85
1 81
2 151
2 235
2 144
1 29
1 482
1 30
2 388
1 325
2 360
2 408
2 469
1 210
1 446
1 260
1 183
1 90
2 142
1 216
2 377
1 84
1 448
2 470
2 98
2 412
2 157
2 383
2 230
1 452
2 493
2 408
2 106
2 212
2 172
1 383
1 22
1 109
2 282
1 156
2 76
2 187
1 237
1 60
1 13
2 344
1 425
2 32
1 99
2 128
1 21
1 169
2 327
2 363
1 206
1 486
1 436
2 365
1 446
2 193
1 287
1 315
1 138
2 445
1 293
2 357
1 434
2 208
2 5
1 220
2 292
1 196
2 82
1 103
2 188
2 336
2 35
2 390
1 53
1 112
2 110
1 362
1 49
2 156
2 343
2 467
1 284
1 212
2 426
1 243
2 313
2 439
2 433
1 222
2 366
2 181
2 5
1 370
2 315
1 457
2 104
1 142
2 289
1 104
1 19
1 179
2 128
2 381
1 297
2 396
1 139
2 488
2 323
1 47
2 86
1 498
2 131
1 428
2 492
1 485
2 80
1 45
1 131
1 119
2 84
2 440
1 295
1 69
2 489
2 457
1 322
1 115
1 445
1 75
1 424
2 150
2 73
2 62
2 324
2 482
2 47
1 332
2 200
1 161
1 367
2 114
1 275
1 344
2 121
1 154
1 328
1 250
1 202
1 454
2 492
2 135
1 208
1 230
2 218
1 447
1 358
1 475
1 491
1 202
2 439
1 358
1 363
2 17
1 270
2 440
2 257
1 2
1 391
2 223
1 472
2 395
1 80
1 165
1 243
2 32
1 74
2 299
1 347
1 499
2 138
1 81
1 363
2 210
2 165
1 65
2 452
2 170
2 32
1 452
2 52
2 308
2 223
1 412
2 273
1 389
1 199
1 156
2 404
2 18
1 500
1 408
2 392
2 481
1 263
1 402
1 266
2 291
1 166
1 260
2 464
2 200
1 322
2 75
2 423
1 348
1 25
1 372
1 332
1 395
1 487
1 260
1 356
1 443
1 103
2 312
1 55
2 80
1 70
1 156
1 449
2 414
2 110
2 92
1 341
2 239
2 134
1 135
1 251
2 215
1 131
1 419
2 240
1 116
2 355
2 301
2 126
1 275
2 54
2 28
1 205
2 425
1 116
2 179
2 487
2 72
1 122
1 358
1 192
1 22
1 96
1 349
2 239
2 308
2 193
2 390
2 453
1 439
2 224
2 139
2 214
1 32
2 51
2 48
1 362
1 140
1 243
1 30
1 166
2 478
2 24
2 459
1 385
2 248
1 218
1 22
2 447
2 469
1 294
2 443
2 290
1 316
1 273
1 69
2 386
1 149
2 265
2 89
2 208
1 108
2 426
1 411
1 34
2 221
2 99
1 186
1 97
2 124
1 198
1 308
1 90
1 196
1 414
1 354
2 324
2 249
2 294
2 472
1 390
2 358
1 356
2 228
1 396
2 173
2 42
1 380
2 287
1 336
2 415
2 173
1 206
1 190
2 80
1 30
2 206
1 309
2 282
1 364
2 386
2 122
2 368
2 262
2 280
2 207
2 490
2 284
2 152
1 45
1 487
2 52
1 314
1 104
2 99
2 272
1 207
2 115
2 245
1 81
2 324
2 71
2 17
1 7
2 31
1 252
2 478
2 208
2 367
2 385
2 482
1 301
1 400
2 466
2 142
1 373
2 36
2 130
2 500
1 221
2 39
1 399
1 478
2 158
1 121
2 161
1 402
2 494
1 79
2 150
1 209
1 388
1 168
2 148
2 5
1 401
2 43
1 263
2 258
1 68
1 18
1 184
1 392
2 73
1 339
1 393
2 95
2 143
1 1
1 280
2 10
2 252
1 332
1 424
2 489
1 318
2 71
2 278
2 29
1 136
1 423
2 414
2 365
1 482
2 198
2 222
2 145
2 462
1 338
1 416
1 81
1 184
2 86
2 169
2 14
2 482
1 37
2 156
2 7
2 117
1 102
1 114
1 162
2 74
2 16
2 29
1 74
1 451
1 377
2 126
1 275
2 30
2 57
2 415
2 26
1 470
2 73
1 224
2 362
1 437
2 138
1 325
2 381
1 74
2 245
1 350
1 361
2 34
1 268
2 184
2 184
1 271
1 88
1 342
2 143
2 326
1 95
1 194
2 128
1 287
1 170
2 95
2 219
2 152
1 281
2 278
1 340
1 219
1 394
2 228
1 339
2 19
2 406
1 464
2 183
1 109
2 90
2 87
2 183
1 146
2 424
1 278
1 175
2 395
1 409
1 307
2 27
2 383
1 389
1 169
2 300
2 275
2 479
1 49
1 450
2 328
1 322
1 341
1 454
2 416
1 208
1 460
1 399
1 370
2 392
1 357
2 166
1 283
1 344
1 9
1 230
2 19
2 294
2 398
2 297
2 460
1 239
2 442
2 112
2 275
2 200
2 397
2 114
1 212
1 215
2 103
1 261
2 198
1 35
2 4
2 112
1 38
1 381
2 338
1 141
1 347
1 94
2 408
1 274
1 369
1 44
2 283
1 147
1 209
2 279
1 363
1 174
1 443
1 231
1 397
2 243
2 415
1 338
1 247
2 293
2 303
1 141
2 491
2 269
2 319
2 262
2 288
2 433
1 192
2 361
2 33
2 35
2 290
1 473
2 187
2 355
1 453
1 425
2 134
2 494
1 91
2 485
1 394
2 311
1 79
2 377
1 125
1 262
2 487
1 155
2 351
2 13
1 208
1 449
1 334
1 146
2 401
1 358
1 47
2 82
2 191
2 292
1 74
1 82
1 139
1 85
2 448
2 495
1 238
1 349
1 237
1 200
2 475
2 134
2 77
1 350
1 378
2 435
2 46
1 10
2 455
1 377
1 395
1 261
1 167
2 407
2 454
1 244
2 15
2 153
2 296
1 210
2 495
1 123
1 11
2 280
2 430
2 71
1 380
2 160
1 292
1 4
2 24
2 377
1 180
1 480
2 235
1 148
2 185
1 473
1 106
1 216
1 260
1 63
2 321
1 240
1 140
1 60
2 194
2 52
2 170
2 348
1 72
2 485
2 468
2 156
1 60
2 313
1 9
2 310
2 301
1 144
1 145
2 454
1 343
2 63
1 387
1 416
2 108
1 419
2 208
1 352
2 148
1 438
1 95
1 188
2 1
2 186
2 386
2 186
1 495
1 240
2 157
2 43
1 258
2 43
2 238
1 435
1 410
2 393
1 176
2 250
1 411
2 24
1 425
2 24
2 457
2 3
2 121
1 81
1 358
2 46
1 368
1 333
2 56
2 484
2 305
2 110
1 19
2 363
2 342
1 65
1 204
1 114
1 113
1 405
1 20
1 269
1 134
2 16
2 326
1 272
1 84
2 49
2 14
1 397
2 1
1 356
2 381
2 380
2 367
2 166
1 86
2 125
2 35
2 260
1 344
2 194
2 263
1 381
1 357
1 186
1 443
2 266
2 214
2 19
1 281
1 169
2 470
1 289
2 138
1 68
2 282
2 111
2 207
1 376
2 473
1 124
2 454
2 441
1 386
2 450
1 346
2 88
1 116
2 172
1 128
2 85
1 204
2 158
1 38
2 176
1 94
1 480
1 188
1 418
2 82
1 443
1 338
1 95
2 258
1 205
1 208
2 147
2 187
1 24
2 188
1 290
1 351
1 33
1 393
1 315
2 317
2 106
1 138
1 458
1 169
1 485
1 154
2 491
2 138
1 269
2 65
1 310
2 179
1 157
1 144
2 102
1 431
2 318
1 110
2 167
1 289
2 5
1 337
2 486
1 9
1 3
2 164
1 192
1 358
1 469
2 170
1 164
1 128
2 19
2 108
1 366
1 392
2 189
2 365
2 54
2 280
1 150
2 72
2 489
2 40
2 133
2 379
1 308
1 129
1 447
1 215
1 483
2 34
2 187
2 197
1 475
2 500
1 271
2 168
2 203
2 420
2 267
1 482
1 7
1 104
2 197
1 117
2 128
1 202
1 400
1 406
2 226
2 54
2 179
1 459
2 280
1 419
2 379
1 472
1 214
2 190
1 97
1 293
1 308
1 390
2 95
2 137
2 255
2 169
2 264
2 17
2 209
2 441
2 38
2 472
2 191
1 217
2 171
2 363
1 206
1 241
1 102
2 472
1 67
1 140
1 471
1 225
2 294
2 265
2 429
2 286
1 454
1 406
1 362
1 306
2 223
1 70
1 274
1 31
2 33
1 374
2 177
1 33
1 115
1 5
2 90
1 162
2 143
1 18
1 391
2 274
1 220
2 289
1 236
1 38
2 341
2 327
1 361
1 339
2 213
2 17
1 484
2 196
1 302
2 333
1 388
1 157
2 153
1 156
1 117
2 360
2 456
2 326
1 250
2 142
1 359
1 115
2 40
1 172
2 22
2 385
2 462
2 72
1 338
2 354
1 272
2 263
2 103
1 246
1 104
2 165
2 248
2 9
1 440
1 332
1 184
1 426
1 109
2 111
1 76
1 400
2 381
1 277
2 101
1 39
2 112
2 371
2 186
2 350
2 410
1 290
1 101
1 443
2 212
2 7
2 221
1 337
2 419
2 139
2 338
2 75
2 436
2 12
2 175
2 97
2 246
2 382
2 102
1 259
2 80
1 304
1 22
1 456
1 457
2 311
1 123
2 447
1 182
1 30
1 22
2 440
1 217
2 318
1 496
1 334
1 341
2 79
1 481
2 154
2 129
1 434
2 200
1 13
2 41
1 237
2 224
1 182
1 201
2 109
1 426
2 123
1 283
1 480
2 236
2 255
1 448
2 318
2 272
1 28
2 428
1 227
2 143
1 91
2 110
2 39
2 345
2 153
1 214
1 446
2 116
2 16
2 93
1 61
1 219
1 380
1 203
1 297
1 217
2 188
1 289
1 213
1 91
2 317
1 200
1 309
2 166
1 81
1 361
2 326
1 81
2 77
2 15
2 332
2 111
1 261
1 301
2 89
2 41
2 399
1 18
2 406
1 382
1 145
2 330
1 174
1 27
1 249
2 475
1 123
2 303
2 188
1 207
1 494
2 32
1 338
1 450
2 437
1 432
2 426
1 403
2 375
2 52
2 173
1 203
2 463
2 382
1 108
1 278
1 39
2 49
1 62
2 471
1 34
1 283
2 367
2 261
1 317
1 364
2 338
1 487
1 275
1 153
1 160
1 39
1 443
1 73
1 438
2 206
2 1
1 281
2 376
2 108
1 352
1 384
2 93
1 192
2 90
2 101
2 478
2 298
1 226
1 276
2 469
2 485
2 172
2 335
2 305
2 90
2 470
2 401
1 194
2 429
2 141
2 235
1 371
1 390
2 106
2 111
1 349
1 42
1 212
1 418
2 374
2 377
2 183
2 257
1 221
2 215
2 417
2 331
2 333
1 235
1 236
1 363
1 145
1 307
1 483
1 224
2 286
1 51
1 81
2 47
2 343
2 366
2 414
1 250
1 267
1 387
1 33
2 141
2 356
2 237
1 374
1 46
2 264
2 478
1 255
1 496
1 489
2 60
1 408
2 351
1 145
2 231
2 189
2 58
1 169
1 381
1 105
2 52
1 375
2 63
2 405
2 430
2 271
1 146
2 2
1 408
1 436
2 27
1 213
1 19
1 229
2 127
2 29
2 405
2 59
2 236
2 377
2 207
1 210
1 382
1 403
2 61
1 131
2 313
1 374
2 429
1 82
2 139
1 85
2 365
1 361
1 458
1 468
2 89
1 220
1 93
2 462
2 312
2 444
2 140
2 307
1 271
1 326
2 350
2 303
1 258
2 369
2 252
1 83
1 217
2 365
2 129
2 462
1 123
2 416
1 73
2 33
2 314
1 455
2 472
2 432
2 272
1 148
2 488
1 67
1 384
2 365
1 109
1 156
2 434
2 196
1 497
1 53
2 290
2 29
2 264
1 342
2 112
1 409
2 70
1 7
1 258
2 169
1 48
1 301
2 247
1 486
2 428
1 109
2 397
1 477
1 450
1 398
2 10
1 364
1 485
1 237
1 240
2 311
2 433
2 267
2 311
1 125
1 494
1 454
1 371
1 253
1 304
1 84
2 307
2 96
2 168
1 236
2 441
2 45
2 213
2 403
2 267
2 112
1 112
2 353
1 51
2 5
1 106
2 370
1 387
1 259
2 1
1 313
2 96
1 165
2 20
2 35
1 446
2 101
2 267
2 243
2 261
1 374
1 39
1 334
1 265
1 184
2 289
1 58
2 205
1 45
2 493
2 66
1 77
2 346
1 323
1 12
1 39
1 153
2 333
1 354
2 281
2 213
1 385
1 306
2 344
1 17
1 428
2 125
2 249
1 200
2 262
2 358
1 448
2 228
1 200
1 228
2 322
2 402
1 62
2 147
2 408
2 444
2 97
1 43
2 242
1 120
2 305
2 6
1 339
2 384
2 370
1 223
1 51
1 249
2 34
2 221
2 262
1 127
1 84
1 407
2 263
1 31
2 354
1 171
2 325
1 435
1 164
2 385
2 132
1 31
2 232
2 457
2 267
1 55
2 456
1 379
2 190
1 489
2 149
1 439
2 212
1 19
1 233
2 442
1 240
1 232
1 74
1 168
2 475
1 395
1 386
2 352
2 386
2 322
2 351
1 211
2 337
2 438
2 484
1 489
2 406
1 398
2 112
1 23
1 491
2 219
2 42
1 155
2 115
1 165
2 440
1 27
1 104
1 48
2 398
1 162
2 108
2 134
2 328
1 156
2 425
1 399
1 148
2 244
1 233
2 227
1 136
2 299
2 421
1 178
1 86
2 121
2 101
1 115
2 261
1 451
2 347
1 2
2 105
1 256
2 6
1 360
2 439
1 231
2 208
1 176
2 98
1 189
2 253
1 331
1 424
2 198
1 481
1 264
2 149
1 274
1 205
2 146
2 495
1 353
1 488
2 198
2 380
1 487
2 40
2 498
2 97
1 84
2 98
1 14
1 71
2 251
2 475
1 122
2 476
1 374
2 58
1 399
1 456
1 422
2 54
2 309
2 465
1 79
2 92
1 160
1 434
2 492
2 10
1 229
2 291
1 299
1 25
1 137
2 287
1 179
1 328
1 342
2 232
2 207
2 68
1 40
1 480
2 114
1 496
1 326
1 296
2 337
2 26
1 5
1 383
2 151
2 22
2 355
2 117
2 279
1 130
1 389
1 201
1 451
1 196
1 185
2 252
2 15
2 198
2 440
2 54
2 143
2 287
1 180
2 261
1 290
1 128
2 203
1 32
2 375
2 281
1 70
1 431
1 13
2 455
1 61
1 246
2 434
1 51
2 138
2 423
1 404
1 458
2 229
2 259
2 216
2 13
1 275
2 72
1 423
1 90
2 385
1 37
2 219
2 135
1 101
2 488
1 310
2 111
1 285
2 344
1 112
1 488
1 151
1 376
2 437
2 260
1 4
1 344
2 439
1 283
2 387
1 395
1 66
2 438
1 78
2 202
2 489
2 278
2 452
2 415
1 469
1 266
2 26
2 399
1 438
2 354
1 302
2 224
1 105
2 68
1 293
2 222
1 14
2 123
1 151
1 57
1 415
1 296
1 282
1 403
1 78
2 247
2 5
1 449
2 334
1 143
2 489
1 111
1 215
1 318
2 123
2 188
2 196
2 329
1 380
2 49
2 339
2 187
2 469
2 156
1 3
1 484
2 13
2 344
1 32
2 444
1 387
2 42
1 318
1 412
2 453
1 6
2 458
1 486
1 179
2 432
2 142
2 375
1 213
1 233
1 82
1 249
2 158
2 403
2 160
1 24
1 329
2 255
1 72
1 416
1 436
2 486
2 465
1 230
1 281
1 273
2 489
1 183
2 312
2 325
2 102
1 287
1 228
2 419
1 336
1 253
2 384
2 347
2 302
1 378
2 242
1 149
1 23
2 80
1 119
2 361
1 252
2 353
1 391
2 483
1 105
2 348
1 325
1 188
2 473
2 413
1 419
2 296
2 243
2 479
2 131
2 432
1 189
1 66
2 406
1 8
1 282
2 202
2 252
2 289
1 158
2 142
1 113
2 368
1 15
1 67
1 388
1 380
1 485
2 6
1 492
2 252
2 71
2 435
1 193
2 250
1 275
2 277
2 179
2 93
1 194
2 190
1 360
2 9
1 217
2 234
1 231
2 185
1 289
2 475
1 46
1 331
1 466
2 59
1 455
2 41
2 162
1 434
2 3
1 365
2 308
1 279
2 286
2 192
1 285
1 54
1 242
1 2
2 195
1 55
2 62
2 149
2 28
1 448
1 376
1 101
2 113
2 73
1 193
1 471
2 282
1 159
2 112
1 285
1 423
2 306
1 285
2 411
2 388
1 194
2 21
1 298
2 24
1 382
1 486
1 45
2 79
2 345
1 418
2 347
1 320
2 175
1 459
2 120
1 294
1 461
1 459
1 298
2 479
2 50
1 382
1 286
2 500
1 2
2 111
2 256
1 1
2 237
2 219
2 156
2 22
1 326
1 77
1 314
1 6
1 223
1 309
2 200
2 342
2 77
1 401
2 233
2 467
1 63
2 178
2 49
2 38
2 30
2 202
1 22
2 59
1 446
2 456
2 27
1 50
1 249
1 140
1 407
1 155
2 142
1 39
2 382
2 417
2 191
1 106
1 176
1 307
1 383
2 470
2 60
2 216
1 173
2 345
2 312
2 399
1 182
1 348
2 218
1 326
1 85
2 471
1 447
2 233
2 391
2 441
1 73
2 314
2 215
1 27
2 361
1 184
1 67
2 457
1 498
1 43
1 64
2 341
1 493
1 42
1 128
2 389
1 195
1 149
2 64
2 287
1 304
1 317
1 204
2 5
2 406
2 134
1 411
2 35
1 400
2 491
2 263
2 282
2 433
1 365
1 457
1 123
1 325
2 482
2 64
1 433
2 33
2 142
2 393
2 50
1 105
1 22
2 271
2 27
2 85
1 402
2 246
1 4
2 314
1 303
2 323
1 50
2 153
1 1
2 219
1 188
2 294
1 393
1 216
2 470
1 162
2 44
2 98
1 181
1 384
2 140
1 274
2 412
1 232
1 323
1 166
1 329
1 275
2 375
1 492
2 141
2 419
1 115
2 230
1 280
2 482
2 318
2 312
2 33
2 345
1 196
1 68
1 173
1 97
1 183
1 96
2 296
1 6
1 382
1 57
2 52
2 136
1 497
2 302
2 341
1 87
1 360
2 264
1 348
1 431
2 3
1 205
1 392
2 59
2 150
1 138
2 358
2 274
1 71
1 235
2 73
2 2
1 327
2 168
2 328
1 409
1 328
2 479
2 27
1 195
1 5
1 229
1 308
1 215
1 429
2 492
1 270
1 137
1 110
1 474
1 106
1 471
2 347
1 3
2 339
2 401
2 233
2 204
1 482
1 270
2 219
2 116
1 254
1 287
1 260
2 5
2 494
2 149
1 276
2 213
1 199
2 456
2 93
2 323
1 429
1 188
2 204
2 486
1 259
1 25
1 384
2 234
1 207
1 217
2 236
2 300
1 245
1 69
2 118
2 115
1 334
1 44
2 309
2 346
2 5
1 436
1 102
2 117
2 254
1 495
2 466
1 274
2 253
1 399
2 84
2 120
2 19
1 306
2 248
2 245
1 373
1 492
1 52
1 486
2 497
1 145
2 478
1 377
1 464
2 304
2 492
1 316
1 291
2 336
1 271
1 142
2 111
2 321
1 296
1 318
2 490
1 107
2 83
2 400
1 461
1 445
1 331
1 313
2 232
1 362
1 431
2 349
2 339
2 406
2 30
2 427
2 388
2 189
2 219
2 220
2 496
1 483
1 127
2 2
1 295
2 64
2 70
1 118
1 284
2 394
2 450
1 184
2 56
1 11
1 164
2 305
2 98
2 40
2 433
2 434
2 108
2 156
2 112
2 84
1 499
1 412
1 149
2 137
2 170
2 182
1 229
1 344
2 476
1 403
2 276
1 339
2 37
1 411
1 470
2 395
2 324
1 268
1 252
1 380
2 403
1 254
2 399
1 309
2 185
2 339
1 399
2 47
2 375
2 434
1 303
1 16
1 133
1 450
1 391
2 157
2 242
1 276
2 211
1 219
2 147
2 59
2 85
2 183
1 413
1 7
1 296
1 193
1 361
1 16
1 323
1 248
1 433
2 204
1 311
1 242
2 182
1 57
2 256
2 429
2 206
2 88
2 13
1 281
2 274
1 328
1 319
1 159
2 302
2 98
1 488
1 272
1 343
1 288
2 270
1 471
1 355
1 328
2 189
1 91
1 107
2 57
2 346
1 380
2 430
2 463
2 20
1 438
2 266
2 313
2 145
2 10
2 192
1 217
1 1
2 342
1 77
1 384
1 465
2 421
1 444
2 163
2 468
1 177
2 29
2 120
2 123
2 227
1 170
2 398
2 101
2 130
1 340
2 451
2 480
2 50
1 105
1 237
2 164
1 9
1 106
1 420
2 109
1 246
1 440
2 300
1 85
2 421
2 294
1 229
2 94
1 47
2 342
2 475
2 48
2 252
1 111
2 234
1 316
2 348
1 326
1 498
1 428
2 186
2 142
1 345
2 44
2 137
1 26
2 93
1 446
1 430
1 366
2 478
2 346
2 139
1 176
1 284
1 406
1 380
2 235
2 486
1 467
1 366
1 437
1 269
1 153
1 141
1 65
1 402
1 146
1 136
1 28
2 481
2 388
1 184
2 84
2 104
2 494
1 98
1 131
1 15
1 268
2 5
1 124
2 445
1 446
1 295
2 498
2 110
1 134
2 212
1 165
2 324
1 136
2 292
2 139
1 254
1 313
1 89
1 164
2 409
1 464
2 286
2 477
2 50
2 243
2 32
2 280
2 269
2 127
1 385
2 69
1 22
2 248
1 21
2 198
2 224
2 132
1 474
1 460
2 422
2 488
2 461
2 159
2 33
1 492
1 254
2 407
1 145
1 89
2 417
2 94
1 299
2 353
1 36
2 499
1 15
1 262
2 252
2 56
1 410
2 405
2 459
1 290
1 465
2 120
2 369
2 225
2 289
1 143
2 389
1 134
2 478
1 230
2 371
1 216
1 183
2 295
1 284
1 449
1 18
1 333
1 133
2 405
2 485
2 449
1 39
1 128
1 33
2 448
2 345
2 35
1 135
2 373
1 264
2 370
1 240
1 19
1 110
2 349
1 173
2 319
2 435
2 430
2 7
2 221
1 244
2 231
1 83
2 148
2 127
1 480
1 422
1 442
2 125
1 328
2 290
2 64
1 297
2 42
2 222
1 6
2 17
1 194
1 42
2 150
1 413
2 386
1 330
2 68
1 468
1 455
2 394
1 333
1 362
1 492
2 488
1 251
2 437
2 456
2 489
2 498
1 85
2 87
1 61
2 220
1 402
1 489
2 43
2 484
1 398
2 339
1 176
2 94
2 385
1 295
1 357
1 479
2 175
2 206
2 71
1 467
1 450
2 266
1 479
2 248
1 428
1 317
2 26
1 67
2 310
2 488
1 5
1 458
2 382
1 117
2 292
2 276
1 241
1 437
2 494
1 299
2 121
2 376
2 377
1 409
1 155
1 56
2 213
2 189
1 28
2 398
1 240
1 265
1 419
2 51
1 385
2 37
2 167
1 355
2 205
2 433
2 10
1 369
1 352
2 316
1 214
2 403
2 90
1 284
1 219
1 124
2 238
1 312
2 71
1 151
2 281
2 486
1 422
1 12
1 263
2 357
1 243
2 132
2 129
2 340
2 453
1 302
1 474
2 446
1 130
2 23
1 31
1 200
2 65
2 430
2 241
1 6
2 100
1 167
1 404
2 74
1 173
2 249
2 339
1 394
2 495
1 230
2 127
1 181
1 343
1 370
2 451
1 270
1 216
1 277
2 294
2 178
2 429
2 317
1 325
1 440
2 478
2 195
1 302
1 147
1 41
2 283
1 96
1 393
2 339
1 282
2 224
2 303
1 237
2 123
2 328
1 231
2 435
1 261
1 5
2 83
2 275
2 388
1 268
2 33
2 450
1 91
2 476
1 176
2 363
1 477
1 212
1 347
1 485
2 85
2 365
1 385
1 384
2 213
1 53
2 462
1 114
1 378
1 296
2 154
1 55
1 199
2 189
2 116
2 3
2 13
1 220
1 63
2 22
2 310
1 76
2 279
2 174
1 278
2 412
2 330
2 413
1 289
2 425
1 126
1 456
1 351
2 239
2 334
1 391
2 37
1 266
2 155
2 174
1 260
1 215
2 256
2 321
1 431
1 299
1 377
2 250
2 133
1 491
1 452
2 461
1 199
1 155
2 16
1 136
2 265
1 68
1 32
1 267
2 485
1 74
2 172
2 291
1 163
2 474
1 366
1 453
1 363
2 268
1 287
2 357
2 105
1 127
1 163
2 302
1 310
1 212
2 198
2 489
1 487
1 177
1 451
1 267
2 440
1 42
1 437
1 481
2 173
2 380
1 351
1 187
2 409
1 493
1 252
2 170
2 146
1 442
1 327
2 408
2 242
1 344
1 199
1 274
1 134
1 411
2 39
2 497
2 346
2 256
1 174
2 188
2 123
2 267
2 189
1 67
2 327
2 312
1 290
1 101
1 443
2 112
2 459
1 279
1 448
1 253
2 311
1 292
2 273
1 233
2 83
1 243
1 266
2 287
2 344
2 182
1 397
2 266
2 252
1 10
1 429
2 172
2 406
2 23
1 20
1 343
2 111
2 12
1 343
1 134
1 36
1 471
1 108
1 490
1 335
2 411
1 113
1 206
2 397
2 252
1 40
1 370
1 31
2 229
2 382
1 263
2 177
2 52
2 173
2 348
2 392
1 474
1 43
1 226
2 260
1 207
2 423
1 300
2 13
1 30
1 241
1 15
1 376
1 406
1 459
2 259
1 214
1 205
1 263
2 399
1 112
2 24
1 384
2 191
1 54
1 142
2 363
1 416
1 73
2 342
2 277
1 232
1 35
2 449
1 71
2 375
1 303
2 67
2 425
2 434
2 328
2 329
1 82
1 132
2 416
2 37
1 276
2 385
1 57
2 311
2 384
1 160
1 436
1 76
1 187
1 394
1 436
1 56
1 465
2 376
1 215
1 275
1 32
2 151
1 196
1 66
2 351
2 116
1 7
1 349
2 53
2 58
1 464
2 61
2 3
1 12
2 348
2 58
2 149
2 319
1 226
1 274
1 313
1 361
2 433
2 363
2 303
1 28
2 385
2 251
2 24
1 308
2 252
2 102
2 277
1 96
1 155
1 77
2 259
2 489
2 350
2 231
1 271
1 122
2 198
1 245
1 338
1 444
2 417
2 341
2 168
2 47
2 158
2 493
1 264
1 310
2 184
1 468
1 149
1 460
2 165
2 420
1 256
2 443
1 112
2 421
2 423
2 305
1 441
1 347
1 131
1 20
1 47
1 120
1 429
2 246
2 135
2 447
2 231
2 118
1 227
1 325
1 356
2 81
2 278
1 204
1 287
1 426
1 211
2 233
2 327
1 83
1 494
2 56
1 121
2 418
1 415
1 201
1 222
2 418
1 412
1 111
2 345
1 384
2 284
1 45
2 445
2 424
1 360
2 161
1 207
1 31
2 23
2 391
2 364
1 96
2 281
1 325
2 446
1 31
2 175
2 191
2 406
1 408
2 296
2 448
2 350
2 123
2 61
2 469
1 25
1 403
2 325
2 282
1 287
1 351
2 239
2 432
1 7
2 112
1 111
2 304
2 241
2 37
1 143
2 429
2 124
2 472
1 410
2 422
1 416
1 156
1 164
2 353
1 130
1 324
1 227
2 404
2 109
1 120
1 148
2 270
2 83
2 71
1 197
1 39
2 115
2 470
1 485
2 152
1 490
2 206
1 157
2 35
1 253
1 369
1 258
1 23
2 83
2 184
2 288
2 95
1 269
2 383
2 239
1 219
1 64
1 296
2 384
1 338
1 187
1 388
2 47
1 137
2 206
1 112
2 394
1 246
1 122
1 415
1 366
2 292
2 408
2 1
2 120
1 279
1 99
1 102
1 427
1 126
1 410
2 124
2 295
2 465
1 200
2 128
2 215
2 346
1 357
1 116
1 240
1 133
1 263
2 335
2 324
2 24
2 401
2 388
2 219
1 463
2 286
1 335
1 8
1 325
1 82
1 43
2 390
2 362
1 113
2 45
2 361
1 21
2 67
1 160
2 463
1 55
1 211
1 99
1 273
2 137
1 67
2 378
1 205
1 311
1 288
2 106
1 423
1 464
2 238
2 477
1 244
1 300
1 273
1 375
2 25
2 455
2 41
1 250
1 423
1 267
1 415
1 413
2 201
2 29
1 499
2 342
2 388
2 400
1 94
2 261
1 137
2 412
1 398
2 127
2 221
2 86
2 116
2 175
1 375
2 458
2 411
2 319
2 495
2 162
1 345
1 410
2 136
2 362
1 482
1 58
1 84
2 40
2 141
1 219
2 472
1 444
1 30
1 32
1 332
1 167
1 115
1 213
2 397
1 136
1 266
2 135
2 335
1 252
1 443
1 194
1 201
2 295
1 103
2 309
1 20
2 314
1 403
1 236
2 451
2 380
1 415
1 269
1 391
1 429
2 45
1 98
2 315
1 178
2 70
1 202
2 312
2 427
1 392
1 364
2 237
2 114
2 312
1 456
1 105
1 386
2 62
2 245
1 227
1 292
1 111
2 89
2 212
2 340
2 380
1 149
1 150
2 323
1 496
1 367
2 14
2 101
2 87
1 302
2 471
2 313
1 289
2 356
1 119
2 455
1 102
2 318
1 69
1 417
2 269
2 17
1 387
2 60
1 314
2 490
2 305
1 218
1 406
2 445
1 471
2 374
2 206
2 176
1 182
1 190
1 374
1 436
2 27
2 86
1 208
2 476
1 81
2 309
1 117
1 10
1 4
2 12
2 425
2 335
1 278
1 407
2 434
1 115
1 337
1 151
1 479
2 259
2 171
1 44
1 173
2 79
1 139
1 89
2 128
2 20
2 150
2 259
2 268
1 394
1 277
2 351
2 23
1 165
2 29
2 184
2 465
1 80
1 55
1 18
1 146
1 290
1 316
2 230
2 126
1 391
1 20
2 9
1 202
2 86
1 233
1 282
1 87
1 5
1 85
1 27
2 263
2 378
1 69
2 365
1 434
2 299
2 495
2 346
2 332
1 278
1 257
1 317
2 477
2 336
2 47
2 143
2 31
1 91
2 331
2 144
1 209
1 421
2 101
1 103
1 401
2 199
2 292
1 352
1 40
2 180
1 401
2 247
2 342
2 381
1 143
1 140
2 318
1 109
1 29
1 53
1 92
2 290
2 470
2 2
1 180
2 95
1 355
2 215
2 233
2 72
2 119
2 429
1 122
-1
