2 322
1 185
2 79
1 83
1 477
1 114
1 5
2 389
2 294
1 369
2 263
1 238
1 45
1 465
2 198
2 23
2 352
1 475
1 467
1 266
2 41
2 280
2 209
1 350
2 365
1 241
2 432
1 174
1 217
2 446
2 473
1 285
1 379
1 458
2 169
2 491
2 305
1 105
1 438
1 220
1 376
1 429
2 493
1 486
1 92
2 476
1 102
1 92
2 371
2 177
2 475
1 99
2 437
1 144
1 213
2 176
1 378
1 98
2 409
2 432
2 365
2 268
2 370
2 299
2 259
2 483
2 142
1 364
2 341
1 304
2 426
1 493
2 286
1 25
2 377
1 47
2 66
1 411
1 25
2 380
2 36
1 220
2 147
1 459
2 293
1 392
1 93
1 373
2 177
2 277
2 57
1 498
1 488
1 409
1 321
1 351
1 354
1 236
1 4
2 487
-1
