2 339
1 252
1 444
1 73
1 84
1 46
1 355
1 434
1 34
1 228
1 314
1 33
2 256
2 5
2 76
2 483
1 182
1 467
2 138
2 173
2 136
1 410
1 192
2 129
2 184
2 262
1 158
1 482
1 358
1 390
2 9
2 198
1 310
1 19
2 54
2 19
2 112
1 234
2 475
2 27
1 71
1 359
1 138
1 493
2 30
2 280
1 459
2 431
1 493
2 419
1 491
2 291
2 217
1 405
2 238
1 200
1 275
2 240
1 250
1 407
2 318
1 20
1 14
2 248
1 399
1 108
1 454
1 196
1 421
1 212
2 235
1 170
1 322
2 273
2 493
2 54
1 216
2 438
1 23
2 439
1 202
1 15
2 443
1 325
1 13
1 226
1 299
2 461
1 8
2 395
1 264
1 13
2 372
1 412
2 486
2 20
2 396
1 342
2 447
1 258
-1
