2 153
1 287
1 94
1 122
2 298
2 82
1 429
1 198
2 462
2 139
2 444
1 170
1 80
1 69
1 174
2 436
1 243
2 429
1 436
1 301
2 351
1 446
2 122
1 487
2 4
2 41
2 101
1 52
1 70
1 76
2 89
2 272
2 233
1 371
2 305
2 105
2 256
1 137
2 398
1 164
2 303
1 199
1 266
1 435
2 370
1 429
1 373
1 492
2 103
1 477
2 88
1 62
1 336
1 276
2 25
2 133
2 495
2 82
1 432
2 298
2 378
1 462
1 277
1 207
2 371
2 137
2 468
1 6
2 100
2 35
1 220
2 302
1 201
1 177
2 252
1 137
2 51
2 231
2 256
1 57
1 471
2 436
2 243
1 241
1 222
1 169
2 498
1 210
2 205
1 35
1 359
2 437
2 121
2 439
1 455
2 206
2 391
1 215
2 434
1 178
-1
