2 436
1 144
1 189
2 419
2 439
1 308
1 27
2 475
2 424
1 191
2 79
1 427
1 9
1 24
1 445
1 196
1 94
2 219
1 161
1 265
2 196
1 450
1 199
1 438
1 374
1 219
2 192
2 434
1 136
2 411
1 355
1 459
1 296
1 286
2 19
1 407
1 473
2 288
2 484
2 497
1 57
2 14
1 211
2 3
1 107
1 277
2 223
2 113
2 116
1 179
1 299
2 200
2 145
2 294
2 415
1 338
2 356
2 274
1 149
2 115
2 42
2 68
1 329
1 134
2 429
1 430
2 249
2 349
2 171
1 373
1 283
1 260
1 60
1 407
1 162
2 315
2 115
1 170
1 265
1 388
2 467
2 123
2 2
2 312
1 465
1 461
2 394
2 441
2 106
2 217
2 220
2 25
1 264
1 129
1 349
1 424
1 37
1 86
1 368
2 413
1 81
1 283
1 446
2 482
2 421
1 373
1 80
2 178
2 442
1 74
2 174
2 310
1 394
2 303
1 144
2 445
1 292
2 401
2 301
1 491
1 284
2 65
2 259
1 262
2 252
2 343
2 36
1 190
2 398
1 42
2 410
2 116
1 417
1 290
1 102
2 495
2 143
2 451
1 5
1 454
1 399
1 384
1 299
2 214
1 416
1 89
2 446
1 378
1 72
1 283
2 448
2 261
1 40
2 195
1 275
1 151
2 147
1 310
2 458
2 345
2 130
2 401
2 488
2 141
2 446
2 287
2 404
2 186
2 462
2 338
1 380
1 112
2 225
2 175
1 295
2 258
2 303
1 203
2 288
1 53
2 470
1 329
2 238
1 19
2 247
1 286
1 47
2 356
2 169
1 8
1 401
2 240
1 126
1 198
1 489
1 498
1 293
2 386
2 193
1 81
2 463
2 120
2 467
1 483
1 210
1 451
1 458
1 17
2 335
1 496
2 168
1 484
1 24
2 342
1 124
2 210
1 141
2 446
2 156
1 94
2 121
1 179
1 289
2 161
1 261
1 150
1 205
1 239
1 354
2 147
1 3
1 415
2 37
2 101
1 492
2 261
2 442
2 42
2 133
1 206
2 414
2 24
1 192
2 198
1 343
1 375
2 52
2 191
1 1
2 483
2 189
2 309
2 181
1 65
1 404
1 262
2 328
1 286
1 400
2 65
1 31
2 290
1 431
1 373
1 474
2 128
2 450
1 145
1 137
2 499
1 182
2 60
2 398
1 28
2 180
1 390
1 86
2 495
2 362
2 300
2 74
2 349
2 214
2 4
1 405
2 242
1 115
2 447
1 498
1 160
1 270
2 91
2 431
1 223
1 304
1 330
2 152
2 251
2 375
2 419
1 461
1 69
2 312
2 290
1 341
2 191
1 349
2 316
2 70
2 126
1 264
2 454
1 485
2 132
1 15
1 343
2 61
2 253
2 278
1 238
1 490
1 79
1 412
1 172
1 284
2 59
1 103
1 315
1 68
1 151
1 200
2 408
1 255
1 188
1 53
2 1
1 204
2 435
1 325
1 449
1 402
2 359
2 370
2 296
1 323
1 371
1 290
2 133
1 142
2 280
2 245
1 292
2 211
2 268
2 332
1 494
1 74
2 442
2 229
2 84
2 34
2 72
2 437
2 70
1 377
2 328
2 481
1 273
2 346
1 225
2 107
1 466
1 274
2 327
2 347
1 405
1 216
2 54
1 33
1 434
2 324
2 233
1 232
1 494
2 397
1 458
1 140
2 387
2 34
2 119
1 475
1 112
1 352
2 46
1 140
2 144
1 91
1 267
2 85
2 103
1 330
1 337
2 335
2 438
1 288
1 99
1 431
1 303
1 79
1 165
1 326
1 33
2 388
1 443
1 264
2 305
2 457
2 266
2 216
2 362
2 110
1 264
2 374
1 322
1 414
2 21
2 498
1 211
2 57
2 61
1 402
2 264
1 358
2 352
2 435
2 75
2 376
1 85
2 107
1 52
1 96
2 463
1 330
2 182
1 178
1 57
2 107
1 140
1 201
2 388
2 55
1 31
1 355
2 383
2 225
1 333
1 210
2 265
2 319
2 128
1 188
1 278
1 4
2 461
1 259
1 42
2 365
2 447
2 39
2 32
2 466
1 435
1 362
2 270
1 145
1 380
2 81
2 182
1 426
2 343
1 46
2 201
2 309
2 481
2 179
1 314
1 79
1 375
1 298
2 472
2 394
2 479
1 359
1 262
1 6
1 172
1 192
1 314
1 370
1 403
1 10
1 395
1 315
1 380
1 414
2 406
2 53
1 484
2 248
2 399
2 53
1 8
1 293
2 96
1 319
1 413
1 65
2 119
2 428
1 490
2 52
1 351
1 483
2 219
1 431
2 187
2 390
1 227
1 367
1 399
2 23
2 68
2 321
1 317
2 388
1 441
2 405
1 247
1 478
2 469
1 285
2 243
1 201
2 411
2 494
2 307
1 323
1 306
2 411
1 391
1 131
1 441
1 327
2 275
1 3
2 415
2 454
2 164
1 329
1 424
1 234
1 41
1 455
1 198
2 467
2 367
1 124
2 485
1 345
2 309
2 57
2 485
1 84
1 15
1 73
1 234
1 19
1 213
2 472
1 42
1 202
1 387
2 66
2 330
1 333
1 108
1 213
1 251
1 239
1 207
2 203
1 468
1 418
1 398
2 441
2 178
2 198
2 171
2 139
2 24
1 138
2 65
1 74
2 497
1 80
1 474
2 199
2 208
1 472
2 208
2 396
1 407
2 154
2 60
1 429
2 467
2 418
2 268
2 198
2 155
2 24
1 263
1 273
1 190
1 279
2 360
1 134
1 470
2 47
2 283
2 316
2 393
2 484
2 223
2 129
2 161
1 209
1 225
2 97
1 76
2 163
1 252
1 53
1 287
2 102
2 426
2 169
1 149
1 330
1 36
1 304
2 461
1 472
1 196
1 303
1 147
2 59
1 113
2 119
2 414
2 319
2 489
2 8
1 195
1 65
1 147
1 426
1 232
2 497
2 169
2 50
2 116
1 212
1 275
2 330
1 255
1 378
2 190
2 84
1 74
1 114
2 368
2 384
2 492
1 377
1 30
2 326
2 238
2 428
1 71
2 51
2 108
1 272
1 369
2 33
1 207
1 366
1 241
2 376
1 480
1 391
1 382
1 358
1 456
1 483
2 394
1 203
1 17
1 3
2 33
2 179
2 385
1 16
2 497
2 356
1 494
1 189
1 165
2 347
1 36
2 498
2 418
2 134
2 230
1 171
1 23
2 204
2 449
2 383
2 461
1 124
2 39
2 34
2 63
1 26
1 264
1 378
1 428
1 468
2 499
1 123
2 43
1 483
2 249
2 287
2 306
1 219
1 74
1 398
1 483
1 85
2 151
2 280
1 326
2 438
1 440
1 401
1 90
2 324
1 100
1 250
2 224
2 101
2 220
1 285
2 125
2 5
2 183
1 204
1 234
1 36
2 405
1 359
1 318
1 183
2 144
2 174
2 401
1 15
1 123
2 378
1 20
1 374
1 369
1 62
1 423
2 479
2 32
2 321
2 18
2 118
2 287
2 231
2 416
1 363
1 396
1 489
2 326
2 469
1 144
1 148
1 478
1 244
2 462
1 209
2 271
1 196
2 468
1 448
2 23
1 125
2 253
2 37
1 327
2 124
1 238
2 387
2 248
2 223
2 46
1 391
1 461
1 225
2 364
1 163
1 185
2 360
2 252
2 367
1 105
1 400
2 112
1 409
2 268
1 271
1 267
2 129
2 451
2 7
1 376
1 403
1 160
2 349
2 363
2 193
2 408
1 161
2 81
1 81
2 405
2 14
2 363
1 249
2 199
1 330
1 277
2 486
1 199
1 199
2 252
2 379
2 186
1 29
1 461
2 466
2 311
2 387
2 473
2 190
2 390
2 96
1 307
2 306
2 118
1 417
2 246
1 379
2 39
2 48
2 15
1 67
2 344
2 202
1 439
2 190
2 113
1 198
1 218
2 276
1 358
2 408
2 192
2 385
1 193
2 284
1 150
1 236
2 154
2 161
1 31
1 272
1 487
1 267
2 176
1 244
1 438
2 488
2 289
2 414
1 361
2 393
1 46
1 2
2 269
1 143
2 216
1 498
1 87
1 110
2 10
2 148
2 208
2 280
1 63
2 329
2 242
2 432
2 201
1 338
2 151
1 323
1 245
2 272
1 436
2 298
2 438
2 244
2 283
2 344
1 67
2 120
1 97
1 447
2 337
1 469
2 115
1 205
2 464
1 246
2 208
2 344
2 339
2 493
1 461
2 467
2 213
1 39
2 489
2 458
2 120
1 16
1 69
1 148
1 399
1 283
1 436
1 455
2 416
2 248
1 339
1 458
2 3
1 212
1 480
2 20
2 298
2 388
2 458
1 102
1 281
1 166
1 213
1 342
1 270
2 207
2 6
2 11
2 12
1 352
1 94
2 294
1 258
1 314
2 69
2 423
2 3
1 416
2 59
1 47
1 50
-1
