2 63
1 274
2 38
1 482
2 242
1 51
2 380
1 94
1 279
1 279
1 233
1 123
2 383
1 474
2 268
2 465
1 44
1 450
2 174
1 133
2 408
1 41
2 416
2 438
2 232
2 404
1 270
1 329
2 249
1 327
2 124
2 198
2 232
1 451
2 431
1 23
1 266
2 477
1 197
1 432
2 482
2 96
1 213
1 108
2 77
1 329
1 76
2 70
2 378
1 63
1 103
2 497
1 499
2 105
1 91
1 328
1 223
2 175
2 199
1 99
2 67
1 179
1 158
1 300
2 472
1 46
1 298
1 497
2 367
1 196
2 489
2 380
2 297
2 349
2 40
1 474
2 79
1 452
1 103
1 474
1 317
2 351
2 412
1 115
1 301
1 438
2 332
1 204
1 76
1 327
2 203
1 277
2 155
2 220
2 332
2 35
1 63
2 466
2 84
1 456
1 389
1 25
1 63
1 404
1 279
1 456
1 381
2 466
2 313
1 143
1 230
2 495
2 62
2 119
2 392
1 381
2 467
2 204
2 132
2 18
1 188
1 95
1 58
2 102
1 98
2 365
2 273
2 471
1 171
2 183
2 163
2 195
2 319
1 362
1 209
2 63
1 56
1 316
2 422
2 334
2 365
1 197
1 409
1 323
2 256
2 493
1 419
2 103
2 141
1 390
2 194
2 96
1 314
2 214
2 32
1 457
1 97
2 33
2 172
1 288
1 416
1 49
2 23
2 275
2 114
2 363
1 469
1 409
1 221
1 220
1 21
1 499
1 180
1 474
1 443
2 131
1 97
2 44
2 182
2 281
2 335
2 158
2 452
1 288
1 392
2 127
1 386
1 381
2 361
2 268
2 319
1 12
2 133
1 385
1 78
2 312
1 159
1 66
2 239
2 338
1 211
2 42
1 294
1 12
1 128
1 160
2 381
2 65
2 430
1 30
2 466
1 270
2 163
2 291
2 187
1 31
2 444
1 344
2 197
1 242
2 487
2 475
2 424
2 84
2 340
1 64
1 306
2 134
1 20
1 73
1 403
2 307
2 378
1 83
1 357
2 398
2 225
1 414
1 263
2 57
1 461
1 259
2 304
1 438
2 19
1 381
1 464
2 268
2 188
1 415
2 174
1 239
2 388
1 102
1 500
1 455
2 129
1 431
2 309
1 107
1 378
2 249
2 25
1 34
2 217
1 257
2 463
2 345
1 499
1 203
1 456
1 162
1 223
1 220
2 460
2 210
2 313
1 381
1 177
1 402
1 213
1 340
1 356
1 377
1 333
1 56
1 89
2 76
2 161
2 45
1 121
2 12
1 416
1 475
2 158
1 42
1 89
2 397
1 416
1 2
1 205
2 388
2 477
2 307
2 109
2 460
1 309
2 367
2 215
2 373
1 272
1 93
1 294
1 155
2 115
1 308
2 416
2 315
2 361
2 233
1 27
2 51
1 367
2 264
2 313
1 156
1 49
2 443
1 90
2 254
1 457
2 226
1 460
1 468
1 216
2 141
1 449
2 281
2 311
1 100
2 31
2 58
2 355
1 476
1 449
2 351
2 142
1 480
2 171
1 272
1 352
2 332
1 455
1 466
1 8
2 240
1 172
1 469
1 149
1 174
2 25
1 205
1 304
2 322
1 132
2 64
2 357
2 134
1 6
2 281
2 164
1 403
2 21
2 212
1 18
2 118
1 261
2 263
1 359
1 241
1 177
1 176
2 50
2 48
1 407
1 272
1 200
1 108
1 100
1 241
1 56
2 363
1 385
1 435
2 209
1 84
2 183
2 122
2 67
2 492
2 349
2 247
1 493
1 119
1 25
1 209
2 422
1 100
1 49
2 400
2 414
2 494
1 93
2 180
2 135
2 187
2 138
2 382
1 491
2 221
2 64
1 299
2 205
2 494
2 137
2 361
1 227
1 145
2 320
2 33
2 347
2 289
1 4
2 465
1 375
1 360
1 319
2 126
2 409
2 127
2 363
2 446
2 45
1 463
1 266
2 22
2 213
2 448
1 185
2 209
2 450
2 200
1 79
2 494
2 147
1 235
2 310
1 153
1 473
2 70
2 109
2 203
2 253
1 389
2 414
2 199
2 369
1 186
2 426
1 489
1 150
2 136
1 106
1 313
2 254
1 169
1 473
2 387
2 372
2 366
1 75
1 204
1 314
1 94
2 68
2 367
1 9
1 29
2 142
2 397
2 75
2 109
2 287
1 475
1 121
1 295
2 256
2 342
2 240
1 11
2 74
1 376
1 379
1 400
1 97
1 266
2 212
1 421
1 220
2 8
1 439
1 239
1 4
1 114
2 219
1 50
1 353
2 226
2 181
2 102
2 125
2 299
1 93
2 38
1 169
2 208
2 198
1 152
1 229
2 296
1 93
2 443
2 122
1 27
1 349
1 430
2 198
1 12
1 150
2 306
1 93
2 277
2 310
1 196
1 397
2 41
2 188
1 137
2 355
2 314
2 494
2 27
2 322
2 333
2 87
1 140
1 2
1 26
2 48
2 52
1 63
2 136
1 428
1 262
1 138
2 337
2 317
2 321
1 401
2 460
1 142
1 223
2 219
1 157
1 320
2 61
1 153
1 484
1 171
2 213
1 172
2 290
1 264
2 478
1 115
2 207
2 240
2 103
2 28
1 224
2 320
2 433
1 184
1 255
2 364
2 366
2 220
1 23
2 118
1 498
1 140
2 192
1 485
2 190
2 406
1 63
2 401
1 48
2 262
1 143
1 472
1 12
2 15
1 25
1 237
2 216
2 431
2 108
2 53
1 279
1 61
1 34
1 188
2 398
1 86
1 427
1 251
1 452
1 324
2 249
1 55
1 140
2 223
2 251
2 247
1 437
1 75
1 473
1 255
1 211
1 113
2 453
2 427
2 480
1 437
2 13
2 192
2 327
1 103
2 245
1 458
2 9
1 354
2 146
1 54
1 152
1 197
1 380
2 212
1 76
1 88
1 490
2 92
1 249
2 245
2 396
1 377
1 86
1 88
2 190
2 438
2 10
1 148
2 108
1 452
2 359
2 123
2 22
1 16
1 112
1 466
2 314
1 114
2 71
2 333
1 45
1 304
1 108
1 147
2 163
1 102
2 489
1 73
1 141
2 483
2 200
1 111
2 289
2 115
2 277
2 323
1 421
1 79
1 77
2 446
2 175
2 464
2 122
1 376
2 476
1 367
1 157
2 392
2 53
2 7
1 157
2 355
2 455
2 308
2 362
1 474
1 152
2 402
1 472
2 240
1 338
1 327
1 434
1 290
2 428
1 20
2 477
1 365
2 362
2 165
2 278
1 110
2 74
2 406
1 491
2 49
1 102
2 173
1 444
1 226
1 462
2 308
1 174
1 220
2 196
1 110
2 374
2 106
2 286
2 48
1 360
1 456
2 322
1 200
1 442
2 489
2 225
1 192
1 467
2 285
2 146
1 487
2 168
1 318
2 307
2 81
1 313
1 330
1 15
1 251
1 158
2 210
2 34
2 132
2 163
1 15
2 13
2 179
2 297
1 485
2 65
2 472
2 100
2 362
2 182
2 422
1 351
1 426
2 236
2 237
1 177
2 207
1 455
2 73
1 85
1 409
2 474
1 377
1 33
1 40
1 202
2 257
2 148
1 289
1 91
2 282
2 479
1 307
2 76
1 388
1 289
1 160
1 28
1 39
1 478
1 477
2 243
1 231
1 267
2 273
2 395
1 327
2 245
1 10
2 217
2 184
2 396
1 470
2 83
2 186
1 438
2 239
1 248
2 422
1 192
1 75
1 452
2 163
1 238
1 220
1 272
1 310
2 99
1 442
2 140
2 93
2 141
2 461
1 3
1 106
1 279
1 132
1 284
1 130
1 317
2 327
1 104
2 254
1 120
2 383
2 26
2 187
1 157
2 258
2 380
2 205
2 246
1 92
2 129
2 254
2 422
2 384
2 421
2 227
1 36
2 150
2 287
1 430
2 187
2 305
1 401
2 428
1 344
1 231
1 92
1 120
2 268
2 390
1 492
1 79
2 428
1 291
1 120
1 360
1 407
1 223
2 25
2 157
1 22
2 44
2 74
2 478
1 18
2 381
2 334
1 239
2 243
2 178
1 100
2 167
1 404
1 17
1 244
2 500
2 263
2 229
1 261
1 29
1 424
1 490
2 73
1 221
2 108
1 177
1 138
2 65
1 436
2 173
2 105
1 295
2 270
1 55
2 81
2 160
2 344
1 465
1 81
1 83
2 435
2 248
2 305
1 466
2 245
1 271
2 14
1 420
2 441
1 313
2 260
2 229
1 326
1 371
1 231
2 446
2 63
2 441
1 357
1 108
2 248
1 5
2 295
1 43
2 101
1 460
2 384
1 464
2 233
1 466
2 139
1 184
2 308
1 68
1 382
2 468
2 257
2 241
2 248
2 490
2 342
2 61
1 488
1 285
2 209
2 387
1 218
1 400
2 194
2 41
1 346
1 407
1 184
2 356
1 281
2 484
2 145
-1
