2 372
1 429
2 405
1 330
1 326
1 286
1 52
2 397
1 436
1 148
1 400
2 452
2 418
2 102
1 157
2 154
1 306
1 265
2 180
1 260
2 225
2 10
1 136
2 180
2 10
2 60
2 113
1 263
1 310
1 347
1 409
1 346
1 286
1 276
2 55
1 469
1 284
1 111
2 88
1 46
2 320
2 209
1 320
2 314
2 187
1 446
2 364
2 160
2 252
1 113
2 27
2 290
1 262
1 433
1 42
1 298
2 286
2 497
2 329
1 437
2 173
2 461
1 25
2 36
2 260
1 287
1 284
1 447
1 327
2 247
1 60
1 285
1 254
2 154
2 442
2 449
1 325
1 354
2 234
2 477
2 241
2 482
1 190
1 421
2 11
2 440
1 267
1 267
1 356
2 454
2 363
2 115
2 16
1 387
2 208
1 297
1 478
1 324
1 409
1 388
2 115
2 341
2 403
2 252
1 83
1 407
2 312
2 483
2 340
1 131
2 85
2 347
1 408
1 81
1 117
1 87
2 499
2 315
2 89
2 158
1 476
1 468
2 436
2 317
2 172
1 174
1 77
1 317
1 245
1 151
2 421
2 296
2 367
1 171
1 28
2 331
2 244
1 141
1 100
2 158
2 107
2 378
2 54
1 18
1 296
2 363
1 257
1 487
1 119
2 135
2 337
2 353
2 114
1 464
1 154
2 188
2 156
1 295
2 464
1 211
2 481
1 178
2 82
1 64
1 173
1 198
2 14
2 293
1 396
1 397
2 81
1 161
1 353
1 148
1 268
1 426
1 134
1 188
2 119
1 119
2 153
1 4
2 70
1 498
2 404
1 218
1 33
1 423
1 185
1 53
1 484
2 403
2 286
2 36
1 46
1 399
1 173
1 216
2 49
2 59
1 310
1 491
2 6
2 80
1 187
1 198
1 314
1 138
2 394
2 59
2 178
2 489
2 62
1 445
1 269
2 266
1 131
1 124
1 21
2 381
2 39
1 228
1 30
2 155
2 242
2 214
2 21
1 121
1 257
2 43
2 272
1 159
1 416
1 93
1 337
2 494
2 403
2 78
1 289
1 58
1 296
2 301
1 176
2 249
2 190
1 161
2 451
2 66
1 453
1 153
2 130
1 15
1 422
1 167
2 28
2 92
2 199
1 491
2 17
2 159
1 382
2 370
2 342
2 50
1 444
2 434
2 404
1 309
1 243
2 240
1 403
2 445
1 427
2 328
2 377
1 352
2 8
2 295
2 359
1 494
1 102
2 226
1 78
1 35
2 213
1 442
2 456
1 68
1 376
2 176
2 84
2 215
1 303
2 440
2 56
1 314
1 212
1 367
1 277
2 462
2 26
2 456
2 345
2 215
1 122
1 324
2 473
1 296
2 250
1 288
1 373
2 315
1 196
2 225
2 433
1 165
1 293
1 290
2 347
1 356
1 98
1 24
1 273
1 196
2 259
2 180
2 288
1 66
2 26
2 307
1 476
1 267
1 443
1 256
2 264
1 108
2 495
1 282
2 155
2 141
2 312
1 395
2 165
1 433
1 250
1 499
1 211
2 197
2 173
2 146
1 416
2 148
1 88
2 380
1 257
2 6
1 192
1 370
2 360
2 250
2 394
2 38
1 365
2 460
2 39
2 324
1 62
2 67
2 103
1 243
1 170
1 483
1 500
2 422
2 359
2 171
1 123
2 59
1 295
1 228
2 327
1 138
1 226
1 388
2 353
1 392
2 230
1 88
2 78
2 439
1 383
2 39
1 169
2 345
2 467
1 147
2 327
1 180
2 43
2 233
1 49
1 270
1 349
2 358
2 69
1 362
2 256
2 308
2 349
1 91
2 428
1 459
1 77
1 10
1 409
1 367
2 69
1 86
1 196
2 344
1 90
2 66
2 309
1 325
1 229
1 176
1 357
2 114
2 476
2 404
1 69
1 44
2 109
2 54
1 423
2 419
1 158
2 61
1 210
2 327
1 152
2 150
1 341
2 145
1 89
1 404
2 22
2 294
1 428
2 286
1 448
1 66
2 40
1 274
2 214
2 243
1 455
1 429
2 6
2 314
1 473
2 251
1 220
1 475
2 94
1 200
2 316
2 349
2 94
2 308
1 75
1 377
2 441
2 379
1 230
1 391
1 113
2 399
1 388
2 330
1 485
2 226
1 498
2 6
2 401
2 250
2 214
1 207
1 135
2 451
1 128
1 269
1 186
2 275
1 243
1 407
2 337
1 378
1 410
1 276
1 400
1 136
1 207
1 119
2 278
1 260
1 115
1 349
1 398
1 373
2 283
2 219
2 115
2 156
1 36
1 334
2 13
2 400
2 163
2 264
1 440
2 49
1 403
1 205
1 225
1 292
2 412
2 478
1 311
2 50
1 416
2 132
1 55
1 499
2 402
1 361
2 136
2 98
1 158
1 42
1 83
2 93
2 47
1 372
2 54
2 406
1 7
1 101
1 273
2 130
1 64
1 366
1 251
2 441
1 468
1 346
2 19
1 249
2 7
1 126
1 393
2 233
2 124
1 164
1 136
1 69
1 487
1 251
2 452
2 349
1 173
1 174
2 131
1 459
2 245
1 252
2 319
2 388
1 22
2 338
2 48
1 208
2 396
1 123
2 149
2 118
2 368
2 215
1 416
2 190
2 109
1 149
2 278
1 72
2 291
2 159
1 371
2 372
1 324
2 112
1 169
1 496
2 224
1 238
1 383
1 152
2 369
1 473
1 40
1 148
1 157
1 167
2 172
2 292
1 89
2 171
2 336
2 497
1 376
2 51
1 162
1 304
1 353
1 379
1 320
1 221
1 35
1 354
2 482
2 406
1 399
1 30
2 242
2 146
1 113
1 431
1 249
2 7
2 10
2 345
2 114
2 8
1 8
2 206
2 357
2 262
1 39
1 342
1 170
2 101
1 182
1 259
1 266
2 382
2 1
1 160
1 495
2 261
1 380
2 343
1 429
1 343
2 247
1 99
1 170
2 401
2 82
2 484
2 275
1 178
2 295
2 240
2 355
2 143
1 171
2 322
2 292
1 418
2 348
1 158
2 418
2 424
1 273
2 50
1 476
2 26
2 267
1 263
1 470
2 207
1 445
1 90
2 192
2 127
2 374
1 111
1 398
1 143
2 293
1 70
1 475
2 242
2 212
2 362
2 113
2 320
1 448
1 294
2 268
1 233
1 259
1 285
2 229
2 31
2 174
1 141
1 46
1 241
1 238
1 142
2 22
1 260
1 75
2 312
1 176
2 335
1 240
2 294
1 249
1 341
2 275
2 274
2 214
1 282
1 468
2 6
2 88
2 162
1 169
1 4
1 370
1 481
2 161
2 76
2 450
1 35
2 248
2 249
1 174
1 469
2 156
1 482
1 90
2 405
1 468
1 453
2 450
2 445
1 59
2 370
2 140
2 437
1 65
2 53
1 418
2 379
2 346
1 20
2 206
2 44
1 36
1 362
2 280
2 446
2 31
1 51
1 72
2 409
1 23
2 373
1 185
2 216
1 166
1 168
1 12
2 397
2 58
1 384
1 416
2 28
1 496
1 116
2 416
1 54
1 189
2 229
2 381
1 107
2 31
1 270
1 337
1 293
1 275
1 83
2 208
1 340
1 39
2 122
1 183
1 243
2 306
2 95
1 119
2 436
2 475
2 395
2 74
2 56
2 66
2 243
2 452
1 180
2 389
1 148
2 181
2 293
1 213
2 23
2 440
2 184
1 15
1 428
2 468
2 289
2 325
2 9
2 464
2 471
1 342
1 126
1 360
1 359
2 9
2 107
1 43
1 213
1 219
1 146
1 326
1 70
2 168
2 131
2 119
2 187
1 70
1 185
1 434
2 354
1 127
1 241
1 102
2 79
1 148
1 358
2 361
2 327
1 357
2 10
2 409
1 286
2 212
1 260
2 216
2 290
2 276
1 364
2 186
1 401
2 369
1 157
2 388
1 108
2 292
2 423
2 369
2 31
1 30
1 428
1 106
2 440
2 246
2 110
2 448
1 115
1 471
2 396
1 106
2 306
1 323
2 450
2 437
1 122
1 121
2 415
1 265
1 458
1 360
2 496
2 132
1 474
1 85
2 312
1 75
2 439
1 345
1 292
2 219
1 303
2 314
2 416
2 423
1 144
1 496
1 293
1 453
1 229
2 487
1 79
2 9
2 162
2 257
1 190
2 219
1 18
1 60
2 166
1 362
1 468
1 301
1 485
2 377
2 142
2 457
1 128
2 440
2 373
1 446
1 375
1 405
1 400
2 28
2 150
1 226
2 99
1 228
2 483
2 499
1 171
2 47
1 123
1 291
1 34
1 409
1 104
1 3
2 482
1 419
2 123
2 248
2 374
2 155
1 431
1 183
1 312
2 103
2 67
2 282
1 333
1 211
1 207
2 290
1 298
1 171
2 56
1 493
1 96
1 137
2 5
1 332
1 400
1 102
1 31
2 269
2 129
2 150
2 395
2 227
2 350
2 465
1 166
-1
