2 100
1 125
2 56
1 171
1 119
1 142
1 112
2 41
1 199
2 465
2 111
2 480
1 307
1 381
1 200
2 144
1 221
1 72
2 453
2 290
2 374
2 224
2 149
1 214
1 367
2 82
2 121
1 64
2 313
1 226
1 421
2 15
2 489
1 269
2 181
1 363
1 341
1 242
1 53
1 41
2 338
1 100
1 387
2 384
2 311
2 266
2 329
2 224
2 71
1 461
2 254
1 8
2 112
1 436
2 56
1 287
2 301
1 202
2 401
1 89
2 397
1 294
1 135
2 246
2 212
1 159
1 233
1 60
2 266
2 213
1 174
2 418
1 237
1 13
2 408
2 199
2 455
1 234
2 212
1 497
1 389
2 241
1 172
1 170
1 498
1 111
2 232
1 348
1 499
1 456
2 313
2 63
2 350
1 412
1 478
1 337
2 267
2 192
1 228
2 79
2 446
2 99
2 69
1 497
2 10
1 177
1 458
2 292
1 238
2 221
1 167
2 286
2 485
2 74
1 393
2 288
1 193
1 366
2 35
1 32
1 314
1 217
2 299
2 430
1 267
1 103
2 58
1 217
1 420
2 253
1 295
1 149
2 129
2 452
1 228
2 59
2 42
1 16
1 488
2 228
1 95
1 187
1 422
2 46
2 397
1 5
2 42
2 234
1 19
2 37
2 19
1 139
1 223
1 252
1 451
2 315
2 160
2 400
2 256
2 126
1 447
1 47
1 134
1 361
2 316
1 251
1 197
2 97
2 247
1 332
2 178
1 445
1 499
1 122
1 141
2 109
2 228
2 426
1 138
1 366
2 387
1 490
2 208
2 57
1 286
1 2
1 386
1 5
1 142
1 489
1 77
2 72
1 308
2 369
2 486
1 250
2 201
2 159
2 29
1 66
2 103
1 482
1 217
1 75
1 315
2 343
2 364
1 251
2 262
2 467
1 205
1 120
2 159
1 17
2 345
2 205
1 2
1 139
1 23
1 428
1 128
1 284
2 36
1 13
2 5
1 44
2 399
2 465
2 145
1 448
2 268
1 140
2 190
2 338
1 196
2 105
2 239
2 18
1 274
1 422
1 361
1 486
1 184
2 168
1 136
2 21
2 119
1 23
1 142
1 223
2 181
1 12
2 216
2 396
2 410
2 119
2 338
1 382
1 258
2 201
2 16
2 147
1 233
2 145
1 85
2 211
2 194
1 387
2 102
1 102
2 302
1 133
1 175
1 161
2 415
2 29
1 286
1 119
1 400
2 243
1 129
2 100
2 378
1 287
2 267
1 490
2 459
1 60
1 488
1 270
1 284
1 35
2 177
2 86
2 415
2 60
2 485
1 69
2 497
1 341
1 95
1 184
1 304
2 243
2 314
1 44
2 13
1 18
1 82
2 118
1 135
2 242
1 40
2 482
2 222
1 300
1 4
2 73
2 429
2 449
1 178
1 42
2 421
2 232
1 366
2 201
1 377
1 119
2 308
1 453
2 126
1 197
2 290
2 491
1 288
2 311
2 282
1 359
1 115
1 259
1 290
2 331
2 104
1 435
1 253
2 144
1 194
1 62
2 313
1 200
1 342
1 268
2 417
2 28
2 216
1 362
1 448
2 376
1 346
1 167
1 400
1 180
2 354
2 427
1 145
1 321
1 191
1 313
2 66
1 490
1 330
2 491
2 395
1 180
1 27
1 190
1 212
2 74
2 313
1 434
2 329
1 147
2 193
2 477
2 150
1 392
2 169
1 108
2 99
2 7
2 189
1 106
1 268
2 316
1 30
2 93
1 206
2 228
1 49
1 360
1 22
2 29
1 336
1 456
1 126
1 114
1 361
2 65
1 249
1 412
1 332
1 339
2 94
1 139
1 122
1 191
2 453
2 388
1 58
2 426
1 157
2 201
2 462
1 349
1 497
1 192
2 467
1 69
1 300
2 405
2 409
2 267
2 18
1 352
2 348
2 314
1 20
2 225
2 132
2 246
1 36
2 12
1 171
2 265
1 491
2 242
2 467
1 463
1 365
2 263
1 295
1 420
1 442
1 498
2 420
1 405
2 32
1 160
1 348
1 23
2 444
1 441
1 475
1 246
2 70
1 403
1 287
1 382
2 169
2 5
1 326
2 394
1 29
2 263
1 328
1 66
2 253
2 384
1 114
2 270
2 340
1 250
2 197
2 207
2 214
2 452
2 472
2 100
1 249
2 227
1 352
2 50
1 3
1 35
1 414
2 150
1 328
2 84
2 234
1 241
2 352
2 189
2 241
2 174
1 355
2 269
1 397
2 161
2 456
1 218
2 352
2 326
2 469
2 407
1 50
1 500
1 192
2 76
1 329
1 477
2 206
1 240
1 268
1 204
2 447
2 295
1 491
2 181
2 381
2 161
2 86
1 184
2 52
2 265
1 212
2 414
2 338
2 370
2 405
2 31
2 197
1 353
2 298
2 146
1 471
1 460
2 169
2 37
2 106
2 452
2 394
1 86
2 370
2 188
1 232
1 477
1 395
2 467
1 213
1 222
2 121
2 443
2 176
1 213
2 132
2 301
2 234
1 460
2 45
2 229
1 216
2 259
2 385
2 302
2 188
2 131
1 56
1 153
2 405
2 215
1 233
2 117
1 105
1 421
2 222
2 480
2 205
1 399
2 463
2 37
1 427
2 14
1 444
1 416
1 234
1 88
2 201
1 284
2 131
1 157
1 352
1 492
1 225
2 496
2 295
1 41
2 403
1 55
1 423
1 398
1 156
2 122
1 40
1 12
1 109
1 373
2 155
1 220
2 106
1 418
1 303
1 473
2 215
2 255
2 52
1 144
2 488
1 414
2 23
2 48
2 444
1 295
1 487
2 477
2 434
1 344
1 55
1 293
2 398
2 109
1 50
1 8
2 369
1 415
2 50
1 374
1 85
1 91
2 386
2 15
2 16
2 407
1 378
2 42
1 449
1 77
1 254
1 34
1 209
1 365
2 261
1 104
2 257
1 267
2 465
1 165
1 492
2 254
2 473
2 348
2 149
1 270
1 212
2 227
1 454
2 382
1 180
2 410
2 31
2 431
2 310
2 178
2 370
2 225
1 430
2 115
1 348
1 183
2 243
2 183
1 352
1 262
2 401
2 319
2 51
2 129
1 48
1 216
2 293
2 110
1 13
1 3
1 312
2 123
1 297
2 101
1 72
1 31
1 237
2 106
2 302
1 351
2 96
1 265
1 358
1 461
1 302
2 434
2 351
1 18
2 64
1 147
2 332
2 311
1 377
1 206
1 206
1 378
2 474
1 188
2 220
1 53
2 462
1 133
1 393
1 458
1 119
1 442
1 484
1 369
2 224
2 242
2 482
1 229
2 465
1 490
1 415
1 204
1 379
1 39
2 189
1 78
1 304
2 461
2 475
1 351
1 108
2 126
2 64
1 248
1 473
2 212
2 278
2 114
1 307
1 278
2 499
2 358
1 373
2 441
2 352
2 396
2 235
2 399
1 78
1 326
1 382
2 436
2 7
2 166
2 52
2 12
2 149
2 56
1 39
1 72
1 139
1 200
2 340
2 23
1 96
1 319
1 440
2 340
1 7
1 111
2 300
1 313
2 342
1 322
2 68
2 474
1 212
1 430
1 476
1 173
2 3
2 400
1 97
1 92
1 97
1 366
1 27
1 48
1 249
2 452
1 114
1 373
2 303
2 80
1 310
1 200
2 95
1 458
2 191
2 350
2 102
2 386
1 96
1 200
2 154
2 364
2 280
2 296
1 95
2 211
1 331
2 68
2 362
1 319
1 426
2 42
1 235
2 359
2 64
1 231
1 413
1 336
1 34
2 126
1 210
1 32
1 450
2 316
2 476
1 66
1 6
2 133
2 90
2 275
2 401
2 370
2 450
1 208
1 40
2 463
2 373
1 140
1 297
2 485
1 293
1 377
1 213
2 390
1 352
1 454
1 372
1 120
1 85
2 157
1 12
2 77
1 465
1 57
2 375
2 384
2 295
2 316
2 121
1 160
1 73
2 427
2 492
1 118
1 373
1 404
1 244
1 119
1 399
2 468
2 68
1 143
1 112
2 220
1 220
2 408
1 195
1 88
2 232
2 114
1 182
2 191
1 200
2 133
2 335
2 75
1 304
1 467
2 380
1 350
2 416
2 242
2 443
1 297
1 90
1 481
1 131
2 49
1 183
2 280
2 485
2 123
1 276
2 54
2 275
1 105
1 160
1 152
1 231
1 127
2 62
2 444
1 129
1 373
2 376
2 180
2 359
1 148
1 242
1 492
1 457
1 410
1 145
2 422
1 213
1 400
1 7
2 169
2 38
2 298
2 45
2 273
2 130
2 240
2 326
2 239
1 178
1 453
2 60
1 402
1 274
2 249
1 495
2 266
1 162
2 296
1 391
2 461
1 193
1 243
1 283
2 3
1 480
2 486
2 181
2 367
1 391
2 85
2 236
1 120
2 117
1 454
2 336
1 379
1 318
2 249
1 453
2 411
1 409
2 26
-1
