1000
399
25853
22886
12025
11825
21691
9420
20623
17285
45555
38420
49091
23088
10165
1349
8168
13964
17008
44447
4919
44051
11559
24938
25602
46615
21121
48357
14441
17556
19974
7185
34306
12178
30070
46330
24002
1760
5749
10977
35396
17655
15748
34486
40743
25913
35834
15262
39876
2842
26060
11147
13244
37618
36084
5197
34232
23556
3554
15025
7463
23527
38561
41768
35704
18630
38097
26057
36741
10197
37033
22136
44204
2781
6621
34946
45045
8807
207
1272
28000
26266
12418
41243
30236
14854
46440
14467
4761
16345
45843
12224
39871
34403
3991
41926
19384
8440
34334
6124
34988
37719
28259
29191
6851
1232
14136
1895
10038
30694
3166
38037
23312
31936
45631
3547
13141
8422
34365
17901
24766
46560
30124
30988
47314
467
22913
16698
8906
23599
39173
10245
11317
33784
39436
18167
35015
19923
20061
11404
16969
39578
49440
40280
37865
11422
10178
17357
19844
10894
35258
44609
7453
31733
25597
4767
32199
14861
37816
7456
38459
26988
17701
16127
10771
7136
34293
45785
43410
20705
23540
10378
26635
39331
657
14499
753
27186
48208
20596
38080
33465
31556
45532
15197
23504
16650
13748
4717
4465
21203
9527
31453
38903
25654
8575
12390
9946
4360
5800
47003
27899
16177
39989
33582
33186
20839
34334
10371
19046
21281
48450
2510
2836
10334
34059
26340
26983
14158
31056
31448
35360
40582
29252
40615
32587
37826
19356
8885
8537
25155
5887
2788
7684
45875
36369
40869
16713
20702
17591
35759
41982
32393
4620
11169
42726
5030
37508
36060
19187
34915
33859
4547
41849
13110
11513
24435
936
30868
33319
25824
22375
5557
28611
30058
1431
31331
37278
34496
2032
21220
36606
10365
3612
41225
21534
12689
46255
25393
48749
31793
26660
32607
2691
34860
12069
14203
9294
29356
11423
8965
5179
33797
14521
142
30206
32304
31472
17483
16799
49856
38702
3404
26572
8666
10980
14457
21354
23586
39850
36454
5379
32861
35413
8069
17720
47481
38624
43365
26836
46
2329
32014
33842
16850
32155
14047
49153
29979
47881
15951
29834
2934
35706
6405
11599
13037
20862
49305
2975
27063
2110
24705
26275
37522
49125
43994
35002
37748
37358
11837
4145
39687
10203
4338
6536
8709
18384
22040
38687
32616
37990
34872
35550
40047
7629
13500
19435
28490
29156
22409
21904
31266
47113
48178
18787
46238
42171
3789
337
45880
31977
4482
35566
8531
8819
8453
33592
43555
30492
38630
42522
34833
23502
28071
41231
31130
7923
10666
25971
37078
49426
47874
18343
12891
46051
37130
25480
4573
7270
25816
452
5598
46649
2370
30481
5468
27174
14072
15374
7666
19053
7895
8850
42554
2318
81
40035
10240
10746
32357
47317
26523
30230
32012
39413
42632
35493
14892
13556
9114
40708
14008
31063
37356
32729
11543
9175
9902
41966
24548
17567
11019
32443
26417
19924
34760
42849
26311
11351
19946
8667
25019
46468
5249
7030
35881
14232
8874
17124
27788
17987
7831
8147
49050
11539
40875
26944
37065
776
35262
11613
34695
12632
10407
27463
48907
11518
20311
25217
39220
40256
236
14238
36723
21836
37620
38955
36067
46493
6079
13854
14480
30261
22000
29881
41799
29226
23176
45216
30002
8437
23180
14696
37420
33586
8510
36327
11455
28820
27895
674
19075
44482
31263
22149
16317
18882
27456
18736
15375
33534
32589
46206
13794
20941
26086
21945
166
49261
17160
46519
24050
6691
27566
11469
6628
36075
14147
18082
31246
42042
35107
16672
2875
16369
38821
19192
35251
16276
37927
625
16161
36867
46830
46306
24159
39267
34602
40677
4879
18113
37195
28928
24803
14761
6749
31430
17187
37247
49511
48433
45640
969
15104
48515
17338
20276
17706
2588
2903
21984
19564
35415
8850
32745
31721
49361
22011
16322
40037
26889
34435
27231
22169
9237
8343
45269
40667
41882
32515
6529
40314
28155
7498
21769
26669
41187
8397
44374
43774
11299
32709
29689
13066
7910
12433
44786
7270
34443
11107
47306
27683
11893
40889
49851
21130
49231
45119
28148
7464
27634
1028
47777
5788
8525
35898
48808
16063
44294
9533
9836
21944
42241
5876
35009
150
18308
46146
7420
19102
7253
21077
46785
35497
11965
46635
22978
27548
8106
1125
35011
35739
2153
49140
7878
27029
35037
6685
43092
45682
32569
19279
33977
24809
25155
35338
41310
9814
31483
48729
28916
5087
36158
42052
40584
48122
38686
13561
25669
46791
31038
10680
48881
33190
9819
6758
26570
11207
29794
36013
6888
28714
5292
40864
3522
46798
26201
11184
22963
24036
26264
1878
29122
12421
10281
19705
10543
48967
49618
36211
12109
30655
13242
10990
30196
23060
34099
6765
34266
30245
42778
7505
8958
14421
48369
28832
27570
40921
40015
532
31308
16278
18762
10430
28699
29042
46486
5593
44360
46103
41803
6469
26757
5045
33810
6952
44456
17908
30069
28722
14504
22846
36226
23462
3618
946
18645
31187
8219
25011
48070
39526
7640
33183
49955
36338
12225
12793
8282
22936
8895
85
29404
35652
21481
13213
8955
15936
47473
39023
11009
11976
28220
13587
1789
31837
30884
20433
29375
39102
11795
43797
44980
19435
26979
11286
22124
5555
24078
30406
28491
32973
46842
7894
34976
34674
37459
43930
16961
1283
49305
27970
13258
27524
7908
31399
25713
38791
18183
5087
44245
29978
48883
39224
49412
25862
509
21535
31416
24587
18292
26258
23911
15133
504
25238
49806
37962
35519
16767
39244
34823
11088
18853
28699
18995
251
4411
24137
18434
9497
18381
14763
24732
7604
14174
16945
24465
2060
14712
15403
36704
40970
39313
1836
41473
30902
17994
45786
16420
34760
1381
1243
12199
20233
46293
47545
36836
703
21681
21621
26551
40062
2735
1282
47665
16908
34578
38481
35319
49290
3883
22022
6611
9547
40210
48083
40448
8203
10220
6868
9314
11600
24462
37864
48184
20754
35408
35019
37808
7088
22991
14358
47149
25725
31992
11166
8984
16569
49646
10655
15858
19881
49028
38820
29427
39237
36902
36227
13791
47121
9446
39456
25072
259
27319
23256
21012
12726
24626
25171
36166
47617
39528
33314
39693
21519
10831
48677
4440
26829
9331
36649
46709
24710
25469
42487
13947
12370
28713
44089
25843
4510
33545
914
4768
27215
40521
42131
6293
15147
17301
42458
12763
6829
42123
2455
44699
2954
17483
