1000
47912
39817
3674
29112
18474
18240
25197
47071
1875
10992
12555
16291
27124
17080
23649
234
23109
18312
23031
30116
21896
1037
45076
47256
35007
45546
36810
47972
10788
23420
6302
25051
13236
26327
20514
48061
10918
45710
11483
12793
23054
40389
45435
177
7468
35435
410
30576
20098
39792
27043
8346
40828
22118
5601
42187
17664
8762
40158
44803
32181
12811
36205
11768
5490
6719
9828
32759
18780
21311
45551
41833
11699
7338
42009
19167
42772
42418
16094
12870
32209
43137
21215
39389
31606
26815
47927
15621
35576
38084
26775
34108
17246
12980
45875
39087
36050
5702
21846
4829
43364
33748
46662
21415
41085
38670
6933
33857
31088
39378
13078
29648
32514
644
35388
30472
43810
33314
12444
45737
37749
39219
29844
21347
18550
25718
26785
4599
47771
48630
9427
41135
32378
6088
28901
39814
44758
35833
40022
42197
25210
3099
38196
24076
20094
39936
20899
13903
23249
33342
9639
27350
22560
39482
48696
41109
15199
25480
12059
12970
40462
21486
20456
39191
43925
49356
29004
5034
1540
35378
47230
43101
38476
1778
17176
8570
41713
38074
38824
31313
21416
48463
8662
10327
37944
23709
17788
19495
15541
29846
48816
22354
17683
35623
27896
11608
34978
23251
16641
2869
8628
30223
45969
13456
32000
29497
22025
40064
33922
27200
21376
21689
25662
46390
32016
13606
36450
49803
49452
18342
46000
48267
7047
13683
33889
34942
25290
35218
8193
8282
4438
16820
38504
16758
30275
36855
46254
18651
26918
30176
45851
14646
1864
21512
27387
231
1469
30188
16385
17272
48530
12385
31890
5576
42419
32130
6870
17708
33699
15062
25989
38136
48233
30845
4894
28508
17699
17499
13510
10969
47674
25712
25614
15890
47224
3000
16120
15044
49539
32505
48668
48068
11241
30557
19996
3659
12687
26865
37718
46385
8278
30058
873
6510
10902
5766
35017
28601
23264
14879
39569
37290
40590
31534
3179
4165
885
35650
35561
423
34506
34228
14843
45746
14784
34838
15756
27470
28054
3473
40207
36331
33531
41079
42840
10784
13196
44209
39384
36459
9087
45304
23748
16028
43189
43278
20193
44073
28928
5753
44496
29785
39980
9338
25531
4763
10527
7638
48585
38580
27463
5143
24910
10993
46221
34101
21776
9416
28309
27512
12226
3747
39167
2326
19775
32356
45603
6319
26428
40882
12071
37275
37019
2050
46612
12549
23164
23490
36538
38100
12069
14000
43242
3330
41344
5814
37431
29472
15229
32091
6983
43807
2190
12501
46132
38316
44856
8086
44634
37636
15320
6704
24910
2338
25105
37874
31238
48268
27715
17775
2720
39784
48127
45961
43113
39470
1775
46895
18941
33355
45338
42275
43513
13879
4776
39644
2194
15983
14082
13179
3618
29401
19882
44880
48090
11338
49105
45679
25957
26819
13453
28676
32954
11579
40989
42419
17401
42763
5665
36341
42469
1002
28616
35982
14880
49743
41977
33425
15725
6058
46603
35695
1810
32836
30574
16251
44173
46030
11929
20130
39200
41734
15157
22154
19664
6145
14572
37064
15259
20236
23405
24080
37590
18372
10061
18821
18114
18389
2246
190
40799
15200
35884
42608
14388
32809
8859
8560
28838
37139
45041
34390
28872
26550
6543
48536
32694
21114
35599
14305
7701
25355
38384
45290
10078
14796
30463
28191
33184
32708
44733
23982
14259
30616
32942
28646
29777
8152
3558
24966
45290
14950
9355
24162
41499
15897
22697
40545
3362
24647
4849
11063
2
9584
22704
10079
24379
3166
4622
23914
2225
49354
14248
16484
46321
47189
11481
26097
21692
15038
1063
16981
46340
10417
7494
37838
42666
30190
44734
46027
4837
49582
23441
21190
25517
12497
47620
16247
32014
2241
40161
34239
17946
20760
17074
30619
17948
44906
6715
39639
26296
24129
22971
22635
898
30465
10472
43563
27006
5206
5941
48194
21139
45734
19383
46656
8230
17003
29254
40243
35595
19414
40833
3541
40173
24258
34159
24472
19164
7225
30462
45459
47706
19785
34445
14955
249
44916
24869
43606
16473
30809
41800
3964
26542
27534
16971
1123
10888
46224
7718
12835
31990
48550
32727
38514
39160
33237
29338
8323
40461
9799
20133
4518
45935
4577
19472
46183
15844
44340
6141
48669
41501
14292
2632
34394
8177
35954
35517
35417
48529
9586
48251
30518
24487
30977
35384
13646
14213
14721
38320
21025
24519
8452
25543
20454
29380
11366
32988
45224
22058
5480
10244
13558
19771
29227
47951
44300
15180
49819
29716
13708
25756
27966
10578
243
8942
45961
13888
39506
27033
2208
10530
17903
27011
2424
4708
6391
13790
4048
17966
35847
9527
28209
15756
45650
7435
30058
39949
38966
46229
19664
19025
21984
47629
29602
22226
22922
41914
36114
12427
18946
4673
22956
36849
31683
41732
41556
4425
5521
45603
22390
7719
21482
598
23474
17131
24384
19883
23431
13349
16111
43094
32374
38095
7074
11975
10320
46347
20241
12785
8773
5538
17457
48080
8738
15492
39811
16646
19916
11683
28600
42306
35753
81
9255
9226
33563
33639
45461
6993
13339
11571
16438
45712
16017
39863
24039
42689
36209
44279
21825
11333
16168
5634
9413
24906
21125
15575
41551
7392
43610
36502
49697
29362
36583
25304
4940
36497
25294
400
43490
38632
28322
26279
34344
44339
16142
24734
3379
2350
35364
25203
13683
1531
30836
39447
42788
1960
21373
690
9352
14982
37192
25400
10696
23774
17055
15635
26622
42348
32386
20111
47332
10707
12742
48027
21397
28883
22760
24775
31232
8123
16330
11266
9653
47165
712
18793
49125
38437
19482
24828
3418
6673
16579
30465
46798
33634
12451
23420
42333
44836
9882
39664
21895
22623
37690
9643
1505
10449
770
49089
34923
17099
10354
10928
14263
11066
29720
29739
49502
49201
20918
19271
5874
37497
16088
19023
37482
28538
42442
46166
23374
2324
35830
11620
41298
39871
21262
42803
16672
38383
8243
1594
5481
18596
28873
19744
46013
8592
15834
11866
7793
36752
47489
30018
40600
13576
49040
28081
42113
7834
24246
15486
26509
26427
43457
17806
32650
31071
26960
49321
19453
35202
17266
24934
3798
46139
11029
16162
21082
26862
28028
28874
29965
25516
25243
20564
39091
40635
14996
31203
48468
5594
13041
24976
32020
6497
9133
31021
37567
2445
30341
7020
37646
13959
48305
7795
26449
9333
23957
47530
36194
1984
42756
16159
43851
17998
3074
